0.1631513386964798, (605.1559925079346, 654.8280165195465)
0.1268349289894104, (604.202127456665, 654.5683960914612)
0.0931766927242279, (603.2135963439941, 658.2950947284698)
0.08957219868898392, (605.3580284118652, 659.99214220047)
0.07542264461517334, (609.4565868377686, 656.9495310783386)
0.0566694475710392, (602.3287296295166, 663.2046744823456)
0.05479839816689491, (597.1587657928467, 669.3185527324677)
0.05391222611069679, (602.7629375457764, 654.9219694137573)
0.05187873914837837, (604.8713684082031, 662.5442430973053)
0.047971002757549286, (592.069673538208, 669.9654769897461)
0.047467175871133804, (581.2596797943115, 680.097912311554)
0.041552137583494186, (601.1904716491699, 666.7445867061615)
0.04138396307826042, (595.9888935089111, 666.4607131481171)
0.04039422422647476, (589.4014835357666, 672.396909236908)
0.040115952491760254, (463.3350372314453, 800.3807506561279)
0.037330057471990585, (601.5631198883057, 664.571058511734)
0.035176511853933334, (609.5317840576172, 657.6269023418427)
0.034238167107105255, (578.8097858428955, 682.3491997718811)
0.0339789055287838, (598.4801769256592, 663.1703469753265)
0.03364821895956993, (602.9114246368408, 657.7328698635101)
0.03357212617993355, (462.83369064331055, 800.9809596538544)
0.03306617587804794, (556.9271564483643, 698.6176769733429)
0.032752931118011475, (591.1930084228516, 686.4405908584595)
0.03247639536857605, (459.2794895172119, 803.2700073719025)
0.03202153742313385, (602.5640964508057, 668.4882748126984)
0.031541187316179276, (607.2766304016113, 662.7156567573547)
0.03148927167057991, (572.2004890441895, 684.0368444919586)
0.03137334808707237, (571.5433120727539, 696.4240000247955)
0.03053056076169014, (684.0208530426025, 526.7174245119095)
0.030272245407104492, (567.1806812286377, 699.0411739349365)
0.030220123007893562, (464.74480628967285, 797.3347067832947)
0.030151549726724625, (648.1851577758789, 611.8174785375595)
0.02936243824660778, (576.901912689209, 705.7057847976685)
0.029032429680228233, (710.523796081543, 516.3482786417007)
0.0288709606975317, (599.2744445800781, 657.3275814056396)
0.028813660144805908, (619.1070556640625, 667.4210624694824)
0.028608184307813644, (610.5642795562744, 653.8332650661469)
0.028547681868076324, (527.2657871246338, 662.2526831626892)
0.028502844274044037, (369.5927619934082, 607.2919564247131)
0.02827826887369156, (556.3427448272705, 605.2009261846542)
0.028201233595609665, (647.4162578582764, 602.1340246200562)
0.02818310260772705, (370.74410915374756, 607.2703897953033)
0.0280082356184721, (600.3376960754395, 658.7876944541931)
0.027929363772273064, (641.9211387634277, 647.232980966568)
0.027390306815505028, (632.7780246734619, 754.7281513214111)
0.027349965646862984, (643.2154178619385, 608.5310301780701)
0.027121126651763916, (557.1526527404785, 726.1702027320862)
0.02710176631808281, (602.3609638214111, 655.7403819561005)
0.026994870975613594, (686.6476058959961, 575.998553276062)
0.026877598837018013, (649.5160102844238, 596.6762121915817)
0.02664976567029953, (605.728006362915, 658.2780055999756)
0.02655549719929695, (710.1449012756348, 677.2181329727173)
0.026262126863002777, (561.2016677856445, 759.8113088607788)
0.025996120646595955, (585.7629299163818, 657.3129549026489)
0.025953559204936028, (594.5028305053711, 683.6442422866821)
0.025692319497466087, (605.702543258667, 656.7590134143829)
0.025658590719103813, (606.745719909668, 645.2493734359741)
0.0255917776376009, (616.2336349487305, 652.6742639541626)
0.025374189019203186, (613.9362335205078, 658.2841248512268)
0.02536153979599476, (560.0242137908936, 603.0700461864471)
0.02525746077299118, (539.5017147064209, 690.2532575130463)
0.025177929550409317, (534.481954574585, 702.1894540786743)
0.02516433224081993, (673.6126899719238, 581.851579785347)
0.024815624579787254, (641.1620140075684, 605.2708871364594)
0.02462516352534294, (622.4815845489502, 637.5807576179504)
0.024577487260103226, (618.2185173034668, 259.20879650115967)
0.024558724835515022, (697.6474285125732, 554.8432569503784)
0.024551665410399437, (604.1561126708984, 657.5190691947937)
0.02455049939453602, (372.491455078125, 609.7148067951202)
0.024439796805381775, (615.4914379119873, 648.4603385925293)
0.02429461106657982, (648.3327865600586, 621.82883477211)
0.024198919534683228, (461.9220733642578, 803.7802932262421)
0.024155186489224434, (453.8688659667969, 798.0128989219666)
0.02398483082652092, (464.5912170410156, 802.6300978660583)
0.023981330916285515, (487.7596855163574, 682.3493490219116)
0.023946812376379967, (544.8161125183105, 551.1878998279572)
0.02393438294529915, (478.1722068786621, 716.9162530899048)
0.023915356025099754, (554.0325164794922, 610.7029912471771)
0.0238517876714468, (644.7228908538818, 618.363025188446)
0.023814059793949127, (376.1344909667969, 612.0311299562454)
0.023760903626680374, (369.81329917907715, 607.398483633995)
0.02375899627804756, (553.7754535675049, 696.9930157661438)
0.023602580651640892, (649.5485782623291, 609.3445547819138)
0.023558417335152626, (548.6404418945312, 729.0000579357147)
0.023549407720565796, (579.5833110809326, 693.4634764194489)
0.023327689617872238, (505.74536323547363, 654.8488368988037)
0.02322552539408207, (686.5121841430664, 576.9359927177429)
0.02316868118941784, (398.4351634979248, 464.1423716545105)
0.02315022423863411, (459.4343662261963, 806.9699156284332)
0.02287355810403824, (598.6600399017334, 662.0202262401581)
0.022823767736554146, (514.3608570098877, 652.9429886341095)
0.0227250587195158, (565.7810688018799, 699.4717602729797)
0.02271106280386448, (568.3116912841797, 733.0033915042877)
0.022634737193584442, (593.6283111572266, 664.1627104282379)
0.02258545346558094, (582.0600032806396, 651.7324216365814)
0.022502651438117027, (573.3808517456055, 616.299195766449)
0.022501349449157715, (689.9476051330566, 546.1479128599167)
0.022441670298576355, (545.6656455993652, 675.3603432178497)
0.0224179457873106, (582.1072578430176, 713.3560428619385)
0.022257542237639427, (518.507194519043, 680.131941318512)
0.022230392321944237, (473.3734607696533, 693.5701155662537)
0.022194163873791695, (649.1583824157715, 559.0283024311066)
0.022084753960371017, (561.6334915161133, 695.5089480876923)
0.022032245993614197, (553.1265735626221, 744.0722961425781)
0.021923933178186417, (638.9957427978516, 606.7618203163147)
0.021903974935412407, (605.4155826568604, 653.9410982131958)
0.02180013805627823, (649.9173641204834, 530.2420386075974)
0.021760059520602226, (610.6194019317627, 658.2335290908813)
0.021753082051873207, (461.83199882507324, 802.709573507309)
0.021672872826457024, (575.1961708068848, 706.2234585285187)
0.021671999245882034, (510.40992736816406, 658.6513545513153)
0.02161549963057041, (616.912031173706, 654.5454115867615)
0.021579038351774216, (661.2105369567871, 596.8712819814682)
0.021527795121073723, (565.8490180969238, 764.7335002422333)
0.021520964801311493, (612.6573085784912, 640.4071054458618)
0.021442541852593422, (561.8556022644043, 762.7008640766144)
0.02123529650270939, (462.57481575012207, 794.0273261070251)
0.021083379164338112, (523.2487201690674, 724.9597103595734)
0.020968910306692123, (692.722225189209, 565.0033408403397)
0.020920997485518456, (663.2088661193848, 591.2381753921509)
0.0207633376121521, (613.382625579834, 716.3362674713135)
0.020726926624774933, (618.4367656707764, 652.9018702507019)
0.02069356106221676, (371.70002460479736, 606.5260798931122)
0.020462781190872192, (371.8523979187012, 634.1082317829132)
0.020345589146018028, (598.6767768859863, 660.669214963913)
0.020313650369644165, (603.9841651916504, 693.4041495323181)
0.020295031368732452, (702.9847621917725, 554.7752735614777)
0.02021070010960102, (710.4491710662842, 677.3825318813324)
0.02017568051815033, (373.8210439682007, 609.8301770687103)
0.020148364827036858, (548.3717441558838, 555.4563760757446)
0.020147254690527916, (614.2812728881836, 657.1756448745728)
0.02012031152844429, (613.2944107055664, 656.0314195156097)
0.02009863778948784, (485.44440269470215, 708.9276452064514)
0.019948631525039673, (533.5898876190186, 768.1720716953278)
0.019910182803869247, (712.3743057250977, 672.7477960586548)
0.01988474279642105, (720.0233936309814, 520.091432094574)
0.019861461594700813, (582.4787139892578, 745.60546708107)
0.01985149458050728, (596.1639404296875, 664.5456113815308)
0.019684353843331337, (575.6580829620361, 758.5852944850922)
0.019645238295197487, (506.6779613494873, 659.2226090431213)
0.019565416499972343, (628.333330154419, 621.3319067955017)
0.019463257864117622, (469.6615695953369, 681.4175810813904)
0.01943463645875454, (478.42745780944824, 674.7322244644165)
0.019400950521230698, (376.53465270996094, 638.9464700222015)
0.019390059635043144, (698.2729434967041, 678.7999594211578)
0.019388282671570778, (635.1304531097412, 646.3745694160461)
0.019299568608403206, (461.44704818725586, 802.5796513557434)
0.019288893789052963, (379.6100616455078, 447.8871030807495)
0.019242463633418083, (603.0529499053955, 647.4758853912354)
0.019206231459975243, (624.7116565704346, 655.8624684810638)
0.019066082313656807, (652.5461673736572, 632.9843044281006)
0.01906375028192997, (560.0251197814941, 698.191792011261)
0.0190610121935606, (540.9652233123779, 624.9635331630707)
0.019031228497624397, (484.42211151123047, 658.3468844890594)
0.019022084772586823, (615.9456253051758, 651.6189169883728)
0.01900593191385269, (544.0135955810547, 554.731543302536)
0.018955128267407417, (463.4995460510254, 685.4910621643066)
0.01893313229084015, (463.77553939819336, 802.5357718467712)
0.018930768594145775, (655.4315090179443, 712.1480131149292)
0.01890970580279827, (618.2491302490234, 731.9559547901154)
0.018872596323490143, (528.7679195404053, 642.0337069034576)
0.018839452415704727, (617.6458835601807, 253.37629187107086)
0.018821045756340027, (645.8412647247314, 692.1655235290527)
0.018760167062282562, (573.1124877929688, 699.0015480518341)
0.01870245672762394, (460.7118606567383, 797.4883596897125)
0.01864691823720932, (546.9463348388672, 554.0806639194489)
0.018630212172865868, (529.8985958099365, 731.3998491764069)
0.018566876649856567, (646.2260723114014, 595.8549638986588)
0.018556009978055954, (703.2973289489746, 567.8451733589172)
0.018553396686911583, (656.0559272766113, 712.7537443637848)
0.018509715795516968, (467.66114234924316, 807.0602865219116)
0.018342727795243263, (714.157772064209, 523.0969172716141)
0.018253598362207413, (602.7818202972412, 658.4679262638092)
0.018249958753585815, (523.5211372375488, 676.9075436592102)
0.01818234473466873, (466.87679290771484, 793.5941278934479)
0.018144937232136726, (712.3278617858887, 563.3517400026321)
0.018130864948034286, (461.54370307922363, 804.6692264080048)
0.018071597442030907, (541.4773464202881, 550.9880167245865)
0.018008342012763023, (457.0221424102783, 797.8341720104218)
0.017983095720410347, (667.2462940216064, 608.3990185260773)
0.0179755836725235, (573.9123344421387, 695.7546882629395)
0.01794397085905075, (436.7678642272949, 708.783618927002)
0.017921172082424164, (713.3105754852295, 672.4071328639984)
0.01790018565952778, (487.87498474121094, 805.189213514328)
0.017886076122522354, (642.1168804168701, 625.0641276836395)
0.017883947119116783, (571.5457439422607, 694.0215969085693)
0.017823362722992897, (527.9178619384766, 632.7180423736572)
0.017815832048654556, (564.7897720336914, 759.4954211711884)
0.017812596634030342, (463.53745460510254, 736.907026052475)
0.01771697960793972, (532.1881771087646, 750.9815278053284)
0.01770920492708683, (571.4803218841553, 697.2061448097229)
0.017693359404802322, (558.0822467803955, 742.5020365715027)
0.017613518983125687, (698.5824584960938, 514.5479128360748)
0.017612693831324577, (700.4953861236572, 540.883229970932)
0.017595287412405014, (469.48680877685547, 792.5853469371796)
0.017538348212838173, (511.85808181762695, 705.4998943805695)
0.01752893440425396, (653.5687923431396, 601.5106445550919)
0.017504103481769562, (640.3175830841064, 606.6429426670074)
0.017502209171652794, (457.16681480407715, 799.4186849594116)
0.017441030591726303, (387.35785484313965, 455.50057101249695)
0.01737804338335991, (681.6981315612793, 577.2068442106247)
0.01737687923014164, (377.5608777999878, 611.1861509084702)
0.017332982271909714, (456.0448169708252, 799.8535249233246)
0.01719711907207966, (660.9019756317139, 713.0591099262238)
0.017179138958454132, (690.0506973266602, 573.1359376907349)
0.017163729295134544, (598.3184337615967, 667.9800038337708)
0.01715405471622944, (643.7923431396484, 609.7956629991531)
0.01712227240204811, (475.1729488372803, 681.0686345100403)
0.017095113173127174, (373.93157482147217, 611.1249957084656)
0.01708744838833809, (547.9972839355469, 566.6191962957382)
0.01706378348171711, (703.6792755126953, 564.5052934885025)
0.01704978384077549, (563.4169578552246, 708.6592936515808)
0.01704007014632225, (571.1147308349609, 651.4081013202667)
0.016981663182377815, (371.5898275375366, 614.6365504264832)
0.016974087804555893, (574.384069442749, 639.0413184165955)
0.01696726307272911, (478.45730781555176, 661.1805455684662)
0.01694491319358349, (545.2016353607178, 555.8223744630814)
0.01692758873105049, (481.5425395965576, 456.36831068992615)
0.01690426841378212, (486.76700592041016, 702.9211523532867)
0.016893256455659866, (736.8497371673584, 529.7815276384354)
0.016885021701455116, (638.3883953094482, 658.2750952243805)
0.016822943463921547, (737.2779846191406, 530.8594113588333)
0.01680811308324337, (632.3521614074707, 756.1856524944305)
0.016790300607681274, (465.48237800598145, 778.4236831665039)
0.016742734238505363, (494.32945251464844, 712.3341279029846)
0.016728805378079414, (532.2663307189941, 664.550014257431)
0.016717663034796715, (514.3453598022461, 650.0896265506744)
0.016707248985767365, (633.4903717041016, 754.7187485694885)
0.016694752499461174, (490.5599117279053, 656.7360289096832)
0.01669209823012352, (458.49523544311523, 476.64646458625793)
0.016580501571297646, (487.27736473083496, 665.6484198570251)
0.016561709344387054, (707.1167945861816, 550.0793452262878)
0.016549738124012947, (566.5290355682373, 701.3252217769623)
0.016548240557312965, (667.1942710876465, 593.7875897884369)
0.016524720937013626, (372.42000102996826, 611.001118183136)
0.016500961035490036, (378.54790687561035, 606.3306369781494)
0.016428101807832718, (425.76446533203125, 682.0398044586182)
0.016410905867815018, (571.8029022216797, 695.1299276351929)
0.016383718699216843, (395.3516960144043, 474.01167917251587)
0.016380006447434425, (643.267822265625, 605.9289305210114)
0.01637108251452446, (495.7509517669678, 759.1430418491364)
0.016340818256139755, (541.4500713348389, 544.8953319787979)
0.0163315087556839, (607.7471256256104, 658.3715107440948)
0.016317931935191154, (697.5167751312256, 675.5632486343384)
0.016308091580867767, (569.4461822509766, 625.3360985517502)
0.016307594254612923, (620.127534866333, 249.00826585292816)
0.016302233561873436, (485.86740493774414, 667.1159207820892)
0.01629900559782982, (610.3548049926758, 260.21970427036285)
0.016288474202156067, (466.3768768310547, 816.390353679657)
0.0162837915122509, (540.705156326294, 566.9088532924652)
0.016282983124256134, (375.5268096923828, 608.1043989658356)
0.016235703602433205, (729.2910099029541, 529.2415037155151)
0.01615316793322563, (487.1013641357422, 784.7549440860748)
0.01612507924437523, (559.4937801361084, 675.5088469982147)
0.016111019998788834, (499.5917797088623, 786.567361831665)
0.016104530543088913, (521.552038192749, 661.7184426784515)
0.016089288517832756, (539.0254497528076, 551.6264337301254)
0.01602431945502758, (477.7751922607422, 797.6276845932007)
0.016006119549274445, (390.29271602630615, 455.6568731069565)
0.01594609022140503, (446.1077690124512, 485.27766847610474)
0.015921931713819504, (430.95149993896484, 480.9141945838928)
0.01589933969080448, (638.5276794433594, 608.0530569553375)
0.01589837111532688, (652.4402141571045, 588.6557767391205)
0.015896020457148552, (521.9740867614746, 697.6653871536255)
0.0158485509455204, (592.9556369781494, 645.3895938396454)
0.015840796753764153, (368.7769412994385, 607.7908246517181)
0.015818770974874496, (472.9732036590576, 762.3719170093536)
0.015752511098980904, (380.59678077697754, 610.4531466960907)
0.015739472582936287, (473.08545112609863, 639.0754220485687)
0.0157262422144413, (696.5029239654541, 569.2461833953857)
0.015691567212343216, (468.54376792907715, 683.5106635093689)
0.015679199248552322, (622.5584506988525, 249.5001939535141)
0.015668846666812897, (565.6037330627441, 764.4336569309235)
0.015653345733880997, (465.65680503845215, 685.8690378665924)
0.015634415671229362, (527.2243022918701, 781.954715013504)
0.015634004026651382, (566.1491870880127, 765.0468506813049)
0.015593371354043484, (558.5598468780518, 700.4549448490143)
0.015555012971162796, (659.7842216491699, 712.7671022415161)
0.01554892398416996, (670.2057838439941, 585.8661817312241)
0.01552269235253334, (658.3556652069092, 595.4117286205292)
0.015489958226680756, (493.75338554382324, 662.0701503753662)
0.01546041015535593, (461.5409851074219, 793.9088962078094)
0.015427912585437298, (488.6366367340088, 788.3953015804291)
0.015421895310282707, (654.6387672424316, 604.9083961248398)
0.015403509140014648, (478.9998531341553, 737.5409655570984)
0.015387013554573059, (609.0771198272705, 286.1879036426544)
0.015361690893769264, (546.2019920349121, 594.9078978300095)
0.015340588986873627, (707.2861194610596, 677.7252099514008)
0.01533273234963417, (449.91960525512695, 482.7434402704239)
0.015325871296226978, (727.8458595275879, 539.4083411693573)
0.015310178510844707, (465.137243270874, 471.3387976884842)
0.015283473767340183, (519.7918891906738, 645.7067501544952)
0.015278522856533527, (685.1729869842529, 560.9860897064209)
0.015249716117978096, (656.5348148345947, 709.8084442615509)
0.015238293446600437, (695.806884765625, 572.8089681863785)
0.015226511284708977, (655.7417869567871, 601.9130972623825)
0.015211033634841442, (569.5741176605225, 725.9217014312744)
0.01520503405481577, (380.6450366973877, 592.8031738996506)
0.015200871974229813, (721.7075347900391, 536.5012117624283)
0.01518924068659544, (709.9471092224121, 501.87378680706024)
