0.39070025086402893, (204.9450159072876, 425.9329090118408)
0.18563583493232727, (200.50334930419922, 429.86220544576645)
0.15319699048995972, (199.79702234268188, 431.26966136693954)
0.1519027054309845, (124.59561824798584, 885.0262109041214)
0.1290597915649414, (201.363205909729, 428.5249142050743)
0.12180760502815247, (196.9533920288086, 435.0216879248619)
0.11670410633087158, (199.71083402633667, 426.75009712576866)
0.11321696639060974, (126.49248838424683, 886.2678433060646)
0.09974400699138641, (123.20303916931152, 884.3639574050903)
0.09948871284723282, (207.43329524993896, 427.91528421640396)
0.09503322839736938, (188.58754634857178, 438.6656058728695)
0.08866889029741287, (217.9373264312744, 422.47079488635063)
0.08799455314874649, (216.65418148040771, 435.53911527991295)
0.08757375925779343, (205.74438571929932, 428.675389200449)
0.08236254006624222, (199.7730016708374, 449.7447873055935)
0.07310156524181366, (201.75411701202393, 429.61863589286804)
0.06994190067052841, (178.63540649414062, 456.04072949290276)
0.06759157031774521, (210.6698989868164, 432.8256597816944)
0.06449633836746216, (207.98816680908203, 435.526405364275)
0.06326793134212494, (216.2325382232666, 449.439340531826)
0.06303597241640091, (203.91831398010254, 430.1421208977699)
0.06280520558357239, (196.73280715942383, 434.10928693413734)
0.06142207235097885, (124.83606338500977, 886.3299063444138)
0.06097526475787163, (210.04900932312012, 428.39361557364464)
0.06031620502471924, (211.70766353607178, 439.65701645612717)
0.06030918285250664, (210.29651165008545, 432.93321093916893)
0.060178738087415695, (200.94211101531982, 455.9522060453892)
0.06004563719034195, (191.4512276649475, 432.3198274374008)
0.05876435711979866, (213.2303237915039, 437.1957896053791)
0.058547839522361755, (125.43275356292725, 885.7635346651077)
0.0582018680870533, (125.84160566329956, 885.7079380750656)
0.058118414133787155, (126.97980403900146, 884.1505646109581)
0.05520543456077576, (203.37891578674316, 426.25719767808914)
0.054241400212049484, (158.48504304885864, 460.2408734858036)
0.05390908941626549, (200.954008102417, 431.04779529571533)
0.05367600917816162, (208.22441577911377, 426.48077327013016)
0.05156540498137474, (159.81374979019165, 433.48661255836487)
0.05084116384387016, (196.76759243011475, 431.196151971817)
0.049842119216918945, (203.6154270172119, 426.3362815976143)
0.04902695119380951, (188.93516063690186, 423.795859336853)
0.04880298674106598, (162.14463710784912, 424.4668834209442)
0.04862631484866142, (183.96481275558472, 434.79525074362755)
0.04783939570188522, (201.78940296173096, 435.84445056319237)
0.04730777069926262, (122.31037616729736, 888.6185830831528)
0.0461859367787838, (209.76247787475586, 429.4476094841957)
0.04593846946954727, (222.31736183166504, 435.14287808537483)
0.044556692242622375, (197.82251119613647, 426.73010316491127)
0.04344258829951286, (205.73265552520752, 425.03541058301926)
0.04327293857932091, (203.64360809326172, 428.81805986166)
0.04116455465555191, (145.19827365875244, 420.7877344787121)
0.040606189519166946, (194.71747875213623, 430.37547048926353)
0.03969490900635719, (211.2252950668335, 444.36503678560257)
0.03967926651239395, (214.83359336853027, 431.40107148885727)
0.03898333013057709, (207.4557065963745, 409.76619362831116)
0.037196334451436996, (205.19378185272217, 424.0665954053402)
0.036945268511772156, (119.44936513900757, 886.4054225683212)
0.036641497164964676, (120.0157880783081, 883.8838793635368)
0.03635251894593239, (127.44022607803345, 886.6109367012978)
0.03610406816005707, (212.28461265563965, 426.25764364004135)
0.03567567840218544, (157.12593793869019, 509.8080579340458)
0.035518188029527664, (231.892991065979, 435.31342136859894)
0.03496316820383072, (208.92746448516846, 429.06148076057434)
0.034495674073696136, (199.75225925445557, 448.8046251833439)
0.03443015739321709, (157.81519412994385, 454.9941682815552)
0.03338750824332237, (201.6551971435547, 427.43301352858543)
0.0325312539935112, (221.3967800140381, 437.99082827568054)
0.032292019575834274, (126.59084796905518, 884.9621410369873)
0.03125375509262085, (219.10431385040283, 500.9000794291496)
0.031034870073199272, (145.21485567092896, 475.2767408490181)
0.030801378190517426, (180.88467121124268, 447.7867541909218)
0.03057473711669445, (230.41789531707764, 440.16303461790085)
0.03028382547199726, (209.24992561340332, 427.09304186701775)
0.030214838683605194, (128.63386869430542, 885.1468436121941)
0.02961026132106781, (189.52218294143677, 462.06192195415497)
0.029368385672569275, (192.01112985610962, 443.5401186645031)
0.028823843225836754, (198.63264560699463, 441.4754634797573)
0.028504669666290283, (209.76319313049316, 459.04346564412117)
0.028265561908483505, (198.45491647720337, 433.0042303800583)
0.02795102261006832, (128.2184362411499, 885.8623895645142)
0.027678951621055603, (221.39520645141602, 422.85551139712334)
0.027360709384083748, (19.83565092086792, 189.70203167200089)
0.026588769629597664, (240.2508020401001, 425.68432238698006)
0.02652922458946705, (199.6467113494873, 492.0637521445751)
0.02638164348900318, (202.95650959014893, 436.7625375688076)
0.026087064296007156, (201.14965438842773, 428.0688437819481)
0.025521205738186836, (219.74666118621826, 449.47308498620987)
0.02547694928944111, (173.39903116226196, 496.3139553666115)
0.02520197443664074, (130.18501996994019, 885.7306821346283)
0.025133050978183746, (125.18963813781738, 888.2940714359283)
0.024814406409859657, (198.19159507751465, 432.47320118546486)
0.024619774892926216, (205.52284717559814, 450.38849622011185)
0.024508675560355186, (223.99885654449463, 431.0350110530853)
0.024249624460935593, (195.07031440734863, 482.5430962443352)
0.024197926744818687, (201.06804370880127, 887.8970166444778)
0.024186111986637115, (201.16591453552246, 505.0937198102474)
0.023991651833057404, (19.61553692817688, 184.89194180071354)
0.023685676977038383, (121.1013674736023, 888.1564178466797)
0.023441623896360397, (220.77572345733643, 443.5985025167465)
0.022966476157307625, (128.3522367477417, 888.3863855600357)
0.022766388952732086, (214.60795402526855, 492.7928256094456)
0.02271927520632744, (122.99810647964478, 883.8593514561653)
0.022495461627840996, (146.89159393310547, 502.7650179862976)
0.022142792120575905, (199.65161085128784, 884.9978179931641)
0.022098686546087265, (76.34672522544861, 714.8050608634949)
0.022043274715542793, (246.63453102111816, 468.5753820836544)
0.021894503384828568, (187.0824933052063, 498.9948556423187)
0.021858200430870056, (159.71505641937256, 889.743076145649)
0.021836377680301666, (136.98885440826416, 891.0234329104424)
0.02179364114999771, (179.8309564590454, 430.40995821356773)
0.021732689812779427, (202.24337577819824, 426.35192742943764)
0.021723710000514984, (193.15438270568848, 476.5413031280041)
0.0216012392193079, (216.5966033935547, 428.69854205846786)
0.02134980447590351, (201.9399642944336, 472.6932832598686)
0.021341655403375626, (125.38446187973022, 886.7532728910446)
0.021071666851639748, (217.44863986968994, 500.69549438357353)
0.020866092294454575, (103.04914712905884, 533.2810794711113)
0.0208594873547554, (198.42989444732666, 430.95243376493454)
0.02074844017624855, (200.33726692199707, 498.37474554777145)
0.02073751948773861, (198.96223545074463, 445.9891187250614)
0.02068786509335041, (168.81005764007568, 452.81683337688446)
0.02061987668275833, (137.47824430465698, 442.0898503959179)
0.020547837018966675, (232.63177871704102, 499.4725180566311)
0.02047155797481537, (234.7684144973755, 468.531975120306)
0.02042972296476364, (233.58726501464844, 502.95399436354637)
0.020428964868187904, (203.55942249298096, 427.6800764501095)
0.02040793001651764, (187.18661069869995, 480.31651970744133)
0.020331531763076782, (118.7792420387268, 888.7043564319611)
0.020097412168979645, (183.50300788879395, 496.5028202533722)
0.020081901922822, (90.53442478179932, 417.84587213397026)
0.019625524058938026, (18.954308331012726, 634.270501434803)
0.019585739821195602, (192.7812933921814, 454.28219002485275)
0.01955600269138813, (144.319486618042, 440.3894346356392)
0.019546741619706154, (19.84751522541046, 384.25531178712845)
0.01949402689933777, (200.51298141479492, 426.4006116092205)
0.019405601546168327, (204.04596328735352, 447.09476989507675)
0.01940510794520378, (95.45340538024902, 468.76305773854256)
0.019301604479551315, (233.11254978179932, 432.24449703097343)
0.01927162893116474, (212.61959075927734, 421.65817788243294)
0.019243314862251282, (204.48439121246338, 427.12329295277596)
0.019242411479353905, (141.47924184799194, 520.2284792363644)
0.019219279289245605, (19.6074977517128, 385.6758864223957)
0.019189756363630295, (211.07454299926758, 423.8398980796337)
0.019183360040187836, (185.03695726394653, 445.8208424150944)
0.019174281507730484, (113.68124485015869, 536.535746961832)
0.019112050533294678, (200.63254833221436, 425.8904682993889)
0.019010063260793686, (22.322669625282288, 189.01359649002552)
0.01898229867219925, (113.59894275665283, 893.4913863539696)
0.018972858786582947, (16.892722249031067, 175.1630774140358)
0.018934283405542374, (187.34222650527954, 467.5719305276871)
0.018920239061117172, (118.08391809463501, 882.5978737473488)
0.018725333735346794, (192.10731983184814, 889.838957965374)
0.018696699291467667, (158.88227224349976, 579.0099065601826)
0.018524322658777237, (196.62973880767822, 505.02032190561295)
0.018380476161837578, (235.6827974319458, 442.94985085725784)
0.01836594194173813, (131.89064264297485, 507.87295469641685)
0.01821114309132099, (197.39282131195068, 473.8722580075264)
0.018193427473306656, (179.70244884490967, 444.3228933811188)
0.018191801384091377, (142.13900566101074, 445.2003235220909)
0.01819084770977497, (26.70656442642212, 190.330317735672)
0.01804628223180771, (208.4916114807129, 449.64593240618706)
0.018046224489808083, (225.34875869750977, 405.30594232678413)
0.01798265613615513, (216.44961833953857, 501.4541499912739)
0.017884232103824615, (196.38898372650146, 511.3188283741474)
0.01783348247408867, (139.31825160980225, 890.4746767282486)
0.017812445759773254, (220.91970443725586, 483.47233229875565)
0.017779890447854996, (115.35204648971558, 420.38339564204216)
0.017738020047545433, (202.37433910369873, 426.96003371477127)
0.01771104522049427, (203.1935453414917, 474.4196763038635)
0.017690269276499748, (228.80256175994873, 446.82656094431877)
0.017684543505311012, (136.33410930633545, 888.061353623867)
0.017678629606962204, (201.93119049072266, 429.43319004774094)
0.01767762005329132, (212.13867664337158, 475.45969673991203)
0.017519189044833183, (113.69422674179077, 489.79224494099617)
0.017467623576521873, (159.90068912506104, 399.8395265340805)
0.01745459996163845, (191.41322374343872, 484.81333988904953)
0.01740795001387596, (145.4533338546753, 873.5122908949852)
0.01740374229848385, (210.2745532989502, 489.3292249441147)
0.017402006313204765, (119.74679231643677, 423.1799487173557)
0.017398394644260406, (128.82182598114014, 882.8630724549294)
0.017381267622113228, (158.88760089874268, 455.6716216504574)
0.017361966893076897, (175.48370361328125, 487.3953481018543)
0.017251821234822273, (189.85888957977295, 485.6282981932163)
0.01719238981604576, (142.06578731536865, 530.4333522617817)
0.01717401295900345, (205.02681732177734, 471.63352900743484)
0.017127802595496178, (192.40926504135132, 885.0899091362953)
0.017065413296222687, (98.23776483535767, 523.8391358554363)
0.016943855211138725, (200.41701793670654, 800.7079616189003)
0.016897382214665413, (181.52308464050293, 425.1049434840679)
0.01685238629579544, (163.42666149139404, 881.3702148199081)
0.016839884221553802, (181.14871978759766, 428.9389898777008)
0.016820672899484634, (140.71165323257446, 448.60204696655273)
0.016817068681120872, (70.32329440116882, 475.0685137808323)
0.016811242327094078, (39.99396860599518, 478.49116027355194)
0.01678561605513096, (52.93130278587341, 484.58872371912)
0.016709474846720695, (255.46326637268066, 450.1999658048153)
0.016698259860277176, (26.0509192943573, 636.7134810090065)
0.016526898369193077, (107.62937068939209, 439.8661726117134)
0.01651330292224884, (105.21106719970703, 671.6852226853371)
0.016509337350726128, (31.780940294265747, 466.8810983002186)
0.01649935357272625, (181.5373420715332, 507.3203335106373)
0.01628933846950531, (55.88122010231018, 323.22296583652496)
0.016232861205935478, (215.44134616851807, 491.786772608757)
0.01619519665837288, (197.9257106781006, 469.8384578227997)
0.016172124072909355, (163.43553066253662, 497.4490028619766)
0.01617204025387764, (194.10914182662964, 462.2634224295616)
0.016169462352991104, (128.99634838104248, 523.9521872103214)
0.016147704795002937, (12.929224967956543, 187.21964021027088)
0.016143115237355232, (207.95533657073975, 469.647586107254)
0.016073083505034447, (185.96186637878418, 496.57082945108414)
0.016069313511252403, (80.5716872215271, 525.054122030735)
0.016026077792048454, (193.79642009735107, 468.43371483683586)
0.01602395810186863, (225.6185531616211, 491.5678424537182)
0.015952562913298607, (196.06454372406006, 421.15212255716324)
0.01593632809817791, (19.341719150543213, 177.75391195714474)
0.01593133993446827, (152.35750675201416, 539.2112956941128)
0.015918174758553505, (211.31954193115234, 523.83835542202)
0.01591121405363083, (205.18510341644287, 450.51306825876236)
0.015911057591438293, (52.054768800735474, 568.497840076685)
0.015820136293768883, (212.8770351409912, 448.3893231153488)
0.015791073441505432, (170.38700580596924, 446.54274332523346)
0.015761051326990128, (42.09768772125244, 468.8244889974594)
0.015750594437122345, (133.85432958602905, 888.2355760931969)
0.01574809104204178, (18.798676133155823, 188.3043683320284)
0.015745969489216805, (34.38079357147217, 226.69805039465427)
0.015738993883132935, (24.83951896429062, 188.30115368962288)
0.015693334862589836, (196.38772010803223, 889.9468807578087)
0.0156797356903553, (284.8123550415039, 579.8111143708229)
0.015668177977204323, (215.8385992050171, 425.5079444348812)
0.015624567866325378, (228.3405303955078, 508.86741268634796)
0.01558834407478571, (204.62520122528076, 430.7666906118393)
0.015570967458188534, (113.61308097839355, 465.48397383093834)
0.015566174872219563, (280.5349349975586, 588.3131560087204)
0.015563316643238068, (204.2370319366455, 418.44279220700264)
0.015531539916992188, (186.12840175628662, 512.6524032652378)
0.015504761599004269, (223.72887134552002, 468.2547726035118)
0.01549688819795847, (177.73597240447998, 484.54702627658844)
0.015476487576961517, (104.40418720245361, 668.3549274802208)
0.015466507524251938, (189.94357585906982, 512.3231718540192)
0.015465817414224148, (215.2254581451416, 411.59266796708107)
0.015316447243094444, (182.89071321487427, 450.93610033392906)
0.015315658412873745, (23.803886771202087, 197.75694070756435)
0.015309200622141361, (105.90866804122925, 670.6143937110901)
0.015307418070733547, (39.652061462402344, 467.56230518221855)
0.015279226005077362, (171.2450623512268, 448.7467616200447)
0.015201414935290813, (124.07809495925903, 886.7631583809853)
0.015155220404267311, (197.97470569610596, 552.0997447669506)
0.015149875544011593, (12.345749884843826, 468.2528029382229)
0.015139223076403141, (208.1711769104004, 445.2795560956001)
0.015123489312827587, (237.25850582122803, 450.5921521782875)
0.015065118670463562, (203.05912494659424, 486.0915040075779)
0.015004117973148823, (115.89674949645996, 521.1157577037811)
0.015000959858298302, (135.21044254302979, 447.0842526257038)
0.014982647262513638, (19.732624292373657, 643.2884467244148)
0.014977974817156792, (219.85325813293457, 454.79355973005295)
0.014966243878006935, (114.54581022262573, 884.8041961789131)
0.014952344819903374, (138.2136106491089, 530.0106918215752)
0.014933666214346886, (19.218632578849792, 636.3816109895706)
0.014911552891135216, (217.89166927337646, 469.56266751885414)
0.01489759236574173, (196.0325002670288, 804.9829528927803)
0.014896437525749207, (208.2731008529663, 435.87551924586296)
0.01487451046705246, (210.69738864898682, 484.8300634622574)
0.014864202588796616, (190.84157943725586, 893.1572865247726)
0.01484976802021265, (193.82123947143555, 423.57789543271065)
0.014843783341348171, (131.57188892364502, 886.428315281868)
0.014791327528655529, (201.63874626159668, 491.72273990511894)
0.014784281142055988, (201.34785175323486, 472.76129245758057)
0.014776574447751045, (176.50941610336304, 477.4014522433281)
0.014716681092977524, (127.94244289398193, 885.5668654441833)
0.014640206471085548, (201.93486213684082, 431.3595970273018)
0.014601331204175949, (219.93465423583984, 459.6645048260689)
0.014538639225065708, (117.61070489883423, 890.0949401259422)
0.014486386440694332, (22.87786602973938, 178.89869628846645)
0.014438370242714882, (173.03630113601685, 499.73496666550636)
0.01443701982498169, (218.96450519561768, 473.2350155413151)
0.01442725956439972, (68.00982356071472, 709.2838289141655)
0.014308225363492966, (205.6734561920166, 428.8271649181843)
0.01429157704114914, (249.01561737060547, 513.6502059698105)
0.014237361960113049, (221.3346242904663, 471.37680357694626)
0.014226771891117096, (178.64702939987183, 483.2138230204582)
0.014188557863235474, (162.7693772315979, 883.1014391183853)
0.014139354228973389, (20.61019390821457, 224.67639337480068)
0.014126637950539589, (190.7550573348999, 560.6583492457867)
0.014122393913567066, (204.6851634979248, 431.7109407186508)
0.014107311144471169, (40.26032090187073, 219.95384211838245)
0.01404530555009842, (114.25654888153076, 664.0328872203827)
0.014038987457752228, (123.31994771957397, 888.8174077868462)
0.014024644158780575, (214.07690048217773, 456.5012966990471)
0.013956845737993717, (140.83495140075684, 892.1370742321014)
0.013927570544183254, (210.36756038665771, 420.1426876783371)
0.01390429399907589, (200.85697174072266, 885.9185064435005)
0.013826889917254448, (128.07259559631348, 862.7573981285095)
0.013818069361150265, (110.43657064437866, 665.873074889183)
0.013801314868032932, (206.96358680725098, 434.53696444630623)
0.013748977333307266, (284.3557834625244, 589.3201009333134)
0.013746225275099277, (19.90661919116974, 357.14305490255356)
0.013739004731178284, (206.3349723815918, 462.3815280199051)
0.01373558770865202, (11.487491428852081, 241.93309551477432)
0.013715268112719059, (115.11415243148804, 517.4884518384933)
0.013710140250623226, (168.05803775787354, 467.8423692882061)
0.013696979731321335, (92.9915189743042, 521.8391823172569)
