0.11317787319421768, (40.286177672445774, 409.20101845264435)
0.09110043942928314, (51.76309457421303, 404.0441004037857)
0.09078238904476166, (40.4257083311677, 407.0753399133682)
0.08105875551700592, (72.21438311040401, 637.4828481674194)
0.07764611393213272, (51.622309029102325, 405.2802554368973)
0.062248773872852325, (166.76493382453918, 474.1130118370056)
0.06025434657931328, (47.54768895357847, 403.8967065811157)
0.059938494116067886, (166.95632782578468, 472.9981698989868)
0.05677343159914017, (42.28562469035387, 404.829261302948)
0.05478138104081154, (80.71046432852745, 653.3232579231262)
0.0547616109251976, (62.256974779069424, 411.1505230665207)
0.05321577191352844, (72.62010058760643, 422.6125066280365)
0.05264049395918846, (47.56924440711737, 409.25643503665924)
0.05163607746362686, (170.17366591095924, 474.64498722553253)
0.0512714646756649, (48.88664875924587, 399.80417597293854)
0.049761127680540085, (52.801679849624634, 406.5505893230438)
0.04928376153111458, (73.70477513968945, 653.750314950943)
0.049121592193841934, (70.04946582019329, 400.46977043151855)
0.048789069056510925, (72.7394101023674, 613.7656617164612)
0.04841582849621773, (81.59388846158981, 658.738442659378)
0.04782271757721901, (78.63091902434826, 640.6205542087555)
0.04651278257369995, (85.86586324870586, 659.156925201416)
0.04617898911237717, (63.350334256887436, 396.00821936130524)
0.04363837465643883, (72.30275729298592, 438.02030181884766)
0.04287885129451752, (95.44175831973553, 655.1414458751678)
0.0428648516535759, (94.98540061712265, 616.8934435844421)
0.04272323101758957, (77.68514768779278, 665.744115114212)
0.04267197847366333, (74.1953801214695, 659.6632962226868)
0.04252997040748596, (81.86100453138351, 658.7913583517075)
0.04232214763760567, (85.58257661759853, 642.4826864004135)
0.04209981858730316, (86.96095812320709, 536.5626590251923)
0.0420011505484581, (42.44182627648115, 412.399778008461)
0.04181887209415436, (73.37445409595966, 415.7066316604614)
0.040070790797472, (65.5170226842165, 388.7114907503128)
0.039601825177669525, (36.61482883989811, 411.7734832763672)
0.03869708254933357, (68.74639338254929, 659.6144692897797)
0.03859422355890274, (80.82326114177704, 660.0335472822189)
0.038399580866098404, (73.20269350707531, 404.9432702064514)
0.03758391737937927, (62.85029777139425, 403.71779358386993)
0.03694543242454529, (169.9549503326416, 473.93818759918213)
0.03683513402938843, (69.94234776496887, 656.3032093048096)
0.036461956799030304, (88.01464968919754, 662.941330075264)
0.03642747923731804, (47.95150027424097, 407.39303255081177)
0.03544604033231735, (49.888087809085846, 433.2486004829407)
0.0353817343711853, (42.584382958710194, 412.03790295124054)
0.0350390262901783, (96.43727239966393, 651.7155021429062)
0.03407619893550873, (36.892682924866676, 409.4179608821869)
0.03383301943540573, (49.43444637954235, 641.6730326414108)
0.033664342015981674, (64.67744015157223, 640.9041473865509)
0.03319811448454857, (80.95820908248425, 651.6601252555847)
0.03299443796277046, (41.995007298886776, 411.5399079322815)
0.03289321810007095, (174.02472162246704, 474.6112847328186)
0.03284353017807007, (75.90347111225128, 657.9686443805695)
0.032585714012384415, (74.24649688601494, 472.0907828807831)
0.03248852491378784, (116.56213162839413, 615.8036105632782)
0.032376330345869064, (128.02574117481709, 609.403272986412)
0.032089464366436005, (166.0885182917118, 473.7501046657562)
0.032085567712783813, (97.79539304971695, 635.1920313835144)
0.03182477504014969, (36.805670849978924, 412.3078007698059)
0.03176039829850197, (128.4924794882536, 611.2005407810211)
0.0317271426320076, (86.99695271253586, 656.3313939571381)
0.031231999397277832, (85.38772770762444, 483.13876962661743)
0.031137840822339058, (166.98526963591576, 473.7827750444412)
0.03106525167822838, (48.58353015780449, 411.28811180591583)
0.031037816777825356, (169.63171383738518, 476.388188123703)
0.030825268477201462, (99.42153519392014, 643.6937928199768)
0.030693165957927704, (130.2178609073162, 590.97713971138)
0.030589764937758446, (40.76114819943905, 414.8937624692917)
0.03047255240380764, (40.171157009899616, 412.60076236724854)
0.030382653698325157, (53.053836561739445, 643.7561166286469)
0.03032270073890686, (133.45751690864563, 639.0854036808014)
0.030231455340981483, (56.21430764347315, 647.5277788639069)
0.030004145577549934, (66.23920980095863, 650.245970249176)
0.029928114265203476, (169.67584136128426, 473.33372604846954)
0.02969859540462494, (43.153283320367336, 409.4536085128784)
0.029548488557338715, (77.6095844656229, 646.5631492137909)
0.029490910470485687, (73.49791744351387, 651.1174714565277)
0.02942592091858387, (169.28536519408226, 573.1341905593872)
0.02941625379025936, (116.96487073600292, 609.7979772090912)
0.029282912611961365, (172.923630297184, 474.34178388118744)
0.029134126380085945, (124.81504286825657, 614.8137735128403)
0.028995562344789505, (64.99120146036148, 418.95691752433777)
0.02895541489124298, (169.59679940342903, 474.08724868297577)
0.02886747010052204, (148.80212470889091, 470.4063330888748)
0.02885514125227928, (122.54097428917885, 550.4741667509079)
0.02878938615322113, (200.54166236519814, 780.8303074836731)
0.028667297214269638, (75.49414782226086, 658.9018342494965)
0.028478212654590607, (85.37606044113636, 650.686166882515)
0.028422439470887184, (167.6572851240635, 475.18478286266327)
0.028396349400281906, (88.08419263362885, 418.53641045093536)
0.028228597715497017, (116.28874906897545, 519.675328373909)
0.028200162574648857, (208.33916103839874, 777.96746134758)
0.02782675065100193, (207.60525900125504, 779.357004404068)
0.02775009535253048, (24.280602149665356, 618.050880074501)
0.027436047792434692, (163.29825457930565, 488.38941156864166)
0.027044478803873062, (52.93017862737179, 628.4295408725739)
0.026929866522550583, (136.48816284537315, 494.9593731164932)
0.026662304997444153, (66.1799680441618, 645.8422175645828)
0.026286913082003593, (87.8608546257019, 653.2544238567352)
0.02610875852406025, (121.06282931566238, 633.7942711114883)
0.02607736922800541, (98.50933603942394, 588.808509349823)
0.025939002633094788, (158.67021769285202, 473.8623272180557)
0.025917459279298782, (72.71271596848965, 650.3234581947327)
0.025859829038381577, (199.46053802967072, 776.9800457954407)
0.025855064392089844, (199.9799656867981, 788.9813883304596)
0.02584209106862545, (87.02404396235943, 658.4902192354202)
0.025791380554437637, (52.9018364623189, 407.1459206342697)
0.025610022246837616, (106.03709767758846, 613.5681309700012)
0.025421148166060448, (52.11707578599453, 619.6040925979614)
0.025416839867830276, (49.29619840532541, 647.5078511238098)
0.02540699578821659, (80.61008930206299, 661.8666214942932)
0.02539764903485775, (122.87548887729645, 606.4171289205551)
0.025375569239258766, (99.47455017268658, 477.6030260324478)
0.02522820420563221, (86.65282791852951, 635.7334942817688)
0.025129392743110657, (138.31762835383415, 541.0029723644257)
0.02507679909467697, (36.359161622822285, 412.9373506307602)
0.025074409320950508, (92.52122469246387, 645.1337109804153)
0.02487754449248314, (200.2700509428978, 782.8212554454803)
0.024750463664531708, (114.7758167386055, 525.5006196498871)
0.024737026542425156, (53.49855876713991, 430.9862462282181)
0.02456630952656269, (195.3658119738102, 788.0547087192535)
0.024541860446333885, (195.07196205854416, 784.1044907569885)
0.02445591241121292, (20.971125222742558, 422.63302981853485)
0.024341171607375145, (82.50141753256321, 662.5731432437897)
0.024246634915471077, (63.70525266230106, 382.4999109506607)
0.024235734716057777, (207.1215241253376, 787.0515732765198)
0.024222826585173607, (173.20723462104797, 475.8568081855774)
0.024205807596445084, (122.81790706515312, 609.995587348938)
0.024183642119169235, (132.53998051583767, 610.6706296205521)
0.0241124015301466, (165.1595211327076, 473.72156274318695)
0.023952748626470566, (132.56104354560375, 464.5605583190918)
0.023921718820929527, (75.53278720378876, 684.5134263038635)
0.023909492418169975, (121.37945780158043, 611.771696805954)
0.023815004155039787, (20.2460550442338, 420.31228172779083)
0.02375832200050354, (49.13803109526634, 412.92810130119324)
0.023702632635831833, (204.92282021045685, 789.2903079986572)
0.023673970252275467, (70.7485725581646, 392.97118413448334)
0.02366568334400654, (162.11303821206093, 471.27537310123444)
0.02360798604786396, (35.54730969667435, 412.29902780056)
0.023544566705822945, (98.96484391391277, 690.8021764755249)
0.023419613018631935, (85.03992561995983, 428.0649665594101)
0.023412752896547318, (112.22776198387146, 519.2487080097198)
0.023349083960056305, (53.067390128970146, 408.03794503211975)
0.02317548729479313, (69.85849276185036, 667.3156278133392)
0.023106250911951065, (77.74437355995178, 426.9852958917618)
0.023104919120669365, (83.13835179805756, 648.7632193565369)
0.02307078242301941, (51.90208515524864, 413.72302758693695)
0.022961830720305443, (145.2094644010067, 607.1603701114655)
0.02294590324163437, (117.65682938694954, 617.0346447229385)
0.022811004891991615, (67.13361816108227, 654.9137456417084)
0.022727524861693382, (116.7440266162157, 516.1893235445023)
0.02272007428109646, (99.42974755167961, 443.04082202911377)
0.022570088505744934, (76.83448562026024, 550.7179044485092)
0.022456100210547447, (87.06362053751945, 592.2815333604813)
0.022406263276934624, (81.42223112285137, 631.6268713474274)
0.022263677790760994, (102.16509807109833, 552.3710732460022)
0.02222575433552265, (12.157377060502768, 441.7327365875244)
0.021991437301039696, (176.52526542544365, 475.7866244316101)
0.021917061880230904, (55.47062464058399, 448.299681186676)
0.021810583770275116, (85.45017021894455, 534.250763297081)
0.021744392812252045, (54.26773661375046, 405.25977194309235)
0.021709073334932327, (115.58265309035778, 604.0453308820724)
0.021694203838706017, (123.71113201975822, 694.6970572471619)
0.021639255806803703, (123.84765253961086, 612.0905406475067)
0.02162211574614048, (28.935861334204674, 535.8348598480225)
0.02157561667263508, (27.133082017302513, 445.9691677093506)
0.021560290828347206, (12.472409140318632, 552.1361085176468)
0.021556509658694267, (76.14726853370667, 432.176353096962)
0.021457156166434288, (78.8054991364479, 434.55636835098267)
0.021446669474244118, (74.1022405475378, 386.9536814689636)
0.02144332230091095, (73.31944559514523, 594.3841481208801)
0.02125479467213154, (104.11361894011497, 452.90382277965546)
0.020973574370145798, (25.36734964698553, 630.7376257181168)
0.02094990760087967, (88.50857456028461, 447.06098556518555)
0.02091471664607525, (110.08705288171768, 449.94709396362305)
0.020894857123494148, (180.34998440742493, 484.1246370077133)
0.020881298929452896, (104.47584427893162, 665.8562979698181)
0.020765533670783043, (38.42069771885872, 623.3844881057739)
0.020657308399677277, (66.8086105287075, 622.9405996799469)
0.02051103115081787, (80.93539874255657, 381.84221613407135)
0.020411815494298935, (42.83897399157286, 414.2599650621414)
0.020375534892082214, (165.36891242861748, 474.2884712219238)
0.020359760150313377, (165.56103712320328, 473.5615453720093)
0.02031390555202961, (64.4646177738905, 662.4230103492737)
0.020282600075006485, (41.37515299022198, 434.4090142250061)
0.02026216685771942, (97.20993295311928, 632.5853877067566)
0.020225094631314278, (120.43094636499882, 518.1232273578644)
0.020219894126057625, (81.75065395236015, 670.7342276573181)
0.02021930366754532, (172.3408388197422, 567.979297041893)
0.020213862881064415, (27.536222212016582, 422.0323791503906)
0.02018163725733757, (114.97069741785526, 524.8349457979202)
0.02014574222266674, (49.65652950108051, 684.8220283985138)
0.020065946504473686, (170.94132280349731, 474.7042940855026)
0.02001318521797657, (197.82626295089722, 783.1537549495697)
0.020010383799672127, (99.54836608469486, 454.51753306388855)
0.019998474046587944, (115.2145663201809, 518.3589860200882)
0.019946593791246414, (76.31773452460766, 391.66671109199524)
0.019928792491555214, (13.457393690943718, 395.68774795532227)
0.01986175961792469, (57.73256529867649, 394.2821674346924)
0.01979118026793003, (100.86884014308453, 447.168484210968)
0.01977531798183918, (49.8238066509366, 462.0728062391281)
0.01973641663789749, (36.723205752670765, 410.4044634103775)
0.019725313410162926, (12.60901504009962, 679.4382040500641)
0.019690610468387604, (178.70052361488342, 476.51450300216675)
0.019671041518449783, (67.10200773179531, 629.5922570228577)
0.019652720540761948, (125.91854071617126, 611.475678563118)
0.019557969644665718, (35.523264326155186, 437.1955633163452)
0.019427217543125153, (12.015227422118187, 354.02769577503204)
0.01938571222126484, (68.19968385994434, 676.0045194625854)
0.01935693994164467, (26.775141559541225, 578.4713712930679)
0.019297601655125618, (93.61468344926834, 670.4671483039856)
0.019262662157416344, (19.593682896345854, 433.89795899391174)
0.019239183515310287, (35.800423458218575, 414.6917062997818)
0.01923089660704136, (176.42949694395065, 473.7869828939438)
0.019229698926210403, (144.87409204244614, 638.3837646245956)
0.019219566136598587, (55.463540092110634, 661.9564154148102)
0.01917683705687523, (29.10217349231243, 414.42085576057434)
0.019141096621751785, (173.3009698688984, 477.5426870584488)
0.019037626683712006, (12.938416760414839, 569.768347620964)
0.018959756940603256, (53.45811250805855, 670.781149148941)
0.018957938998937607, (83.06117628514767, 474.74133110046387)
0.018938837572932243, (127.55554795265198, 487.70492148399353)
0.018856383860111237, (38.25486209988594, 600.7053701877594)
0.018846387043595314, (174.6603930592537, 474.3020077943802)
0.01882338337600231, (48.6835874915123, 467.1359210014343)
0.01874404028058052, (19.85411947593093, 578.7036366462708)
0.018737073987722397, (174.4112425148487, 476.19419038295746)
0.01873118430376053, (53.24541323632002, 386.0947244167328)
0.018729452043771744, (52.150544717907906, 590.9653894901276)
0.018723050132393837, (29.599279262125492, 575.1279966831207)
0.018679847940802574, (115.61524042487144, 602.2103909254074)
0.018664443865418434, (123.23441815376282, 467.1872488260269)
0.018646305426955223, (216.65100428462029, 784.2096076011658)
0.01855573244392872, (62.14212487637997, 566.6325073242188)
0.01849224604666233, (90.55233971774578, 637.333906173706)
0.018412558361887932, (21.68154976516962, 410.5493166446686)
0.01837662234902382, (57.95241662859917, 633.3367667198181)
0.018359795212745667, (106.44930402934551, 663.7053723335266)
0.018091004341840744, (85.3920880407095, 469.52085864543915)
0.018077395856380463, (170.73301166296005, 568.9371782541275)
0.018044745549559593, (74.13768711686134, 719.9217653274536)
0.018023541197180748, (208.823293030262, 784.9563024044037)
0.01801927201449871, (66.7559053003788, 432.507026553154)
0.017999956384301186, (64.30578330904245, 644.164039850235)
0.017917873337864876, (47.85814228653908, 607.685795545578)
0.01788150891661644, (63.425266064703465, 641.6702935695648)
0.017876435071229935, (201.9545055925846, 612.0916918516159)
0.01786760613322258, (193.42092868685722, 613.1497675180435)
0.01782992295920849, (12.24300915747881, 567.2660665512085)
0.017823370173573494, (54.25488991290331, 675.5975489616394)
0.017688263207674026, (195.0034198462963, 608.3226099014282)
0.017676685005426407, (158.37490639090538, 473.6757130622864)
0.01754576899111271, (20.233537949621677, 454.2830843925476)
0.017531169578433037, (246.86137747764587, 607.1387354135513)
0.01745215617120266, (80.17864665389061, 680.6489531993866)
0.0174509696662426, (94.88925884664059, 442.5822855234146)
0.017402291297912598, (63.986208222806454, 327.33734607696533)
0.01735781878232956, (59.142708137631416, 643.0172420740128)
0.017338400706648827, (147.68761086463928, 554.1306688785553)
0.01729692704975605, (91.91798174381256, 642.6486185789108)
0.017260337248444557, (200.12905889749527, 786.1430747509003)
0.017242131754755974, (67.44413106143475, 445.42901480197906)
0.017231831327080727, (118.71422207355499, 458.6366604566574)
0.017208954319357872, (106.37142959237099, 452.2418407201767)
0.017134547233581543, (90.37146928906441, 457.6135575771332)
0.01711573451757431, (26.822596915066242, 580.4151595830917)
0.017115525901317596, (20.532959401607513, 580.6756492853165)
0.01706705242395401, (86.07342781126499, 380.0918301343918)
0.017064878717064857, (37.51706038415432, 670.0406470298767)
0.01704726740717888, (21.97617405653, 409.2166986465454)
0.017043055966496468, (39.86825285106897, 380.9732555150986)
0.017026353627443314, (162.62028235197067, 480.60103940963745)
0.016965972259640694, (48.66049122810364, 402.1318709850311)
0.01695096679031849, (24.67708270996809, 613.2637367248535)
0.016939464956521988, (123.77616372704506, 527.0488303899765)
0.016870709136128426, (159.57236981391907, 471.72914600372314)
0.016846533864736557, (42.58354901522398, 441.3458923101425)
0.016829941421747208, (77.1752587556839, 524.7275265455246)
0.01679496094584465, (19.137305337935686, 681.9113874435425)
0.016778768971562386, (75.44916252791882, 384.5249583721161)
0.016728563234210014, (11.666444458067417, 912.9383625984192)
0.016719607636332512, (80.2581095546484, 385.5056254863739)
0.016690174117684364, (41.23547142744064, 645.3834428787231)
0.016615742817521095, (120.74879002571106, 612.7075860500336)
0.016604838892817497, (40.98014175891876, 488.2861604690552)
0.016591452062129974, (117.76899081468582, 602.5225260257721)
0.016564156860113144, (74.32960531115532, 389.3629928827286)
0.016554217785596848, (199.23524621129036, 602.069944024086)
0.01654195599257946, (54.13792735338211, 430.0947775840759)
0.01652706041932106, (12.143861219286919, 455.2389807701111)
0.0164936576038599, (122.95395104587078, 468.39962553977966)
0.016464214771986008, (96.87446528673172, 609.5910383462906)
0.01646166481077671, (38.777625530958176, 671.8820178508759)
0.016437919810414314, (72.01862083375454, 478.6429206132889)
0.016431722790002823, (111.6357891857624, 446.8430904150009)
0.0164264515042305, (29.728318117558956, 413.5395097732544)
0.016359813511371613, (174.25349217653275, 572.5481879711151)
0.01634451188147068, (90.5419352799654, 635.1331611871719)
0.01627420075237751, (97.77267801761627, 659.8687663078308)
0.016256127506494522, (57.888909846544266, 639.0067248344421)
