0.09185995906591415, (268.88537406921387, 635.8322784304619)
0.07812570035457611, (266.56415462493896, 637.7438667416573)
0.07080600410699844, (261.6963863372803, 642.7115989327431)
0.05370771884918213, (356.33792877197266, 322.10125544667244)
0.053179189562797546, (268.74237060546875, 637.5245735049248)
0.05273149907588959, (209.91744995117188, 672.6544333696365)
0.0523616187274456, (356.2647581100464, 324.5203207433224)
0.05213696509599686, (207.5244903564453, 674.9800698757172)
0.04834727942943573, (203.49655151367188, 669.1570235490799)
0.047611627727746964, (263.98401260375977, 637.0310579538345)
0.046544838696718216, (261.73110008239746, 642.6041381955147)
0.046399809420108795, (201.00739002227783, 671.6585882306099)
0.046034615486860275, (410.3912353515625, 483.5009719133377)
0.0417570099234581, (207.6521396636963, 674.6141815781593)
0.041707735508680344, (259.55233573913574, 643.4804649949074)
0.04165160655975342, (261.472487449646, 643.5011250972748)
0.038929834961891174, (265.52765369415283, 642.5005556344986)
0.03878754377365112, (202.51610279083252, 676.1840673089027)
0.038770053535699844, (265.3249263763428, 640.0175356864929)
0.038525816053152084, (259.540319442749, 643.8853465914726)
0.03803354129195213, (202.1336317062378, 661.4998819231987)
0.03749028220772743, (339.74194526672363, 290.5124877691269)
0.03699633851647377, (125.37389993667603, 229.22824278473854)
0.03669312223792076, (361.66515350341797, 434.76636412739754)
0.036562707275152206, (210.92567443847656, 665.2225080132484)
0.03469517454504967, (333.05115699768066, 295.5208702981472)
0.03450340777635574, (235.7715368270874, 657.8864793777466)
0.034429460763931274, (206.2525510787964, 669.25327283144)
0.03291676566004753, (265.8402919769287, 642.2799226641655)
0.03289513289928436, (328.8191556930542, 293.08322501182556)
0.03254769742488861, (204.77728843688965, 673.1360323429108)
0.03250060975551605, (348.62306118011475, 442.34608325362206)
0.03160481154918671, (424.96352195739746, 482.6250681877136)
0.031078936532139778, (124.77768659591675, 229.10648567974567)
0.03085932694375515, (248.18382263183594, 649.9552564620972)
0.03075943887233734, (349.96840953826904, 442.9936329126358)
0.029957318678498268, (330.4048776626587, 293.04675252735615)
0.029922036454081535, (358.5469722747803, 323.75099635124207)
0.029711337760090828, (244.05930042266846, 648.2668395638466)
0.029602564871311188, (353.77516746520996, 309.9744452238083)
0.029513750225305557, (125.71966648101807, 229.70323123037815)
0.02918522246181965, (332.7524662017822, 295.18489684164524)
0.02914123795926571, (345.4394340515137, 285.89121773838997)
0.028973305597901344, (199.7243881225586, 671.6092296242714)
0.02889004349708557, (421.716833114624, 483.67531356215477)
0.028888532891869545, (214.41712379455566, 669.8692682385445)
0.02849527634680271, (428.5745143890381, 477.24395766854286)
0.028369631618261337, (210.80074310302734, 671.2079441547394)
0.02805197611451149, (418.97926330566406, 481.36064171791077)
0.02773435413837433, (328.6166191101074, 294.68508806824684)
0.027686946094036102, (354.90734577178955, 260.422317892313)
0.027578946202993393, (265.1012182235718, 639.9564720392227)
0.027400782331824303, (426.75933837890625, 473.0936039984226)
0.027356073260307312, (348.70667457580566, 437.91872203350067)
0.027228062972426414, (356.33180141448975, 321.0108533203602)
0.027137910947203636, (264.6840572357178, 637.359786272049)
0.027048882097005844, (268.48652362823486, 637.9408780932426)
0.027033835649490356, (356.97715282440186, 264.95446038246155)
0.02677014470100403, (413.7794017791748, 484.6606523692608)
0.026765942573547363, (350.7253170013428, 294.466217905283)
0.026741541922092438, (330.2212953567505, 296.3567582964897)
0.02671787515282631, (222.8684902191162, 670.3743478059769)
0.026681702584028244, (359.01784896850586, 436.11812007427216)
0.026590269058942795, (144.10948753356934, 400.0480492711067)
0.026317961513996124, (247.56872653961182, 653.0438359975815)
0.026300016790628433, (346.7646598815918, 438.7077898681164)
0.026202881708741188, (263.9130115509033, 641.4901144504547)
0.02615031599998474, (268.08111667633057, 640.8911830186844)
0.026104357093572617, (381.9419860839844, 294.6929325610399)
0.02596520632505417, (250.2347230911255, 643.0333465337753)
0.025882046669721603, (329.34958934783936, 292.973366856575)
0.02582203969359398, (255.02398014068604, 641.7330293059349)
0.025767141953110695, (331.4588785171509, 295.0730114579201)
0.025550398975610733, (343.3528184890747, 437.0395747423172)
0.025431597605347633, (333.6219310760498, 303.67170375585556)
0.025375869125127792, (343.70243549346924, 447.8110328912735)
0.025183219462633133, (355.5936098098755, 319.95165288448334)
0.024987272918224335, (368.9783811569214, 419.2729091346264)
0.024940917268395424, (215.07880687713623, 670.8409276604652)
0.024934954941272736, (512.5584602355957, 506.8167435824871)
0.02467227913439274, (220.6765651702881, 649.3530109524727)
0.024512270465493202, (417.00143814086914, 481.5371692478657)
0.02428535558283329, (462.3338222503662, 618.6157144904137)
0.024245280772447586, (372.39131927490234, 434.5997083187103)
0.024084018543362617, (127.5894045829773, 228.8685595691204)
0.02400173805654049, (19.327571988105774, 1163.4738058447838)
0.023984862491488457, (354.7217845916748, 274.4904373586178)
0.023877544328570366, (374.11201000213623, 431.42975759506226)
0.023849206045269966, (354.05054092407227, 451.0787489116192)
0.0235892366617918, (215.85495471954346, 673.7773416638374)
0.023578867316246033, (425.8685111999512, 484.9173523783684)
0.02348979003727436, (352.28896141052246, 436.8324448764324)
0.023347098380327225, (355.6434392929077, 436.31608334183693)
0.023334257304668427, (126.00690126419067, 228.2482100278139)
0.02308046631515026, (462.37425804138184, 618.5903300642967)
0.02280084602534771, (199.47668313980103, 654.2954292297363)
0.022747011855244637, (203.277850151062, 656.8139873743057)
0.02265961468219757, (347.57158756256104, 430.9631777405739)
0.022414686158299446, (358.7618827819824, 434.77711725234985)
0.022413386031985283, (326.84056758880615, 293.35506753623486)
0.022276991978287697, (512.714672088623, 506.6495941877365)
0.022105205804109573, (194.7648286819458, 679.6573619246483)
0.022078288719058037, (261.77682876586914, 637.8869361877441)
0.02205086685717106, (430.1886558532715, 473.76396438479424)
0.02204231359064579, (263.42670917510986, 643.9330834150314)
0.022037625312805176, (387.2978687286377, 397.6431569457054)
0.021990660578012466, (229.32894229888916, 659.9921880364418)
0.02197381481528282, (360.7630968093872, 295.50310119986534)
0.021853843703866005, (463.9467239379883, 615.9670611619949)
0.021830247715115547, (372.6938009262085, 464.1743275523186)
0.021806152537465096, (349.2304563522339, 313.4253521859646)
0.02177313156425953, (428.617000579834, 467.4194796383381)
0.021728748455643654, (336.7712736129761, 294.95391619205475)
0.021722424775362015, (181.66286945343018, 669.8368325829506)
0.021624471992254257, (124.75502490997314, 234.00680811703205)
0.021513309329748154, (363.01307678222656, 435.6804502606392)
0.021507518365979195, (372.1311330795288, 260.9942431151867)
0.021434854716062546, (129.42050695419312, 226.56843088567257)
0.021363703534007072, (176.0162353515625, 658.9295677542686)
0.021293282508850098, (265.91737270355225, 639.0587095022202)
0.021214410662651062, (331.0877561569214, 294.1755309700966)
0.02115515060722828, (208.33895206451416, 672.7910861968994)
0.02114102430641651, (378.5691499710083, 274.5386148840189)
0.02111981064081192, (389.6937370300293, 400.4372418820858)
0.020987486466765404, (355.6718587875366, 449.33004400134087)
0.020772332325577736, (364.4632339477539, 287.48416098952293)
0.020732544362545013, (361.5030527114868, 331.79895237088203)
0.020648833364248276, (388.42933177948, 401.32883459329605)
0.02062697522342205, (371.063232421875, 255.10867001116276)
0.020520608872175217, (323.08897972106934, 293.3967050462961)
0.020446214824914932, (427.88448333740234, 471.78792783617973)
0.020412858575582504, (344.7563409805298, 306.55988734960556)
0.02033461630344391, (375.22478103637695, 434.25620767474174)
0.020319335162639618, (347.01123237609863, 438.50393882393837)
0.020314015448093414, (367.333459854126, 326.45785757899284)
0.020282041281461716, (409.4029426574707, 485.0358130335808)
0.020123088732361794, (348.2612609863281, 437.9609236419201)
0.020044298842549324, (345.45135498046875, 288.5878723114729)
0.019997823983430862, (389.26358222961426, 404.29990538954735)
0.01992267556488514, (357.2827339172363, 321.6654189527035)
0.019915105774998665, (374.23882484436035, 432.6372806429863)
0.01982893794775009, (391.26901626586914, 457.48722356557846)
0.019821377471089363, (256.09095096588135, 646.5386537313461)
0.01980658434331417, (257.0722818374634, 651.3058489561081)
0.019700651988387108, (358.7087631225586, 329.50233167409897)
0.019696427509188652, (224.07433986663818, 664.892863035202)
0.019684579223394394, (429.63109016418457, 455.6070484817028)
0.019655119627714157, (352.84531116485596, 448.69913524389267)
0.01961619034409523, (418.92027854919434, 484.44492000341415)
0.019601985812187195, (389.5555257797241, 398.089958101511)
0.019524045288562775, (357.1817398071289, 437.64100936055183)
0.01944352313876152, (259.05981063842773, 643.9062887430191)
0.019427431747317314, (128.9644956588745, 228.6054429411888)
0.01908269338309765, (129.76601123809814, 227.0057481378317)
0.019003771245479584, (377.4582862854004, 424.11611661314964)
0.018957477062940598, (496.43120765686035, 639.0350173711777)
0.018901308998465538, (355.957555770874, 326.98818054795265)
0.018895380198955536, (406.40974044799805, 306.512080013752)
0.018893487751483917, (418.09492111206055, 449.42104011774063)
0.018871311098337173, (351.3593912124634, 434.61800625920296)
0.01885039731860161, (432.7723503112793, 456.880394756794)
0.01869208924472332, (434.6586227416992, 477.5157120525837)
0.018683038651943207, (239.68825340270996, 662.0907749533653)
0.018548956140875816, (331.1500549316406, 279.5917198359966)
0.01847405545413494, (19.591130316257477, 91.39922637492418)
0.018445046618580818, (448.1056213378906, 482.9757258296013)
0.01840227283537388, (424.6685981750488, 472.6071396768093)
0.01838214509189129, (363.24305534362793, 263.83659371733665)
0.01838107779622078, (422.316312789917, 466.4620284438133)
0.018278349190950394, (425.4336357116699, 481.03632041811943)
0.01827661506831646, (379.9071788787842, 464.2913427054882)
0.018260924145579338, (386.70830726623535, 396.01763701438904)
0.018250497058033943, (141.35111570358276, 401.52009919285774)
0.01824735291302204, (403.35941314697266, 482.5079825222492)
0.018220242112874985, (368.361496925354, 434.6449419558048)
0.018205376341938972, (391.705846786499, 398.7615524530411)
0.01811342127621174, (12.17363327741623, 91.09423425793648)
0.01803554594516754, (205.3736448287964, 660.7126121520996)
0.018035169690847397, (127.61199474334717, 232.8160846233368)
0.018034059554338455, (28.040549159049988, 658.3448798060417)
0.017968378961086273, (217.4222230911255, 670.4828662276268)
0.0179499052464962, (342.41654872894287, 281.48166087269783)
0.017833638936281204, (354.06880378723145, 453.45021840929985)
0.017650233581662178, (450.13885498046875, 479.3193107843399)
0.017647139728069305, (219.26813125610352, 666.8236306905746)
0.017630640417337418, (348.92284870147705, 454.05450877547264)
0.017605073750019073, (454.4616222381592, 340.45980125665665)
0.017519313842058182, (19.12839114665985, 52.7507853731513)
0.017519092187285423, (384.12930965423584, 399.8141247332096)
0.01745293289422989, (413.9932155609131, 483.8001203238964)
0.017424924299120903, (410.36548614501953, 487.3651514351368)
0.017343096435070038, (204.21714782714844, 674.6705914139748)
0.017316501587629318, (451.3559341430664, 481.7967250049114)
0.01731627620756626, (431.402063369751, 435.3868370652199)
0.017311155796051025, (371.53520584106445, 459.06881433725357)
0.01730908825993538, (463.32783699035645, 619.4303430318832)
0.017222637310624123, (375.7127523422241, 312.4498145878315)
0.01716514490544796, (351.7800569534302, 446.8368702828884)
0.01714610494673252, (343.8084363937378, 341.51727414131165)
0.017094811424613, (268.14284324645996, 641.9115664362907)
0.017085790634155273, (358.84008407592773, 322.229446798563)
0.017065782099962234, (382.15065002441406, 387.34825614094734)
0.016948621720075607, (513.9684677124023, 507.31114053726196)
0.016930080950260162, (11.087226122617722, 59.23671778291464)
0.0168771892786026, (413.14783096313477, 487.59801828861237)
0.01684560999274254, (445.57881355285645, 480.8567961156368)
0.016802795231342316, (143.44546794891357, 661.5831569433212)
0.016777340322732925, (227.79040336608887, 662.191113948822)
0.016719121485948563, (357.94517993927, 328.04977840185165)
0.016718730330467224, (363.9107942581177, 432.46773383021355)
0.016683686524629593, (337.55595684051514, 293.0172255039215)
0.016648443415760994, (341.4931297302246, 437.86844676733017)
0.016602082177996635, (212.058424949646, 662.2276393175125)
0.016547922044992447, (141.13764762878418, 403.769899725914)
0.016545262187719345, (260.58924198150635, 639.1658881902695)
0.016539350152015686, (27.60235071182251, 449.0486999452114)
0.016527952626347542, (510.5597496032715, 506.7203885316849)
0.016512557864189148, (495.2588081359863, 638.6428279876709)
0.01650901325047016, (256.7539930343628, 651.5559560656548)
0.01647862046957016, (120.74427604675293, 236.14787869155407)
0.016447952017188072, (350.5380630493164, 252.900207310915)
0.016444867476820946, (205.65030574798584, 679.7782905101776)
0.01641034334897995, (350.0560760498047, 257.6717214137316)
0.01639861799776554, (370.34080028533936, 307.58823865652084)
0.01636369712650776, (279.8967123031616, 197.6782568693161)
0.016330687329173088, (437.9511833190918, 423.3748208582401)
0.016327593475580215, (483.5574150085449, 459.6713771522045)
0.016229648143053055, (150.91161727905273, 405.26021233201027)
0.016222000122070312, (410.18733978271484, 475.56361442804337)
0.016218962147831917, (273.681902885437, 641.4242559671402)
0.016161590814590454, (446.3484287261963, 490.9930795133114)
0.016132403165102005, (498.24204444885254, 639.1548177599907)
0.016129275783896446, (367.63689517974854, 426.6859724521637)
0.016106152907013893, (456.2382698059082, 331.6971326172352)
0.016056975349783897, (513.7185573577881, 507.25198072195053)
0.01605120487511158, (353.7828207015991, 450.72368425130844)
0.01604251004755497, (435.2284908294678, 483.95563519001007)
0.016017645597457886, (399.2873430252075, 486.1240645349026)
0.016000540927052498, (150.2360463142395, 397.1864840686321)
0.015967929735779762, (435.66508293151855, 486.2295509278774)
0.0159431342035532, (211.09678745269775, 675.4328998327255)
0.015904681757092476, (208.95490646362305, 671.722119808197)
0.015764927491545677, (428.6611557006836, 444.1858547925949)
0.015697062015533447, (513.012170791626, 505.361828148365)
0.015678279101848602, (197.31454849243164, 674.4901504516602)
0.015658415853977203, (188.03513050079346, 639.7830117940903)
0.015640990808606148, (142.1868920326233, 398.33685690164566)
0.015635758638381958, (327.0686864852905, 298.7145836651325)
0.015631157904863358, (210.8668565750122, 658.8593375086784)
0.015620888210833073, (255.09960651397705, 253.00460076332092)
0.015605540946125984, (145.56829929351807, 403.40937036275864)
0.015559189952909946, (122.35527038574219, 235.40709415078163)
0.015546158887445927, (340.46714305877686, 299.76140919327736)
0.01553320325911045, (388.6881351470947, 405.29261273145676)
0.01547052338719368, (205.04250526428223, 679.349998831749)
0.015454343520104885, (220.0190305709839, 656.9528260827065)
0.015446603298187256, (361.6112470626831, 439.85054737329483)
0.015440702438354492, (513.0895614624023, 507.89886051416397)
0.015415090136229992, (237.10095882415771, 667.009360074997)
0.015403363853693008, (397.2228527069092, 488.612196624279)
0.015369512140750885, (495.27430534362793, 635.7685353159904)
0.015278271399438381, (20.063024759292603, 595.0372492671013)
0.015240582637488842, (182.239830493927, 679.2592495083809)
0.015221800655126572, (383.3908796310425, 432.74668046832085)
0.015168029814958572, (412.35971450805664, 464.5137737393379)
0.015153219923377037, (430.67359924316406, 471.2572170495987)
0.015148303471505642, (376.87840461730957, 397.10719299316406)
0.015141055919229984, (11.52159795165062, 1163.367684841156)
0.015127518214285374, (345.26946544647217, 265.71920147538185)
0.015007873997092247, (339.1580581665039, 430.6038118302822)
0.014993246644735336, (213.13230991363525, 674.0768073797226)
0.014920949004590511, (384.1172456741333, 412.4496459066868)
0.014854155480861664, (203.41815948486328, 673.6270094513893)
0.014841043390333652, (510.0800037384033, 507.5913916528225)
0.014796586707234383, (364.89715576171875, 431.589679479599)
0.014788318425416946, (121.65869474411011, 232.8821546435356)
0.014750012196600437, (430.56817054748535, 485.4535631239414)
0.014742390252649784, (120.00186443328857, 243.52106730639935)
0.014664696529507637, (429.4423580169678, 465.265293776989)
0.01465162355452776, (346.9265937805176, 462.21581330895424)
0.014585073105990887, (398.3825922012329, 401.97261184453964)
0.014547680504620075, (11.76394522190094, 599.928616642952)
0.014547380618751049, (207.45458602905273, 678.4480055570602)
0.01453827042132616, (437.9870891571045, 484.4045869708061)
0.01448659785091877, (227.15494632720947, 674.7222769260406)
0.014480226673185825, (492.636775970459, 655.654976785183)
0.014470316469669342, (353.85451316833496, 430.1836995780468)
0.01446437370032072, (273.8522529602051, 643.5859513878822)
0.01445794478058815, (322.440767288208, 278.31544730067253)
0.014424141496419907, (172.5443959236145, 653.1682196855545)
0.014420800842344761, (373.07071685791016, 428.1895061135292)
0.01439960952848196, (428.604793548584, 450.9781278669834)
0.01437528058886528, (126.61713361740112, 228.3022048175335)
0.01433621533215046, (251.03821754455566, 648.3611145019531)
0.014331081882119179, (334.8586082458496, 450.1100862622261)
0.014325740747153759, (450.32567977905273, 499.25920057296753)
0.014315375126898289, (401.6934871673584, 481.1935980916023)
0.014289844781160355, (190.809166431427, 617.8511496782303)
0.01426009926944971, (442.6835536956787, 489.6148461997509)
0.014248635619878769, (314.7596597671509, 365.38314747810364)
