0.1618461012840271, (489.19148445129395, 972.1303081512451)
0.14361807703971863, (489.0502452850342, 971.4166188240051)
0.137515589594841, (488.185977935791, 971.0655570030212)
0.08697199821472168, (276.5866756439209, 803.2792496681213)
0.0837511420249939, (279.2907953262329, 804.393961429596)
0.0668933242559433, (281.13698959350586, 801.9698095321655)
0.06586365401744843, (276.0526657104492, 805.206549167633)
0.06287822127342224, (487.8209114074707, 965.9899520874023)
0.06231771036982536, (284.647798538208, 799.7762632369995)
0.061943378299474716, (473.6562252044678, 981.9457197189331)
0.0598762147128582, (491.3357734680176, 964.8632025718689)
0.05839231237769127, (277.97632217407227, 791.0481834411621)
0.057019609957933426, (487.6333713531494, 976.0033965110779)
0.05462498217821121, (287.61796951293945, 786.5054655075073)
0.054220039397478104, (329.9764633178711, 731.5284132957458)
0.05263666808605194, (489.4545078277588, 970.4718518257141)
0.05180799961090088, (487.8267765045166, 967.3995494842529)
0.050306908786296844, (270.1770067214966, 806.8690180778503)
0.049638137221336365, (327.3975610733032, 730.7389569282532)
0.04892458766698837, (483.8395595550537, 973.1748390197754)
0.048910677433013916, (330.0107717514038, 729.1918301582336)
0.04761337861418724, (486.838960647583, 978.7778234481812)
0.046814799308776855, (283.1331968307495, 801.6569066047668)
0.04623490571975708, (489.8296356201172, 968.4959292411804)
0.04619966819882393, (487.5750541687012, 968.747227191925)
0.04542797803878784, (332.05902576446533, 728.8323497772217)
0.04492783546447754, (482.6991081237793, 978.4495782852173)
0.04351082444190979, (331.41024112701416, 728.2156705856323)
0.043075624853372574, (497.3750591278076, 967.5260639190674)
0.04239845648407936, (276.9840717315674, 800.6950664520264)
0.042040787637233734, (495.81170082092285, 969.3982887268066)
0.04197642207145691, (295.0916051864624, 794.076189994812)
0.041256196796894073, (285.77942848205566, 802.9107999801636)
0.04079332575201988, (279.52468395233154, 801.8868827819824)
0.040715787559747696, (290.73173999786377, 797.5418829917908)
0.040335509926080704, (300.6542444229126, 813.3304595947266)
0.038964033126831055, (474.7128486633301, 984.8679041862488)
0.038688622415065765, (270.08912563323975, 805.0724029541016)
0.03856762498617172, (292.4351453781128, 783.454327583313)
0.038301654160022736, (478.1188488006592, 968.919689655304)
0.03813111409544945, (291.5891170501709, 792.8991651535034)
0.03802769258618355, (331.6936254501343, 729.0494227409363)
0.0379120372235775, (284.1498613357544, 801.315758228302)
0.03776933625340462, (328.1033992767334, 517.0555257797241)
0.03761950880289078, (281.4946174621582, 776.1388349533081)
0.03759399428963661, (451.812744140625, 1006.3422346115112)
0.037362080067396164, (492.49815940856934, 974.9344754219055)
0.03732473775744438, (298.7455129623413, 780.2428436279297)
0.03641193360090256, (480.60193061828613, 964.9776005744934)
0.03620833903551102, (487.4518871307373, 972.1739745140076)
0.03543167933821678, (299.70366954803467, 811.5223574638367)
0.03507862985134125, (331.0138702392578, 729.369170665741)
0.03461678326129913, (332.7934741973877, 728.7971019744873)
0.034504786133766174, (329.5902729034424, 731.8853759765625)
0.034487009048461914, (294.0530776977539, 810.4132318496704)
0.03380082547664642, (486.62867546081543, 963.2468390464783)
0.03361804410815239, (289.631986618042, 779.7821044921875)
0.03297673165798187, (481.0128688812256, 964.1421961784363)
0.032889366149902344, (278.0723571777344, 805.8050537109375)
0.03253968805074692, (293.0206060409546, 807.6255869865417)
0.03211556375026703, (479.3052673339844, 989.3918967247009)
0.032066233456134796, (291.56999588012695, 798.3477830886841)
0.031874846667051315, (323.5374450683594, 519.1676008701324)
0.03177012875676155, (328.54113578796387, 738.1257319450378)
0.031599462032318115, (292.04723834991455, 805.8239364624023)
0.03157985210418701, (277.8120279312134, 808.9218878746033)
0.031307633966207504, (269.75183486938477, 806.0546207427979)
0.031102949753403664, (275.59525966644287, 807.9601263999939)
0.031090665608644485, (292.41955280303955, 779.3397760391235)
0.030866550281643867, (497.8790760040283, 970.1346373558044)
0.03083108365535736, (304.4553279876709, 812.3968648910522)
0.03045038692653179, (486.0623359680176, 966.2667417526245)
0.030003933236002922, (489.3481254577637, 976.8615388870239)
0.02992147020995617, (482.7629089355469, 964.1772866249084)
0.029708627611398697, (289.74146842956543, 787.0820188522339)
0.02943550981581211, (465.0862693786621, 989.9391031265259)
0.029346643015742302, (303.1018257141113, 780.202009677887)
0.02904698997735977, (308.34031105041504, 763.255763053894)
0.028902649879455566, (491.4240837097168, 969.1201615333557)
0.028447188436985016, (494.69494819641113, 975.7945847511292)
0.028434380888938904, (493.2352542877197, 966.7389678955078)
0.0279441699385643, (314.53680992126465, 735.6336808204651)
0.02794216386973858, (475.4831790924072, 958.1909823417664)
0.02790660969913006, (291.2471294403076, 809.7608327865601)
0.027780035510659218, (287.9873275756836, 783.127498626709)
0.027441099286079407, (287.6370429992676, 790.251567363739)
0.02742966264486313, (476.2782096862793, 988.7616848945618)
0.027362437918782234, (293.0236577987671, 781.4852499961853)
0.027309326454997063, (326.7261028289795, 523.0405712127686)
0.027200328186154366, (291.41433238983154, 778.7352132797241)
0.02719222940504551, (483.68873596191406, 977.1857714653015)
0.026982678100466728, (286.0381603240967, 782.4994111061096)
0.02690453827381134, (475.83608627319336, 984.8448514938354)
0.02670210599899292, (494.45080757141113, 972.0927000045776)
0.026570042595267296, (493.46561431884766, 966.2850737571716)
0.026340795680880547, (488.28725814819336, 970.6720876693726)
0.02632802352309227, (282.5089693069458, 771.2917113304138)
0.026322614401578903, (282.10978507995605, 800.4503774642944)
0.026196416467428207, (294.19450759887695, 808.6864042282104)
0.026124047115445137, (291.57097339630127, 804.4817662239075)
0.02595439739525318, (479.2971134185791, 964.3156027793884)
0.025677088648080826, (463.51141929626465, 1027.720971107483)
0.02539457008242607, (268.71726512908936, 802.1820831298828)
0.02535274811089039, (279.2623996734619, 809.8437595367432)
0.02532481960952282, (300.4305839538574, 816.9872617721558)
0.025294002145528793, (483.0418109893799, 958.0715489387512)
0.025229869410395622, (292.348837852478, 784.3110537528992)
0.025221925228834152, (298.9818334579468, 748.2324886322021)
0.025036385282874107, (327.333927154541, 519.2674827575684)
0.02495458908379078, (256.1806917190552, 808.9174032211304)
0.024937741458415985, (419.40011978149414, 1033.575096130371)
0.024922899901866913, (287.23790645599365, 805.644314289093)
0.02484224922955036, (329.54182624816895, 732.0627951622009)
0.02471170201897621, (265.54296016693115, 792.5710773468018)
0.02456020936369896, (290.48571586608887, 804.0800356864929)
0.024452749639749527, (494.5651054382324, 970.5894756317139)
0.024392317980527878, (488.8683319091797, 959.072413444519)
0.02422393672168255, (326.80938243865967, 517.2034800052643)
0.024206239730119705, (500.79030990600586, 971.168704032898)
0.02403317764401436, (329.2321443557739, 733.8446974754333)
0.024029245600104332, (284.28428173065186, 808.4358930587769)
0.024012066423892975, (331.13908767700195, 729.5334506034851)
0.02399112470448017, (480.3750514984131, 986.9509863853455)
0.023947743698954582, (485.9426498413086, 966.5454196929932)
0.02388179861009121, (261.3889455795288, 775.7819509506226)
0.023580830544233322, (329.79679107666016, 517.0631182193756)
0.023517904803156853, (272.74065017700195, 801.2942790985107)
0.023506978526711464, (306.6842794418335, 773.0122447013855)
0.023497922345995903, (429.0882110595703, 970.9728741645813)
0.023381121456623077, (492.2649383544922, 970.4606795310974)
0.023348258808255196, (478.5067081451416, 963.5812211036682)
0.023105047643184662, (489.7921562194824, 966.5746092796326)
0.023087821900844574, (338.32647800445557, 782.3090887069702)
0.02298159897327423, (298.0058431625366, 771.3160228729248)
0.022963538765907288, (478.8510322570801, 978.2963132858276)
0.022920949384570122, (293.99821758270264, 817.2753024101257)
0.022771885618567467, (482.71541595458984, 964.8982930183411)
0.02276519127190113, (496.55723571777344, 969.4423484802246)
0.02255368046462536, (290.12629985809326, 792.0774507522583)
0.02248734049499035, (481.815242767334, 967.1028542518616)
0.022397371008992195, (449.99632835388184, 1004.0727639198303)
0.0223830696195364, (306.400203704834, 796.2842917442322)
0.022273996844887733, (461.18016242980957, 1009.4364094734192)
0.022216564044356346, (480.1177501678467, 971.9526529312134)
0.02205996960401535, (304.7091484069824, 788.625054359436)
0.0220290906727314, (330.0748109817505, 521.6546165943146)
0.021943874657154083, (303.6487817764282, 772.2003650665283)
0.021881267428398132, (279.10118103027344, 782.2824954986572)
0.02178705483675003, (484.0447425842285, 965.0991582870483)
0.02177802100777626, (472.0003128051758, 994.9562501907349)
0.021645918488502502, (329.31554317474365, 517.4402618408203)
0.021625742316246033, (502.4620056152344, 975.1726341247559)
0.021601572632789612, (474.5023250579834, 1001.1291003227234)
0.021539393812417984, (374.72822666168213, 1028.081238269806)
0.021481327712535858, (302.571964263916, 812.3580765724182)
0.02136053331196308, (380.69376945495605, 614.7865498065948)
0.0213081743568182, (495.6735610961914, 973.3849883079529)
0.02130475640296936, (270.1613426208496, 808.6343193054199)
0.021279435604810715, (270.2852964401245, 809.9028468132019)
0.021244892850518227, (325.4667043685913, 517.4978935718536)
0.02122374437749386, (490.96927642822266, 965.851399898529)
0.021188633516430855, (492.37494468688965, 963.9004182815552)
0.02110106684267521, (501.46260261535645, 977.3399806022644)
0.021098894998431206, (293.22969913482666, 787.8226947784424)
0.020996691659092903, (296.5047359466553, 775.5745553970337)
0.020895207300782204, (332.56664276123047, 730.068461894989)
0.02075810730457306, (296.20535373687744, 815.404965877533)
0.02074769325554371, (451.01709365844727, 1066.1091327667236)
0.020713375881314278, (258.2258462905884, 809.148952960968)
0.020644787698984146, (290.121865272522, 810.0177955627441)
0.0206140223890543, (270.2031135559082, 811.0679125785828)
0.020596100017428398, (297.06666469573975, 802.718825340271)
0.020573746412992477, (321.48728370666504, 720.1789355278015)
0.020386936143040657, (485.0152015686035, 989.5967745780945)
0.020350540056824684, (489.79125022888184, 967.4978184700012)
0.02025502175092697, (335.29083728790283, 663.2903981208801)
0.02016059309244156, (294.0816879272461, 794.4388961791992)
0.020138684660196304, (330.42454719543457, 733.6489462852478)
0.01985153555870056, (486.86962127685547, 982.5499677658081)
0.01942884363234043, (488.57336044311523, 959.7314214706421)
0.01934998109936714, (478.19390296936035, 966.3655614852905)
0.019309161230921745, (326.87647342681885, 525.7721972465515)
0.019242487847805023, (485.8349323272705, 1016.6050887107849)
0.019220402464270592, (484.22040939331055, 962.7208757400513)
0.019184524193406105, (462.45784759521484, 999.0927529335022)
0.019175974652171135, (259.32114124298096, 806.7107176780701)
0.01910996250808239, (301.97300910949707, 791.9313454627991)
0.019044458866119385, (286.5030765533447, 800.3004956245422)
0.019042151048779488, (341.45872592926025, 787.2551894187927)
0.019016720354557037, (328.969669342041, 517.9288530349731)
0.018995653837919235, (473.0893135070801, 969.6467542648315)
0.01895754411816597, (380.64775466918945, 613.576991558075)
0.018908800557255745, (293.6295986175537, 815.1071691513062)
0.018907897174358368, (256.6359519958496, 806.56170129776)
0.018879158422350883, (499.47381019592285, 975.8610677719116)
0.018830785527825356, (493.37944984436035, 941.3763642311096)
0.018802540376782417, (252.4158000946045, 806.5307021141052)
0.018762901425361633, (476.29995346069336, 1001.9881081581116)
0.0187304075807333, (271.0310459136963, 797.0230007171631)
0.018718697130680084, (305.2319288253784, 758.4439659118652)
0.01870432123541832, (340.04175662994385, 784.1345000267029)
0.018667960539460182, (486.78531646728516, 969.319531917572)
0.018608804792165756, (284.5668077468872, 790.569269657135)
0.018591491505503654, (324.0203380584717, 731.6893887519836)
0.018568215891718864, (328.87589931488037, 517.1558010578156)
0.018548985943198204, (320.88449001312256, 734.5425724983215)
0.01854848861694336, (482.78794288635254, 985.835645198822)
0.01849311776459217, (302.1875858306885, 814.4166898727417)
0.018454110249876976, (292.19233989715576, 770.2928924560547)
0.01845407858490944, (315.8550500869751, 540.344842672348)
0.018382787704467773, (467.8363800048828, 959.3947577476501)
0.018368184566497803, (260.3269100189209, 800.4901885986328)
0.018352942541241646, (291.7582035064697, 817.5236105918884)
0.018330972641706467, (381.3716650009155, 615.4650700092316)
0.018309487029910088, (473.5509395599365, 966.666898727417)
0.018306391313672066, (399.95784759521484, 1027.8490591049194)
0.018295753747224808, (303.0313491821289, 814.589467048645)
0.018268026411533356, (276.01780891418457, 802.3531293869019)
0.01819535717368126, (460.82143783569336, 1020.6799077987671)
0.01813310757279396, (295.91267108917236, 811.5862441062927)
0.018119601532816887, (289.23091888427734, 793.7477874755859)
0.018111063167452812, (528.0226230621338, 964.4518733024597)
0.01809895597398281, (250.74522495269775, 805.2899479866028)
0.01808454655110836, (474.78504180908203, 1022.6221561431885)
0.018044915050268173, (497.2597599029541, 976.3815236091614)
0.018032271414995193, (305.62214851379395, 775.0835251808167)
0.018002362921833992, (300.3281354904175, 721.8862509727478)
0.017994660884141922, (252.28631496429443, 805.7808995246887)
0.01798945665359497, (498.43311309814453, 969.3419551849365)
0.01791413128376007, (330.5351972579956, 520.9151601791382)
0.01786014437675476, (316.9558048248291, 741.5205359458923)
0.017851313576102257, (337.77968883514404, 785.4337120056152)
0.017844324931502342, (332.5230598449707, 729.8742842674255)
0.017755873501300812, (466.5972709655762, 1013.2858157157898)
0.017658784985542297, (487.73884773254395, 976.0203123092651)
0.01759660616517067, (321.50065898895264, 784.5370960235596)
0.017596086487174034, (251.73027515411377, 807.0091438293457)
0.017583191394805908, (312.50176429748535, 745.037055015564)
0.017571795731782913, (323.66366386413574, 528.4561836719513)
0.01757100410759449, (489.85657691955566, 977.61559009552)
0.017501970753073692, (328.9802074432373, 744.8159694671631)
0.01739971525967121, (378.52230072021484, 616.2612533569336)
0.017392240464687347, (478.4706115722656, 996.1770987510681)
0.017303533852100372, (330.5201768875122, 518.0391597747803)
0.017270207405090332, (304.27472591400146, 817.7958369255066)
0.017251741141080856, (416.68009757995605, 1027.182104587555)
0.017211519181728363, (272.64630794525146, 786.840398311615)
0.01718706265091896, (475.0934600830078, 958.3690309524536)
0.017049569636583328, (252.97574996948242, 804.7700428962708)
0.016961203888058662, (331.2756299972534, 730.2217268943787)
0.016910837963223457, (407.15813636779785, 772.2154712677002)
0.01687839813530445, (320.73426246643066, 520.87357878685)
0.016819339245557785, (482.11584091186523, 991.5789127349854)
0.016763344407081604, (285.1841688156128, 800.8480954170227)
0.01670893281698227, (328.36577892303467, 531.9243550300598)
0.016695041209459305, (279.9180030822754, 750.5325651168823)
0.01653158850967884, (496.2336540222168, 987.7731728553772)
0.01648687571287155, (330.1309108734131, 798.4904265403748)
0.016474897041916847, (493.070650100708, 977.469642162323)
0.016432015225291252, (455.09190559387207, 950.7119178771973)
0.016394009813666344, (310.25872230529785, 549.8469185829163)
0.016278492286801338, (474.8065948486328, 975.5458831787109)
0.016232959926128387, (474.59683418273926, 978.0695629119873)
0.016172358766198158, (294.8171377182007, 805.4248023033142)
0.0161649938672781, (479.6679973602295, 991.5528702735901)
0.016164949163794518, (455.6914806365967, 1061.8126773834229)
0.016164569184184074, (498.03314208984375, 972.8045797348022)
0.016135066747665405, (438.74378204345703, 1043.9714670181274)
0.016100510954856873, (299.53837394714355, 809.9304628372192)
0.016098221763968468, (316.65143966674805, 516.2082803249359)
0.01607520878314972, (249.6464729309082, 639.1666603088379)
0.016041366383433342, (295.55203914642334, 785.5519652366638)
0.01597110740840435, (340.8727169036865, 720.7644581794739)
0.015942102298140526, (296.54085636138916, 787.264552116394)
0.015940383076667786, (347.36480712890625, 716.760528087616)
0.015858521685004234, (286.58435344696045, 817.1872615814209)
0.015851221978664398, (495.60327529907227, 970.1491928100586)
0.015834426507353783, (406.6115379333496, 771.7552042007446)
0.01583382487297058, (502.97045707702637, 978.7620878219604)
0.015816856175661087, (317.43648052215576, 772.0358490943909)
0.015806540846824646, (408.4665775299072, 771.8330955505371)
0.01578928902745247, (338.7558698654175, 730.5856919288635)
0.015772638842463493, (492.2342300415039, 950.3732085227966)
0.015755392611026764, (435.66317558288574, 1047.0111179351807)
0.015709245577454567, (474.88255500793457, 1005.8670973777771)
0.01570795476436615, (476.28960609436035, 961.8012857437134)
0.015675650909543037, (460.9553337097168, 987.4682950973511)
0.01567215658724308, (499.38387870788574, 971.7206311225891)
0.015661656856536865, (281.50994777679443, 845.0502562522888)
0.015653066337108612, (459.5611572265625, 1008.6523818969727)
0.015556414611637592, (285.5175018310547, 816.4989852905273)
0.015493877232074738, (327.88121700286865, 732.1840381622314)
0.015487231314182281, (277.12388038635254, 814.2871856689453)
0.015433715656399727, (450.18930435180664, 1069.96680021286)
0.015408028848469257, (498.3884811401367, 966.7273235321045)
0.015358416363596916, (299.4214057922363, 813.0938744544983)
0.015332838520407677, (321.40042781829834, 772.6061081886292)
0.015289092436432838, (456.63299560546875, 1035.7120728492737)
0.015230444259941578, (459.08069610595703, 1007.1140670776367)
0.015227270312607288, (266.9030427932739, 779.8681783676147)
