0.24120132625102997, (413.8847227692604, 595.8452246189117)
0.23528803884983063, (404.6930412054062, 595.7200212478638)
0.22984923422336578, (418.90813583135605, 575.4905068874359)
0.21501228213310242, (378.7174733877182, 607.5698812007904)
0.19440843164920807, (405.1245185136795, 598.8765832185745)
0.19266511499881744, (416.98225897550583, 557.0717175006866)
0.1641164869070053, (432.6784345507622, 579.3660553693771)
0.15924574434757233, (419.3767392039299, 581.611340045929)
0.15368720889091492, (411.98461532592773, 598.3338897228241)
0.14748558402061462, (434.6169131398201, 567.5745098590851)
0.1359773874282837, (390.96492433547974, 593.3831562995911)
0.12699294090270996, (466.94466000795364, 589.5634610652924)
0.12553949654102325, (380.27623987197876, 608.8848341703415)
0.11665672808885574, (404.22470194101334, 564.9579817056656)
0.1162584125995636, (423.35266149044037, 541.0672810077667)
0.10100504755973816, (432.9557104110718, 586.9799605607986)
0.09950476139783859, (418.43462759256363, 593.1651420593262)
0.09925704449415207, (389.16302740573883, 606.0731967687607)
0.09726028889417648, (469.5574445128441, 514.501380443573)
0.09387987107038498, (381.9235203266144, 606.4109362363815)
0.09139543026685715, (465.3045859336853, 546.4309791326523)
0.09121210128068924, (465.8172953724861, 591.6007350683212)
0.08868234604597092, (444.2233954668045, 551.2757223844528)
0.08852137625217438, (443.93189549446106, 585.3125406503677)
0.08773315697908401, (455.9293114542961, 559.8374655246735)
0.08766437321901321, (450.9240841269493, 528.1405291557312)
0.08702142536640167, (456.9990250468254, 587.1572459936142)
0.08693218976259232, (424.43286395072937, 555.4053297042847)
0.08612591028213501, (436.4626897573471, 592.163475394249)
0.0847010537981987, (396.5325134396553, 599.6105750799179)
0.08442913740873337, (453.4292256832123, 571.7332148551941)
0.08110666275024414, (438.09227496385574, 588.7998157739639)
0.08110106736421585, (440.28561794757843, 591.9198567867279)
0.08035101741552353, (453.9063559770584, 571.947259426117)
0.08024660497903824, (449.61229652166367, 598.4581006765366)
0.07789385318756104, (467.74132347106934, 591.387881398201)
0.07694084942340851, (458.0660975575447, 590.4033637046814)
0.07233738899230957, (383.5077921152115, 604.0292140245438)
0.068253293633461, (389.3074191212654, 618.3862774372101)
0.061912901699543, (392.88683956861496, 609.1928805112839)
0.06108257547020912, (398.65205705165863, 592.3436983823776)
0.060649529099464417, (382.30915600061417, 598.9705452919006)
0.058411888778209686, (374.41681122779846, 599.8464925289154)
0.05546802654862404, (364.0772023200989, 612.1445281505585)
0.05427834391593933, (461.23811227083206, 558.9286097288132)
0.05423978343605995, (381.56516325473785, 606.6419312953949)
0.054195206612348557, (385.6588023304939, 606.5528519153595)
0.05311651527881622, (414.67210471630096, 668.2007846832275)
0.05056041479110718, (479.39630430936813, 596.6927093267441)
0.04971058666706085, (464.1969162225723, 594.3808929920197)
0.048363592475652695, (420.6988647580147, 602.7809911966324)
0.04551127180457115, (480.87451779842377, 595.9671331644058)
0.04507288336753845, (401.33124589920044, 606.4296333789825)
0.044982753694057465, (423.89891266822815, 625.4600297212601)
0.044871218502521515, (418.338303565979, 594.0125870704651)
0.044709715992212296, (448.2639110684395, 595.0716948509216)
0.04398777708411217, (381.3158451318741, 609.0541008710861)
0.043456003069877625, (400.06197971105576, 539.4355087280273)
0.04262789338827133, (471.6384660601616, 592.4451631307602)
0.04261191934347153, (474.85832208395004, 599.0220715999603)
0.04255402460694313, (444.4741473197937, 573.9606360197067)
0.0420026071369648, (554.180120408535, 392.7387202978134)
0.041993722319602966, (473.00922524929047, 598.534715294838)
0.04058234393596649, (445.4382176399231, 584.1905930042267)
0.04057976230978966, (486.06907296180725, 602.9053609371185)
0.040463823825120926, (456.3986316919327, 569.5204020738602)
0.03982403874397278, (383.0677124261856, 568.8706862926483)
0.039524730294942856, (386.18343436717987, 603.47893846035)
0.03925090283155441, (535.0272215008736, 394.54527711868286)
0.03856099396944046, (352.6083422899246, 588.0080652236938)
0.038401905447244644, (397.83117109537125, 631.8723160028458)
0.037874944508075714, (560.8016898036003, 381.2092126607895)
0.037780702114105225, (438.7669581770897, 598.0699464082718)
0.03770671784877777, (471.67766726017, 593.8357779979706)
0.03735104575753212, (382.00429970026016, 608.802265048027)
0.036792151629924774, (359.30665397644043, 607.0973317623138)
0.03621532768011093, (383.6347526907921, 594.8424861431122)
0.036194514483213425, (550.2627546787262, 410.3375744819641)
0.03481503576040268, (455.77831703424454, 590.561396241188)
0.034107085317373276, (460.0637363791466, 588.5989505052567)
0.033954113721847534, (567.0703352093697, 375.37562477588654)
0.03378983214497566, (476.6993070244789, 596.2809752225876)
0.03329410031437874, (411.31634616851807, 599.4666745662689)
0.032997410744428635, (378.01547384262085, 568.9767955541611)
0.03270604833960533, (470.5387195944786, 595.8589596748352)
0.03258218243718147, (428.84282916784286, 585.2019853591919)
0.03246619924902916, (475.4160053730011, 522.4366303682327)
0.03215022385120392, (469.2436085343361, 595.3659664392471)
0.031888268887996674, (488.8856735229492, 586.9892892837524)
0.031247995793819427, (484.02261185646057, 601.2592978477478)
0.031060760840773582, (461.3142508864403, 587.6430938243866)
0.030732767656445503, (549.4712224602699, 374.60876405239105)
0.03068317100405693, (378.30278581380844, 605.4124056100845)
0.030554793775081635, (560.8401364088058, 380.1628872156143)
0.03030536323785782, (468.8236765265465, 589.2620043754578)
0.02970881015062332, (470.9541617631912, 596.3916099071503)
0.02915087155997753, (462.01900470256805, 587.9393105506897)
0.02905396558344364, (420.08639788627625, 417.16711270809174)
0.028536872938275337, (443.3560642004013, 582.3851873874664)
0.028157537803053856, (367.1460261940956, 570.624764084816)
0.027853716164827347, (467.7188365459442, 585.849557518959)
0.027813436463475227, (497.16504997015, 615.7871761322021)
0.027807364240288734, (415.868024289608, 590.5910496711731)
0.027746442705392838, (440.8539787530899, 578.781561255455)
0.02764204517006874, (481.3414987921715, 599.14195561409)
0.027618343010544777, (418.85335224866867, 605.4766745567322)
0.026953529566526413, (360.254651427269, 609.6108866930008)
0.026839854195713997, (473.51299273967743, 592.291139960289)
0.026494083926081657, (375.7970405817032, 591.2032520771027)
0.026436561718583107, (379.2840986251831, 608.7890063524246)
0.026425335556268692, (573.6528920531273, 386.8489615917206)
0.026040954515337944, (408.6193111538887, 600.6683728694916)
0.025654491037130356, (392.6421999335289, 597.194753408432)
0.025631830096244812, (464.33598804473877, 590.2300479412079)
0.02554485574364662, (281.1301607787609, 633.2431222200394)
0.02554290182888508, (596.0186669826508, 395.4335700273514)
0.025385694578289986, (447.09311950206757, 575.6671571731567)
0.025385651737451553, (455.1052184700966, 575.3926148414612)
0.025106314569711685, (386.7630386352539, 600.9910275936127)
0.024709252640604973, (379.48414170742035, 607.0614062547684)
0.024598363786935806, (474.8077265024185, 588.0142579078674)
0.024550648406147957, (500.9135751128197, 418.57332837581635)
0.024508241564035416, (336.2249572277069, 614.6722944974899)
0.024506930261850357, (578.421138882637, 377.2819790840149)
0.024347741156816483, (358.62091594934464, 624.1501579284668)
0.024045713245868683, (373.37501764297485, 613.6162036657333)
0.024007707834243774, (445.204670548439, 575.2188227176666)
0.02380470372736454, (378.0944799184799, 608.227972984314)
0.023626195266842842, (387.3813536167145, 609.8200882673264)
0.02353944070637226, (463.8420680165291, 593.6527762413025)
0.02332819439470768, (420.7984335422516, 598.0923353433609)
0.023264167830348015, (561.7742115855217, 416.24714183807373)
0.02310676872730255, (396.4490552544594, 605.949343085289)
0.02297099679708481, (562.499188542366, 373.81268656253815)
0.022726351395249367, (412.75415110588074, 594.6562292575836)
0.02231498621404171, (422.957895219326, 613.2668330669403)
0.022242465987801552, (530.8866466283798, 420.6403748989105)
0.022146722301840782, (418.1187542080879, 420.07271218299866)
0.02207167074084282, (460.864286005497, 575.0892924070358)
0.02206752821803093, (419.28275442123413, 419.98144948482513)
0.02201005257666111, (462.08254158496857, 582.2254875898361)
0.021996257826685905, (537.4890493154526, 430.3461767435074)
0.021961022168397903, (351.129072368145, 565.8640587329865)
0.021491173654794693, (544.743346452713, 421.2344756126404)
0.021442048251628876, (364.0001204609871, 618.5353782176971)
0.021397151052951813, (435.6436148285866, 566.9511923789978)
0.0213908813893795, (527.3422393798828, 450.0025899410248)
0.021207207813858986, (382.0438027381897, 585.3898301124573)
0.021200690418481827, (400.0853721499443, 529.2919714450836)
0.021067870780825615, (525.3137376308441, 358.6719310283661)
0.02105148322880268, (563.8790783286095, 376.7898988723755)
0.021037915721535683, (434.55348944664, 550.1961708068848)
0.020788904279470444, (463.4085910320282, 579.493045091629)
0.020617593079805374, (481.65865498781204, 588.8784549236298)
0.020371008664369583, (594.3745558261871, 377.2619322538376)
0.020347317680716515, (561.7237291932106, 403.0733177661896)
0.020322099328041077, (450.3508561849594, 570.9873933792114)
0.020306391641497612, (469.05729907751083, 438.83833158016205)
0.020281875506043434, (446.5282675623894, 587.5011781454086)
0.020263008773326874, (464.0391681790352, 588.3460428714752)
0.020004352554678917, (324.0096142888069, 604.0302064418793)
0.020001104101538658, (435.7003980875015, 549.3725438117981)
0.019988514482975006, (554.5410431027412, 386.8548367023468)
0.019965987652540207, (548.4631215333939, 405.4321746826172)
0.01985602267086506, (390.1676949262619, 609.4991405010223)
0.019747823476791382, (425.3866340517998, 589.7658348083496)
0.01973661221563816, (569.2591506242752, 379.0011237859726)
0.019674550741910934, (586.0570723414421, 376.42576110363007)
0.01961052045226097, (419.3398395180702, 532.7938152551651)
0.019347090274095535, (523.7301827073097, 543.5331205129623)
0.01930563896894455, (423.98791712522507, 511.40376806259155)
0.019182424992322922, (551.7637946605682, 393.1815369129181)
0.019145619124174118, (379.61921417713165, 604.6173205375671)
0.01908918097615242, (436.59734719991684, 534.2876415252686)
0.01898215338587761, (547.6729475855827, 380.15617847442627)
0.01895887404680252, (372.9714226126671, 589.0350186824799)
0.018871832638978958, (491.2405375242233, 606.5542412996292)
0.018870647996664047, (350.7792044878006, 614.9077355861664)
0.018866874277591705, (387.3212878704071, 608.4088708162308)
0.01884639263153076, (383.3583823442459, 609.6023519039154)
0.018725885078310966, (493.3456683754921, 612.8150449991226)
0.018481453880667686, (375.1305069923401, 554.6947191953659)
0.018323203548789024, (493.9211978316307, 470.8075872659683)
0.01827099733054638, (409.97524255514145, 604.4820342063904)
0.01819048449397087, (592.3551469445229, 627.392305970192)
0.018115516752004623, (515.1614946126938, 571.2688032388687)
0.017989566549658775, (443.4776671528816, 603.1512422561646)
0.01782945543527603, (453.1849256157875, 587.0373222827911)
0.017807140946388245, (531.0087777972221, 385.12473571300507)
0.017785262316465378, (491.56814485788345, 604.8772147893906)
0.01777329482138157, (484.06162440776825, 449.52936565876007)
0.01776382513344288, (440.2372106909752, 580.1422448158264)
0.01775975711643696, (390.7906883955002, 609.4865169525146)
0.017759723588824272, (469.65916389226913, 602.1051152944565)
0.01769796758890152, (596.097446680069, 381.65941286087036)
0.017646117135882378, (491.587311565876, 616.3810386657715)
0.01761714369058609, (410.82265251874924, 616.6658227443695)
0.017608769237995148, (525.0282744169235, 617.3526549339294)
0.017581405118107796, (327.8829871416092, 568.0302675962448)
0.01750822924077511, (465.5969159603119, 591.9090592861176)
0.01749997027218342, (569.4625516533852, 384.76000249385834)
0.017367541790008545, (597.4691113829613, 392.13485419750214)
0.017302559688687325, (419.3180694580078, 420.21490573883057)
0.01728597842156887, (417.88079273700714, 541.8942822217941)
0.01725986786186695, (498.83447778224945, 612.1477435827255)
0.017231596633791924, (556.1324080824852, 380.61983585357666)
0.017153766006231308, (574.3326310515404, 408.59032452106476)
0.017065053805708885, (361.169484436512, 611.8662940263748)
0.01704367995262146, (428.0779718756676, 627.9218598604202)
0.0168699249625206, (427.58367455005646, 592.300111413002)
0.01682879589498043, (328.2184045314789, 599.91850233078)
0.016744663938879967, (519.1435668468475, 351.1002631187439)
0.0167134627699852, (408.9048875570297, 596.7024747133255)
0.016698462888598442, (564.2363412380219, 378.7521858215332)
0.01663927361369133, (561.792774617672, 379.0603115558624)
0.01663278415799141, (550.6787250638008, 378.0165663957596)
0.016615431755781174, (580.1429733037949, 378.6306742429733)
0.016574272885918617, (444.8903818130493, 559.796816110611)
0.016546588391065598, (453.2311068177223, 589.8478481769562)
0.01653958298265934, (303.01886200904846, 615.8192113637924)
0.016528984531760216, (491.90329813957214, 431.47241163253784)
0.01644490659236908, (567.9545693993568, 376.3541085720062)
0.016368770971894264, (450.6580894589424, 579.5443729162216)
0.01635679043829441, (596.6638832688332, 401.701757311821)
0.01632467657327652, (476.0421681404114, 601.3276952505112)
0.016305023804306984, (385.8513749241829, 608.7035790681839)
0.016133537515997887, (556.6956753730774, 377.9949713945389)
0.016103357076644897, (353.05215722322464, 623.6596655845642)
0.01606576144695282, (482.70210868120193, 590.2948726415634)
0.01604921743273735, (447.4580792784691, 586.7644075155258)
0.015844542533159256, (613.4299610853195, 472.15937876701355)
0.015809373930096626, (459.8988951444626, 561.309776186943)
0.015788065269589424, (489.4818788766861, 596.3578677177429)
0.015757834538817406, (537.051686167717, 375.7211844921112)
0.01574903540313244, (555.1196286678314, 378.17932283878326)
0.015742341056466103, (471.55278182029724, 594.8792055845261)
0.015740390866994858, (514.0412986278534, 571.364194393158)
0.015737516805529594, (317.1710988879204, 592.5776706933975)
0.015733957290649414, (336.52985125780106, 581.9533270597458)
0.015544516034424305, (465.06541711091995, 583.5810502767563)
0.015537401661276817, (563.1367079615593, 414.9745452404022)
0.015532145276665688, (597.4308534264565, 623.4073137044907)
0.015508102253079414, (576.1602219343185, 400.48783242702484)
0.01548729371279478, (591.1556430459023, 399.7317692041397)
0.01547557208687067, (379.35586059093475, 608.0029721260071)
0.01546197198331356, (331.06515115499496, 583.258474946022)
0.015444399788975716, (451.8667239546776, 568.5747077465057)
0.015350761823356152, (573.3401879668236, 382.8284010887146)
0.015347857028245926, (453.4430724978447, 604.4162567853928)
0.01529304962605238, (497.01582884788513, 610.0324655771255)
0.0152059281244874, (274.9270142018795, 613.8438642024994)
0.01519650500267744, (371.7018168568611, 611.886420249939)
0.015149620361626148, (536.1816760897636, 370.9644488096237)
0.0151189174503088, (410.62185484170914, 528.9869420528412)
0.015114599838852882, (454.62393790483475, 556.8292897939682)
0.015109757892787457, (466.98793601989746, 571.5638687610626)
0.015099997632205486, (447.73709070682526, 553.6023852825165)
0.015054580755531788, (390.87629717588425, 609.0892721414566)
0.015030715614557266, (438.23987370729446, 583.8723446130753)
0.015022761188447475, (391.6624340415001, 607.5825841426849)
0.015020722523331642, (434.6315522789955, 711.7397210597992)
0.015012476593255997, (587.3150950670242, 391.4583034515381)
0.01498747244477272, (471.2692050933838, 594.0477583408356)
0.014935344457626343, (562.7652209401131, 372.24097537994385)
0.01489673275500536, (482.1136001944542, 600.418283700943)
0.014848741702735424, (285.44914072752, 630.3008826971054)
0.014811630360782146, (444.9585594534874, 563.175203204155)
0.014764952473342419, (306.4023141860962, 600.7407796382904)
0.014695974066853523, (458.20332062244415, 489.51199436187744)
0.014675475656986237, (578.6510261893272, 414.25301814079285)
0.014619770459830761, (543.3129742741585, 383.8261774778366)
0.0146184042096138, (542.1657637953758, 370.5699430704117)
0.014550217427313328, (538.6539173126221, 420.0103883743286)
0.014542732387781143, (346.33237731456757, 617.9413568973541)
0.014531098306179047, (577.2761167287827, 369.50194323062897)
0.014509673230350018, (355.6191378235817, 601.4843780994415)
0.014506509527564049, (338.18124425411224, 578.3313610553741)
0.014482615515589714, (483.5114493370056, 606.0236155986786)
0.014449970796704292, (431.4776478409767, 570.1830986738205)
0.01440740842372179, (456.4923146367073, 583.0294250249863)
0.014369451440870762, (410.1111450791359, 509.2765016555786)
0.014367904514074326, (536.7791265249252, 394.5045086145401)
0.01436543371528387, (440.569232404232, 515.3920948505402)
0.014319885522127151, (366.2792231440544, 557.8180550336838)
0.014269882813096046, (497.6424443721771, 412.1307932138443)
0.014249332249164581, (449.1974202990532, 543.0078935623169)
0.014245742931962013, (457.4322379231453, 568.7952625751495)
0.014241036027669907, (456.26450246572495, 601.9760613441467)
0.014236926101148129, (450.40401738882065, 569.3187825679779)
0.014164073392748833, (548.5176032781601, 380.0620576143265)
0.014101549983024597, (332.7929091453552, 586.3721247911453)
0.014096644707024097, (415.7701533436775, 598.2394115924835)
0.014051765203475952, (589.7277610301971, 408.4736559391022)
0.014012590050697327, (545.5739666819572, 358.31557381153107)
0.013983533717691898, (421.52971136569977, 424.7029345035553)
0.013978852890431881, (317.31300044059753, 588.154149055481)
0.013940108940005302, (422.4508075118065, 519.2137749195099)
0.01389473956078291, (503.65132051706314, 424.0642147064209)
0.013874148018658161, (389.9891200661659, 611.6124336719513)
0.013855846598744392, (510.42497849464417, 423.906817317009)
