0.2297917604446411, (204.93769645690918, 817.8196576833725)
0.18375320732593536, (205.47690391540527, 818.426913022995)
0.14403750002384186, (205.45899868011475, 816.8416457176208)
0.1187867596745491, (205.62763214111328, 817.0392501354218)
0.08981810510158539, (209.3766212463379, 816.816658616066)
0.07191600650548935, (200.7115364074707, 819.5514854192734)
0.06477487832307816, (206.54091835021973, 818.3478254079819)
0.06379633396863937, (202.13887691497803, 821.8778074979782)
0.04282037913799286, (206.64546489715576, 817.3267164230347)
0.041022103279829025, (201.1385440826416, 818.4473917484283)
0.04070306196808815, (207.45573043823242, 816.7517074346542)
0.03960795700550079, (204.35922145843506, 817.3431452512741)
0.03956468403339386, (198.28922748565674, 819.3644260168076)
0.037503547966480255, (207.8972578048706, 823.6853606700897)
0.03530101850628853, (208.41400623321533, 816.936474442482)
0.0351787768304348, (206.37822151184082, 818.2514684200287)
0.03358345478773117, (208.31000804901123, 819.352429151535)
0.03217308968305588, (207.9267978668213, 817.1680063009262)
0.03099558688700199, (212.01815605163574, 822.9512594938278)
0.030586887151002884, (214.18251991271973, 813.8562601804733)
0.025040986016392708, (208.66239070892334, 816.4293967485428)
0.024675903841853142, (210.67605018615723, 814.2591103315353)
0.02444624900817871, (210.26298999786377, 812.0419062376022)
0.02376006729900837, (208.38239192962646, 818.6031217575073)
0.02303115837275982, (270.7554578781128, 711.6444199085236)
0.022819451987743378, (208.96379947662354, 814.6311659812927)
0.022782595828175545, (355.3755521774292, 564.2979272603989)
0.022647112607955933, (210.87288856506348, 816.5537973642349)
0.022488074377179146, (211.8689775466919, 815.8384938240051)
0.022457271814346313, (266.68479442596436, 589.5397520661354)
0.022425081580877304, (268.739652633667, 707.846227645874)
0.022242257371544838, (352.65960693359375, 566.1431903243065)
0.021925926208496094, (213.6218547821045, 814.0713632106781)
0.021248873323202133, (352.78053283691406, 561.1017178297043)
0.021062418818473816, (268.8185453414917, 707.9610002040863)
0.02090422436594963, (202.3930788040161, 822.1100270748138)
0.02064470201730728, (202.90517807006836, 819.2520222663879)
0.020367907360196114, (368.72782707214355, 695.2592235803604)
0.019997408613562584, (271.26407623291016, 713.6759400367737)
0.01997053064405918, (272.87161350250244, 592.1575139164925)
0.01994277723133564, (319.913911819458, 451.96875607967377)
0.019774535670876503, (205.23581504821777, 813.1256740093231)
0.019669517874717712, (200.76336860656738, 821.146839261055)
0.019573545083403587, (358.077335357666, 572.5320177674294)
0.01956205442547798, (263.4392738342285, 581.485767364502)
0.019506562501192093, (291.9663667678833, 589.5803274512291)
0.019488098099827766, (211.22069358825684, 816.7954921722412)
0.019090844318270683, (291.44020080566406, 581.0777593255043)
0.019006546586751938, (359.6052885055542, 561.9762281775475)
0.018915023654699326, (259.47532653808594, 574.8949035406113)
0.01884649693965912, (277.65846252441406, 695.6084316968918)
0.018481679260730743, (285.71977615356445, 588.0002562403679)
0.01845305599272251, (354.4480323791504, 570.928449511528)
0.018432538956403732, (214.07501697540283, 815.9461599588394)
0.018423929810523987, (273.53949546813965, 702.7405298948288)
0.018354730680584908, (264.1906261444092, 697.4508292675018)
0.018293341621756554, (195.18381357192993, 831.3748928308487)
0.018203796818852425, (258.13777446746826, 556.611069560051)
0.01816246286034584, (269.64852809906006, 714.5530866384506)
0.018115879967808723, (254.6215534210205, 921.3552794456482)
0.018072068691253662, (350.9261131286621, 563.080130815506)
0.018070757389068604, (268.1347608566284, 705.7543411254883)
0.017932521179318428, (256.60016536712646, 685.6796120405197)
0.01792767643928528, (263.18299770355225, 577.5835385918617)
0.017910482361912727, (254.07099723815918, 588.8678894042969)
0.017891118302941322, (208.55283737182617, 816.9292151927948)
0.017748557031154633, (286.93549633026123, 589.9911245703697)
0.017740512266755104, (266.78645610809326, 575.2967985272408)
0.017732370644807816, (218.97733211517334, 818.2531495094299)
0.01768600195646286, (303.20277214050293, 581.362283706665)
0.017652243375778198, (215.66386222839355, 814.2343524694443)
0.017620403319597244, (271.2461233139038, 584.7712273597717)
0.017584534361958504, (244.13609504699707, 673.9383487701416)
0.01758011057972908, (269.2678689956665, 579.8523979783058)
0.017516104504466057, (256.9904088973999, 591.5933938026428)
0.017411328852176666, (193.62800121307373, 832.1335990428925)
0.017384735867381096, (257.5502872467041, 586.2792027592659)
0.017344940453767776, (248.0428695678711, 670.6557160615921)
0.017308667302131653, (299.04754161834717, 585.1792736053467)
0.017124351114034653, (206.35437965393066, 825.1458452939987)
0.017066245898604393, (264.5934581756592, 582.31660759449)
0.016997575759887695, (276.3620615005493, 571.9163187742233)
0.01699262112379074, (254.19042110443115, 916.7979989051819)
0.016984019428491592, (285.87114810943604, 823.0254566669464)
0.016968121752142906, (262.5452995300293, 593.7827070951462)
0.01694072037935257, (270.22459506988525, 593.9746187329292)
0.016898563131690025, (330.70690631866455, 565.780266046524)
0.016835227608680725, (274.9213457107544, 820.8513495922089)
0.016804246231913567, (262.25759983062744, 573.2617633938789)
0.01679139956831932, (263.44332695007324, 583.0695446133614)
0.01678524538874626, (269.55201625823975, 712.7930624485016)
0.01675965078175068, (360.63857078552246, 695.2266715764999)
0.016683537513017654, (262.51137256622314, 590.2312529087067)
0.01663914881646633, (217.87500381469727, 517.1177711486816)
0.016596244648098946, (243.05543899536133, 672.7253663539886)
0.01659337244927883, (269.51897144317627, 592.3003301024437)
0.01649337261915207, (362.2058629989624, 639.8596864938736)
0.016382602974772453, (374.81653690338135, 693.7953003644943)
0.01637439988553524, (210.8846664428711, 814.0999417304993)
0.01634547859430313, (360.04889011383057, 633.5254180431366)
0.01624297723174095, (215.84155559539795, 810.7309621572495)
0.016223862767219543, (303.7255525588989, 583.0642338991165)
0.016141925007104874, (260.24842262268066, 581.1628071665764)
0.016138974577188492, (250.31001567840576, 912.72662961483)
0.0161299891769886, (259.8703145980835, 588.3584811091423)
0.01605668105185032, (279.3471574783325, 816.5887945890427)
0.016011159867048264, (256.7657947540283, 550.420992732048)
0.01598709262907505, (343.74799728393555, 568.1689794659615)
0.015969999134540558, (327.3537874221802, 452.7038124203682)
0.015967346727848053, (252.34131813049316, 904.0634410381317)
0.01595010794699192, (258.18443298339844, 699.692791223526)
0.015940897166728973, (274.54543113708496, 596.1800169944763)
0.01589539274573326, (275.1772880554199, 707.0855346918106)
0.01586972549557686, (329.2766809463501, 474.9109652042389)
0.015848588198423386, (205.42023181915283, 822.0166501998901)
0.01580131985247135, (206.61587715148926, 820.976132273674)
0.015789221972227097, (259.29901599884033, 924.4967770576477)
0.015733446925878525, (214.92235660552979, 812.6756769418716)
0.015694396570324898, (261.33084297180176, 933.0774394273758)
0.015693098306655884, (245.23704051971436, 670.6991187334061)
0.015674790367484093, (408.2765579223633, 651.7155694961548)
0.01566661149263382, (278.4114122390747, 812.3430504798889)
0.015648584812879562, (357.89408683776855, 643.5935388803482)
0.015644531697034836, (268.6739921569824, 702.0794032812119)
0.01561818178743124, (280.36935329437256, 590.2550938129425)
0.015593482181429863, (276.4411926269531, 584.9484676718712)
0.015578731894493103, (353.1212091445923, 593.0263696908951)
0.015567884780466557, (208.77304077148438, 815.8957272768021)
0.015452093444764614, (291.69087409973145, 834.2029436826706)
0.015450520440936089, (273.10214042663574, 600.8033949136734)
0.015421483665704727, (275.5385398864746, 583.151612341404)
0.015405714511871338, (209.5022439956665, 816.051075220108)
0.015377314761281013, (290.6518220901489, 826.2357261180878)
0.015364512801170349, (264.1540050506592, 559.6422647833824)
0.01533720176666975, (355.97243309020996, 624.4304951429367)
0.015320496633648872, (197.73801565170288, 826.6635633707047)
0.01529290433973074, (209.64958667755127, 818.4473917484283)
0.015285332687199116, (264.60652351379395, 703.484564781189)
0.015284635126590729, (246.3540554046631, 682.9887228012085)
0.015259472653269768, (261.8066072463989, 690.1878353357315)
0.015236604027450085, (269.2821741104126, 592.7639669179916)
0.015183702111244202, (273.1487035751343, 583.3758467435837)
0.015135775320231915, (354.7769069671631, 823.4491676092148)
0.015130145475268364, (275.6390571594238, 715.7886873483658)
0.015115039423108101, (304.3357849121094, 582.58160841465)
0.01511454302817583, (281.0990810394287, 706.184317946434)
0.015071531757712364, (362.8039598464966, 655.4303950071335)
0.01503274030983448, (277.632737159729, 588.6536269187927)
0.015022105537354946, (319.76749897003174, 577.7242152094841)
0.01495257019996643, (291.7780637741089, 587.5436876416206)
0.014907014556229115, (346.5808153152466, 560.2684705853462)
0.014858860522508621, (208.04307460784912, 818.2653756141663)
0.01485732477158308, (233.53657722473145, 670.8115224838257)
0.014831885695457458, (247.6027488708496, 896.5527920722961)
0.014803395606577396, (359.2465400695801, 576.1169409155846)
0.014776337891817093, (331.97243213653564, 466.1448099017143)
0.014736025594174862, (276.5354633331299, 719.4345881938934)
0.014675067737698555, (253.68683338165283, 923.7726860046387)
0.014634016901254654, (416.47911071777344, 717.2368694543839)
0.014547632075846195, (280.9408187866211, 585.473769903183)
0.014541038312017918, (253.58383655548096, 924.1415323019028)
0.014530081301927567, (211.14330291748047, 810.3825181722641)
0.014521712437272072, (416.1783218383789, 715.284589767456)
0.01446639932692051, (255.56843280792236, 686.5543134212494)
0.014464414678514004, (287.48841285705566, 609.3772565126419)
0.01443919911980629, (277.120041847229, 596.0457208752632)
0.01441260240972042, (256.94329738616943, 543.24828094244)
0.014386000111699104, (130.95791339874268, 401.17414313554764)
0.01432853564620018, (220.57898044586182, 815.7244089841843)
0.014321964234113693, (367.9703950881958, 626.2314767837524)
0.014320146292448044, (265.14484882354736, 588.3971843719482)
0.01431677583605051, (360.15942096710205, 634.8130561113358)
0.014282886870205402, (266.2224531173706, 705.4037575721741)
0.01426063571125269, (348.9976644515991, 565.2953481674194)
0.014252186752855778, (208.3604335784912, 524.7046422362328)
0.01421337015926838, (291.2703037261963, 592.6828925609589)
0.014201294630765915, (270.36874294281006, 598.2833272814751)
0.01418450940400362, (357.1481466293335, 690.4624642133713)
0.014139499515295029, (252.4596929550171, 933.5795502662659)
0.014128046110272408, (255.23324012756348, 567.7726626396179)
0.014061233960092068, (315.5078649520874, 640.5646742582321)
0.014058437198400497, (365.41786193847656, 577.1749192476273)
0.014053157530725002, (274.53529834747314, 716.920595407486)
0.014031021855771542, (256.7006826400757, 914.7903960943222)
0.014024532400071621, (356.4046382904053, 627.32789093256)
0.014020200818777084, (268.06442737579346, 607.0859698653221)
0.014017980545759201, (348.68812561035156, 605.7823996543884)
0.01400356087833643, (212.42733001708984, 805.9479571580887)
0.013986144214868546, (348.1353759765625, 584.67074406147)
0.013967236503958702, (220.24719715118408, 806.1893463134766)
0.013881600461900234, (283.33325386047363, 593.229934334755)
0.013855202123522758, (340.5215263366699, 572.7881928682327)
0.013841825537383556, (351.28540992736816, 568.3631834983826)
0.013831591233611107, (189.07850980758667, 829.0461255311966)
0.013788606971502304, (282.898211479187, 605.1776277422905)
0.0137746911495924, (363.505220413208, 636.7583057880402)
0.013763573952019215, (256.6762924194336, 924.1672071218491)
0.013717427849769592, (280.4532289505005, 591.0465812683105)
0.01371708046644926, (268.4354066848755, 704.6451277732849)
0.013683234341442585, (251.86049938201904, 665.7199611663818)
0.013682705350220203, (252.49319076538086, 914.8594735860825)
0.013677584007382393, (242.09606647491455, 556.7704674005508)
0.013665310107171535, (352.8111696243286, 652.83593916893)
0.013629973866045475, (274.4266986846924, 613.1122933030128)
0.013588879257440567, (263.41540813446045, 597.5114780068398)
0.013543624430894852, (273.52752685546875, 711.317524433136)
0.013541903346776962, (374.76911544799805, 707.972003698349)
0.013518272899091244, (349.6096611022949, 567.0329833030701)
0.013504201546311378, (376.0314702987671, 693.8089019060135)
0.013471342623233795, (244.92032527923584, 670.352737903595)
0.013463840819895267, (184.45022106170654, 833.9326703548431)
0.013434452936053276, (360.6470823287964, 571.7287626862526)
0.013395482674241066, (303.1320571899414, 580.8594851493835)
0.013388609513640404, (259.1237783432007, 578.1334458589554)
0.013388225808739662, (259.2437505722046, 595.4313591122627)
0.013377245515584946, (38.23997378349304, 459.48307287693024)
0.013357503339648247, (241.09320640563965, 922.9701950550079)
0.013345060870051384, (248.86410236358643, 909.7643208503723)
0.013252370059490204, (311.41679286956787, 549.2070169448853)
0.013221626169979572, (264.04411792755127, 671.6318176984787)
0.013212566263973713, (216.579008102417, 820.445977807045)
0.013209482654929161, (312.00881004333496, 610.9764692187309)
0.013177120126783848, (207.10453987121582, 823.9091747999191)
0.013172656297683716, (318.25759410858154, 454.8083835244179)
0.013142325915396214, (256.0328483581543, 927.9971108436584)
0.013124451972544193, (180.12208938598633, 837.6040167808533)
0.01305502187460661, (206.5096378326416, 820.9491584300995)
0.013043520040810108, (268.53485107421875, 693.0128296613693)
0.013037774711847305, (258.0108165740967, 596.6646674275398)
0.013023804873228073, (253.385329246521, 671.5726739168167)
0.01302039809525013, (248.05562496185303, 896.735419511795)
0.012977303937077522, (264.55111503601074, 704.4182571172714)
0.012948580086231232, (252.82394886016846, 570.2937236428261)
0.012941635213792324, (263.4777307510376, 596.3725017309189)
0.012925649993121624, (369.59569454193115, 552.312371134758)
0.012918015941977501, (206.98668956756592, 819.5616483688354)
0.0129111772403121, (268.8101053237915, 712.5658097267151)
0.012894398532807827, (355.2927255630493, 574.297581911087)
0.012878402136266232, (209.492826461792, 825.0100591182709)
0.012870265170931816, (249.74744319915771, 599.0365699529648)
0.012830681167542934, (279.38854694366455, 644.135843038559)
0.012799300253391266, (200.49402713775635, 819.6465433835983)
0.012746713124215603, (276.4608144760132, 719.4775323867798)
0.012744695879518986, (263.803505897522, 587.9126485586166)
0.012742380611598492, (327.00726985931396, 455.0410233736038)
0.012729034759104252, (217.0872926712036, 517.789863049984)
0.012725936248898506, (277.0979404449463, 591.1791580915451)
0.012720875442028046, (234.66734886169434, 528.108962893486)
0.012695151381194592, (363.83392810821533, 632.7031360864639)
0.012691947631537914, (244.93703842163086, 609.8999224901199)
0.012684253975749016, (197.8818655014038, 832.4693584442139)
0.012663906440138817, (367.32096672058105, 630.7945647239685)
0.012650784105062485, (344.01490688323975, 564.3993275165558)
0.012640627101063728, (280.0074815750122, 719.0713964700699)
0.012617663480341434, (270.266056060791, 595.1214273571968)
0.012554031796753407, (233.68549346923828, 590.9719638228416)
0.01255101803690195, (193.7220811843872, 836.11075091362)
0.012547672726213932, (262.4891519546509, 594.8728935718536)
0.012537569738924503, (420.0032711029053, 616.3564901947975)
0.012523060664534569, (280.6873083114624, 816.409376502037)
0.012520842254161835, (245.32930850982666, 896.7097446918488)
0.012494429014623165, (225.3960132598877, 509.34941881895065)
0.012459834106266499, (254.43782806396484, 594.9072412848473)
0.012441430240869522, (215.36264419555664, 820.9445736408234)
0.012381492182612419, (277.20484733581543, 588.6601984500885)
0.012353110127151012, (410.9467029571533, 731.0031577348709)
0.012352838180959225, (257.43706226348877, 553.1728214621544)
0.012349016033113003, (320.6378698348999, 641.2196114063263)
0.012347893789410591, (258.10062885284424, 924.8102238178253)
0.012338941916823387, (275.2995252609253, 715.8881772756577)
0.01232160720974207, (298.4110116958618, 585.0959832668304)
0.01230868510901928, (245.45531272888184, 886.5890516042709)
0.012301684357225895, (380.7046413421631, 700.5181297063828)
0.012298805639147758, (262.2999429702759, 568.7005857825279)
0.012293337844312191, (342.7604675292969, 622.9122803807259)
0.012284251861274242, (363.38419914245605, 637.4430440664291)
0.012281636707484722, (291.55991077423096, 556.1080417633057)
0.012276715599000454, (394.40250396728516, 543.839222073555)
0.012268507853150368, (247.3522424697876, 894.035284280777)
0.012263359501957893, (328.31761837005615, 455.0546631217003)
0.012254549190402031, (407.275390625, 650.9792523384094)
0.012253348715603352, (445.6270217895508, 678.4478710889816)
0.01224888302385807, (264.812707901001, 709.9238249063492)
0.012218027375638485, (368.4312343597412, 699.541875243187)
0.012191709131002426, (231.71520233154297, 684.7890167236328)
0.012176793068647385, (302.05652713775635, 904.2949728965759)
0.012166771106421947, (212.11614608764648, 811.824205160141)
0.012157152406871319, (278.84156703948975, 588.6525953412056)
0.012132182717323303, (249.80497360229492, 677.4474700689316)
0.012088876217603683, (260.37914752960205, 595.7023965716362)
0.012057339772582054, (231.4974069595337, 655.9279210567474)
0.012056323699653149, (357.07433223724365, 642.3227117061615)
0.01204980444163084, (352.1876811981201, 814.2969348430634)
0.012049118988215923, (303.20703983306885, 908.8979485034943)
0.012047188356518745, (238.72246742248535, 666.4638432264328)
0.012024366296827793, (125.78749656677246, 404.9917825460434)
0.012010728940367699, (310.1741313934326, 581.9408841133118)
0.011980312876403332, (260.0008010864258, 563.9233499765396)
0.011948926374316216, (252.12647914886475, 589.9490591287613)
0.011948177590966225, (203.8811206817627, 803.4033991098404)
