0.40761303901672363, (549.6832174658775, 745.0256366729736)
0.26593217253685, (542.199715077877, 745.7341432571411)
0.2502937614917755, (548.503181040287, 742.9877672195435)
0.1288212537765503, (534.1271800994873, 742.8555772304535)
0.1216178834438324, (540.3343014717102, 746.8384258747101)
0.11183779686689377, (553.5793007016182, 746.759191274643)
0.10679330676794052, (533.9745728969574, 753.2547612190247)
0.10404022783041, (543.4174926280975, 728.270932674408)
0.09575318545103073, (539.0693783164024, 743.8722095489502)
0.08720628917217255, (539.9522085189819, 717.3302063941956)
0.08563267439603806, (564.0864872932434, 744.558089017868)
0.08398135006427765, (554.465621650219, 746.4389183521271)
0.07941413670778275, (522.9941643476486, 723.3637068271637)
0.07212820649147034, (495.39517641067505, 712.8594853878021)
0.06499670445919037, (563.3822600841522, 726.2757768630981)
0.06474395096302032, (536.5461438894272, 743.9469981193542)
0.06422776728868484, (543.8131378889084, 744.5734913349152)
0.06288518756628036, (496.6635903120041, 685.4696402549744)
0.06152810528874397, (564.4705925583839, 746.6915481090546)
0.055408526211977005, (488.240132689476, 682.7482731342316)
0.0537930391728878, (548.3771035075188, 744.5601532459259)
0.051591526716947556, (560.5826407074928, 746.2545669078827)
0.04802350327372551, (556.1684896945953, 746.2332100868225)
0.04778720438480377, (537.1798169612885, 745.3010523319244)
0.04737132787704468, (521.2536373138428, 699.8039574623108)
0.043044935911893845, (538.247287094593, 790.152281999588)
0.042441755533218384, (533.4759711623192, 699.1159343719482)
0.040886737406253815, (561.2354102134705, 740.6520137786865)
0.04043424502015114, (544.3734231591225, 710.3743135929108)
0.03960331529378891, (555.985944211483, 743.3124861717224)
0.03882702812552452, (653.0637964010239, 797.7313334941864)
0.03703539818525314, (557.6591614484787, 747.3574204444885)
0.0368766225874424, (497.48621541261673, 670.3288450241089)
0.036555368453264236, (481.0659103989601, 634.7686264514923)
0.03491240367293358, (525.6350163817406, 732.7272040843964)
0.03429807722568512, (663.6584159135818, 577.3732813596725)
0.03413078561425209, (560.9185736775398, 743.3118510246277)
0.03251698613166809, (506.86691772937775, 755.644660949707)
0.03225374594330788, (664.692990899086, 795.2591028213501)
0.03209654241800308, (516.3062235116959, 676.0891528129578)
0.0318194255232811, (521.1848080158234, 543.7391066551208)
0.030271323397755623, (667.4516658782959, 549.4457048177719)
0.030165420845150948, (554.9902602434158, 748.648515701294)
0.03016376867890358, (510.4569652080536, 772.660092830658)
0.03010963462293148, (660.6561279296875, 796.0455737113953)
0.02965768426656723, (529.5898262858391, 769.591141462326)
0.029566476121544838, (542.9495683908463, 745.8510103225708)
0.02820011042058468, (548.4708608388901, 748.8106369972229)
0.0273898858577013, (660.9182213544846, 799.3904964923859)
0.02717471309006214, (668.2048456668854, 544.2369031906128)
0.026569968089461327, (589.6922592520714, 730.4416272640228)
0.02624121680855751, (530.0690441131592, 629.4990491867065)
0.02622179687023163, (654.4582056999207, 588.6914438009262)
0.02604689821600914, (665.2609147429466, 579.1725339889526)
0.025790750980377197, (664.1671202778816, 799.4579808712006)
0.025759302079677582, (669.2542049884796, 748.6146941184998)
0.025631621479988098, (538.454883813858, 742.4178020954132)
0.025493931025266647, (668.8842269778252, 690.2544414997101)
0.02500133216381073, (652.9868767857552, 571.3207265138626)
0.024561729282140732, (650.1578940749168, 819.2605969905853)
0.023877469822764397, (513.2426216006279, 546.5042989253998)
0.02387246862053871, (567.0939908623695, 748.1858904361725)
0.02378641813993454, (661.2764950990677, 587.5167392492294)
0.02360033243894577, (412.21283423900604, 653.2248895168304)
0.023549890145659447, (670.0447973608971, 752.9375846385956)
0.023377731442451477, (402.36166149377823, 658.3900644779205)
0.023362882435321808, (498.45015412569046, 715.4133324623108)
0.023000996559858322, (545.4743223190308, 738.201854467392)
0.022615650668740273, (538.4789494276047, 586.9717036485672)
0.022502467036247253, (563.8346197009087, 751.2696089744568)
0.022125408053398132, (660.4187982678413, 548.7702655792236)
0.02200968936085701, (663.7808384299278, 743.1729125976562)
0.021989798173308372, (669.3018023371696, 709.6635839939117)
0.02193364128470421, (541.9896953701973, 756.1976358890533)
0.021783066913485527, (662.2770661115646, 575.9265353679657)
0.02153431996703148, (522.3915383815765, 545.7630822658539)
0.021361809223890305, (663.7554586529732, 749.8807804584503)
0.02134120464324951, (661.5725103616714, 700.9287235736847)
0.02128543332219124, (543.029773414135, 560.0199512243271)
0.021235693246126175, (473.2801504731178, 686.8037667274475)
0.021007852628827095, (655.2537672519684, 802.3864059448242)
0.02089368924498558, (513.3020874857903, 762.0818767547607)
0.020742982625961304, (650.3711581230164, 543.5719835758209)
0.02059810981154442, (642.618539750576, 535.7277184724808)
0.020591719076037407, (466.1712256669998, 664.5689342021942)
0.020590711385011673, (449.06242233514786, 633.483962059021)
0.020565222948789597, (668.9219270348549, 582.8161743879318)
0.020442528650164604, (646.8886666893959, 563.857509970665)
0.020428650081157684, (669.031248986721, 771.2811884880066)
0.020405370742082596, (649.4327634572983, 807.1560430526733)
0.02034701034426689, (550.7115501761436, 737.4424567222595)
0.020145630463957787, (662.0039665699005, 793.2475919723511)
0.020129075273871422, (509.7115471959114, 548.2176082134247)
0.01995001919567585, (411.0352208018303, 655.6499605178833)
0.01984648033976555, (519.2939735651016, 540.1845456361771)
0.01981567218899727, (651.749797463417, 830.2785730361938)
0.01978030800819397, (664.5934841036797, 571.0523371696472)
0.019733520224690437, (668.4172062277794, 697.3896839618683)
0.019675320014357567, (588.0669679045677, 691.8467552661896)
0.01958472467958927, (545.8239718675613, 746.0652136802673)
0.01954532414674759, (428.10763823986053, 648.4870891571045)
0.019506918266415596, (668.5129348039627, 554.3321295976639)
0.019426491111516953, (432.07029205560684, 660.2483460903168)
0.01931353285908699, (668.9655818939209, 674.1258337497711)
0.019304899498820305, (423.6596064567566, 630.8902992010117)
0.01926048845052719, (653.080387711525, 805.2142395973206)
0.019255027174949646, (584.7402048110962, 619.517275929451)
0.018891338258981705, (669.1174498796463, 650.3857026100159)
0.018764551728963852, (436.4023489356041, 638.9179630279541)
0.018692465499043465, (662.1796537637711, 591.4855352640152)
0.018691739067435265, (662.0649519562721, 589.6074846982956)
0.018589751794934273, (525.586844086647, 541.3270958662033)
0.018561674281954765, (670.0192533135414, 617.6896798610687)
0.01841290481388569, (532.4920735955238, 545.9606130123138)
0.018410637974739075, (523.9216760993004, 541.841207742691)
0.017989572137594223, (570.0083120465279, 746.806033372879)
0.01797620765864849, (668.9008593559265, 599.8907146453857)
0.01795470528304577, (661.9443364143372, 793.4574286937714)
0.017930254340171814, (545.727914750576, 738.498626947403)
0.017800437286496162, (661.450169980526, 797.5568268299103)
0.017793869599699974, (635.2008276581764, 549.5817056894302)
0.01774676889181137, (668.6712504029274, 586.3561270236969)
0.017512338235974312, (516.2359568476677, 543.38314640522)
0.017506537958979607, (531.5271492600441, 546.5223609209061)
0.017457257956266403, (524.8760049939156, 548.1849775314331)
0.017312267795205116, (430.23157238960266, 618.0828756093979)
0.017309552058577538, (638.9442215561867, 580.6319035291672)
0.017295174300670624, (516.7553387880325, 542.0236140489578)
0.017288586124777794, (521.8991789221764, 543.1165434122086)
0.017284877598285675, (506.8431806564331, 546.6500651836395)
0.017251554876565933, (422.9916830062866, 649.5719997882843)
0.017235029488801956, (505.8454022407532, 591.0470852851868)
0.017130766063928604, (529.1273640394211, 539.8314038515091)
0.017111675813794136, (569.3178835511208, 749.6244986057281)
0.017044272273778915, (422.2022405266762, 638.5397726297379)
0.017041610553860664, (563.7809854149818, 541.4549986124039)
0.016979914158582687, (471.05457401275635, 662.0234234333038)
0.01692054234445095, (528.4906519651413, 769.1334385871887)
0.01686619222164154, (415.38789361715317, 642.1061632633209)
0.01686052605509758, (456.6803389787674, 655.579022526741)
0.016853295266628265, (458.671747982502, 681.320065498352)
0.01682998798787594, (473.1901302933693, 668.7353403568268)
0.0167483389377594, (425.90062433481216, 645.1129496097565)
0.016745630651712418, (668.6703058481216, 507.26066386699677)
0.016731927171349525, (643.6286795139313, 541.4832626581192)
0.016717758029699326, (568.9667555689812, 747.0843071937561)
0.01666434481739998, (668.5593411922455, 646.1993687152863)
0.01659390889108181, (515.9083195328712, 544.5976270437241)
0.016541801393032074, (514.6695975065231, 545.0047960281372)
0.01652582921087742, (474.99468171596527, 669.2147176265717)
0.016442129388451576, (628.241183578968, 538.288036108017)
0.016423486173152924, (636.479672729969, 586.3636296987534)
0.01640152558684349, (409.7301335334778, 647.7987484931946)
0.016396263614296913, (447.65770506858826, 642.934831738472)
0.016326146200299263, (437.9488726258278, 673.4175653457642)
0.01631307229399681, (512.5812278985977, 545.8134573698044)
0.016246763989329338, (628.5867674350739, 531.9321985244751)
0.016237767413258553, (668.140615940094, 795.4982357025146)
0.016237745061516762, (650.3636838197708, 434.6895110607147)
0.016187472268939018, (493.6128014922142, 654.6727867126465)
0.016132084652781487, (658.0494441390038, 533.2470721006393)
0.01609141007065773, (612.2170577049255, 578.5933592319489)
0.016031524166464806, (593.2642780542374, 756.4389123916626)
0.016023732721805573, (556.527502655983, 760.53608751297)
0.01596613973379135, (418.0990944504738, 649.4653744697571)
0.015886401757597923, (635.2334353327751, 536.417130947113)
0.01587001606822014, (669.4103029370308, 594.4979982376099)
0.015861595049500465, (547.0194907784462, 535.7703527212143)
0.01584867760539055, (526.542610347271, 538.1072573661804)
0.015843160450458527, (569.190902531147, 745.805517911911)
0.0158146433532238, (520.3354479074478, 545.0801403522491)
0.015811311081051826, (416.0830038189888, 654.2626404762268)
0.0157846137881279, (662.6587073206902, 588.2676419019699)
0.015771685168147087, (508.1034631729126, 737.9387447834015)
0.015667716041207314, (654.5259672403336, 592.5698901414871)
0.015651706606149673, (404.79881823062897, 653.0923025608063)
0.015565026551485062, (665.1953708529472, 588.2090495824814)
0.015558109618723392, (654.6849809885025, 803.255366563797)
0.015556137077510357, (553.8270615339279, 732.5657179355621)
0.01554587297141552, (590.6739391684532, 754.1107807159424)
0.01548442430794239, (556.3333761096001, 744.3719115257263)
0.015434258617460728, (547.1022419929504, 748.8493809700012)
0.015370795503258705, (546.5882399082184, 554.3534070253372)
0.015318570658564568, (579.991147518158, 546.2938667535782)
0.01531409565359354, (490.97014248371124, 637.8052250146866)
0.015260870568454266, (581.4885132908821, 637.147887468338)
0.015255318023264408, (483.74581772089005, 654.3445744514465)
0.015233321115374565, (579.8594026565552, 539.3746933937073)
0.01521504856646061, (619.7573976516724, 530.8060033321381)
0.015184379182755947, (668.6726467013359, 581.0777767896652)
0.015160823240876198, (659.1853328943253, 543.3748497962952)
0.015147905796766281, (565.6678363084793, 527.2985225915909)
0.01512758806347847, (651.8074153065681, 950.2827093601227)
0.015092064626514912, (650.5343196988106, 645.4525151252747)
0.01503963302820921, (662.4948475956917, 593.3477071523666)
0.01503296010196209, (520.5768021941185, 545.5815095901489)
0.015005660243332386, (661.7925916314125, 602.7511392831802)
0.014963607303798199, (670.3966234922409, 982.1297786235809)
0.014958842657506466, (655.3506457209587, 598.8760671615601)
0.014883603900671005, (669.3296051025391, 786.8341941833496)
0.014855845831334591, (649.9029874801636, 977.2102468013763)
0.014812812209129333, (474.2066766023636, 647.1192601919174)
0.014761283062398434, (658.0209021568298, 538.6496729850769)
0.014754349365830421, (508.01426434516907, 544.7806288003922)
0.01474714931100607, (516.8237984776497, 545.9457267522812)
0.014725049957633018, (636.012282371521, 803.0306832790375)
0.014724441803991795, (616.0169606208801, 494.55426836013794)
0.014715831726789474, (546.5700880289078, 726.9969863891602)
0.014698080718517303, (574.9506334662437, 606.9904682636261)
0.014685435220599174, (479.82078182697296, 670.5368556976318)
0.014645436778664589, (599.0166989564896, 691.481942653656)
0.014622380025684834, (449.31946444511414, 663.0138162374496)
0.014611143618822098, (495.0409683585167, 635.7022926807404)
0.01460242923349142, (441.5958808660507, 631.0750079154968)
0.014590432867407799, (667.5133494138718, 900.7028889656067)
0.014590048231184483, (589.1469225883484, 644.2432347536087)
0.014569757506251335, (669.1225833296776, 589.1251698732376)
0.014568113721907139, (405.51318913698196, 665.9854710102081)
0.014547147788107395, (421.5065143108368, 645.3023425340652)
0.014537423849105835, (556.0434388518333, 737.9608161449432)
0.014525972306728363, (557.1357138156891, 743.944139957428)
0.0145177086815238, (566.5481613874435, 760.1244328022003)
0.014506708830595016, (628.4455770254135, 509.8070479631424)
0.01449391059577465, (475.01295679807663, 663.0224701166153)
0.014445693232119083, (667.4848484992981, 957.3202979564667)
0.014405702240765095, (661.836164355278, 692.5584375858307)
0.01437715906649828, (637.1681299805641, 606.4144295454025)
0.014358298853039742, (409.2661107182503, 658.3678343296051)
0.014272202737629414, (653.3091342449188, 854.4318673610687)
0.014269648119807243, (402.51697915792465, 646.611976146698)
0.014255925081670284, (650.824544429779, 970.3358116149902)
0.014235923998057842, (573.7657099962234, 543.4354269504547)
0.01423216238617897, (446.64924907684326, 628.0464677810669)
0.014209648594260216, (412.25394290685654, 653.7092288732529)
0.014160018414258957, (636.3130204081535, 536.8701893091202)
0.014146792702376842, (676.0724533200264, 582.2962667942047)
0.014141441322863102, (556.2508713006973, 739.7308917045593)
0.014138363301753998, (527.5674523115158, 758.5646703243256)
0.01408365461975336, (557.505938231945, 711.5099565982819)
0.014079470187425613, (636.3190573453903, 529.9382733106613)
0.014066219329833984, (663.141662299633, 560.8288904428482)
0.014054611325263977, (662.5924652814865, 555.7319540977478)
0.014053013175725937, (548.0416222810745, 736.7253756523132)
0.01401340588927269, (513.8748573064804, 545.5665439367294)
0.014009730890393257, (669.5328486561775, 432.7263904809952)
0.013984886929392815, (643.3584547042847, 533.6534471511841)
0.01395164243876934, (564.3883341550827, 744.1931970119476)
0.013923240825533867, (430.98729836940765, 627.6173465251923)
0.013876261189579964, (472.34935331344604, 685.441376209259)
0.013873384334146976, (563.3873935341835, 745.9848675727844)
0.01387261413037777, (458.56447941064835, 616.2549222707748)
0.01385333202779293, (647.7319898605347, 548.2909677028656)
0.013840634375810623, (428.92862063646317, 665.9599857330322)
0.013829744420945644, (665.5971762537956, 603.8669736385345)
0.013808974996209145, (650.773168861866, 575.6615996360779)
0.013774516060948372, (547.8967768549919, 734.4618701934814)
0.013735761865973473, (557.7267587184906, 921.3389768600464)
0.013685762882232666, (638.5597056150436, 984.8827443122864)
0.013676331378519535, (442.6380122900009, 673.5391166210175)
0.013667456805706024, (555.2034421563148, 734.0219514369965)
0.01363564282655716, (543.461393892765, 746.3885035514832)
0.013621912337839603, (652.3959140181541, 615.8483884334564)
0.013620886951684952, (551.9533933401108, 745.8203644752502)
0.013615774922072887, (419.67321556806564, 673.0393352508545)
0.013560432940721512, (676.0157389640808, 552.8895517587662)
0.013510879129171371, (533.5088663101196, 555.3901655673981)
0.013508699834346771, (480.96973007917404, 570.7755718231201)
0.013452741317451, (576.17921179533, 750.4685297012329)
0.013444265350699425, (509.1255536079407, 549.8617261648178)
0.013443240895867348, (407.18558502197266, 660.1668090820312)
0.013420531526207924, (520.276228427887, 772.2064390182495)
0.01341948937624693, (578.3449527621269, 620.578130364418)
0.01341916061937809, (648.0763827562332, 660.5513112545013)
0.01341188419610262, (644.2441596388817, 537.8961900472641)
0.013411537744104862, (660.2463964819908, 612.531054854393)
0.013410590589046478, (669.2589688301086, 613.1754512786865)
0.013385983183979988, (561.1375050544739, 742.4361419677734)
0.013379768468439579, (472.8188791871071, 636.5818523168564)
0.013361986726522446, (614.0738471150398, 550.3820704221725)
0.0132951270788908, (644.4193540215492, 637.3143357038498)
0.013281977735459805, (572.2007469534874, 749.1041543483734)
0.01326893549412489, (545.1537896990776, 742.4196281433105)
0.013254589401185513, (474.10716980695724, 672.9066689014435)
0.013244946487247944, (511.3891586661339, 543.1860523223877)
0.013221310451626778, (438.34640699625015, 619.39679646492)
0.013199125416576862, (556.6749764084816, 742.1619966030121)
0.013198727741837502, (481.04061275720596, 507.7893841266632)
0.013165784068405628, (564.4993809461594, 757.6940424442291)
0.013165759854018688, (660.7093926072121, 543.2337280511856)
0.013157355599105358, (636.5505964756012, 538.8578027486801)
0.013155937194824219, (668.2802457809448, 618.6031404733658)
0.013108396902680397, (597.3366644978523, 664.5831456184387)
0.013100195676088333, (487.9523309469223, 607.433681845665)
0.013093426823616028, (567.3401500582695, 541.0022578239441)
0.013083302415907383, (564.2556858062744, 749.7813005447388)
0.013081640005111694, (514.8782209157944, 545.5441153049469)
0.0130800511687994, (548.1407184004784, 759.5387477874756)
0.013075189664959908, (610.2846628427505, 495.38170623779297)
0.013068274594843388, (410.8961248397827, 657.1908670663834)
0.013030849397182465, (667.5738830566406, 533.2792264223099)
