0.4490634799003601, (458.78454983234406, 884.2854480743408)
0.21761634945869446, (461.0546567440033, 885.9870071411133)
0.21702459454536438, (453.38081842660904, 884.0660047531128)
0.16637592017650604, (461.9969474077225, 878.5419716835022)
0.14833439886569977, (460.03388434648514, 882.2943413257599)
0.14776542782783508, (446.97761940956116, 878.2780680656433)
0.1251598745584488, (455.87497156858444, 885.1922793388367)
0.11850003153085709, (464.57133036851883, 867.0677218437195)
0.10447630286216736, (434.82285648584366, 870.6644804477692)
0.10002387315034866, (435.1792837381363, 891.4874603748322)
0.09801603853702545, (480.2370492219925, 878.7880117893219)
0.09524395316839218, (455.4844202399254, 884.0013785362244)
0.09329245239496231, (477.39029276371, 885.5401811599731)
0.08876878768205643, (463.2106282711029, 864.7245848178864)
0.08794804662466049, (463.8446368575096, 926.8861927986145)
0.08697331696748734, (446.9554041624069, 865.9069905281067)
0.0778437927365303, (459.65578812360764, 884.6964676380157)
0.07752973586320877, (462.3841846585274, 884.6971821784973)
0.07542608678340912, (465.478258728981, 830.3888504505157)
0.07334475219249725, (480.5719531774521, 858.1980514526367)
0.0701841413974762, (486.595744907856, 844.1683666706085)
0.06914134323596954, (451.30882781744003, 885.1693346500397)
0.054709192365407944, (435.7521457672119, 899.5866973400116)
0.05386987328529358, (427.97320383787155, 949.4071590900421)
0.05386575683951378, (420.87299233675003, 821.0267822742462)
0.044293683022260666, (474.87385153770447, 886.6121506690979)
0.04135971516370773, (451.4932143688202, 882.3415803909302)
0.041284818202257156, (465.33975940942764, 882.3690505027771)
0.04007580131292343, (428.06840163469315, 859.090194940567)
0.039244942367076874, (463.0987144112587, 885.695871591568)
0.038683004677295685, (481.6780539751053, 883.9446122646332)
0.03755565360188484, (514.706955075264, 876.0964965820312)
0.037153471261262894, (510.47185492515564, 660.9328361749649)
0.036491554230451584, (483.52177381515503, 885.1706049442291)
0.03587013855576515, (467.30733835697174, 877.99391913414)
0.03584861010313034, (461.11722362041473, 883.1166186332703)
0.035417504608631134, (460.6277598142624, 866.2368700504303)
0.03485889360308647, (467.58626717329025, 829.5649058818817)
0.03462562710046768, (443.81256580352783, 827.8267464637756)
0.03436669707298279, (491.33101588487625, 890.4177138805389)
0.0340949147939682, (449.9371637701988, 886.0146360397339)
0.03369762375950813, (461.9282986521721, 774.628175497055)
0.03333939239382744, (484.5854107141495, 895.9265828132629)
0.03240034356713295, (495.1808453798294, 836.7600903511047)
0.03172532096505165, (511.25528836250305, 662.3269443511963)
0.03138700872659683, (511.8275312781334, 905.5625581741333)
0.03116215206682682, (509.8497915863991, 657.4936337471008)
0.02998155541718006, (497.64167565107346, 897.3394675254822)
0.02982914261519909, (456.1131845712662, 881.3075609207153)
0.02981863170862198, (486.20584911108017, 901.6444945335388)
0.029553933069109917, (508.3898856639862, 905.4633164405823)
0.029507948085665703, (463.4234576225281, 884.7130608558655)
0.029464663937687874, (500.3715289235115, 899.7438962459564)
0.02931521087884903, (482.0622684955597, 879.4770669937134)
0.02904432825744152, (472.48549395799637, 881.0216653347015)
0.028988096863031387, (493.1335100531578, 824.0448424816132)
0.028882380574941635, (499.4157998561859, 659.4599697589874)
0.028327932581305504, (518.5552549958229, 656.597282409668)
0.02801162376999855, (397.41675049066544, 854.0392670631409)
0.027986329048871994, (515.3948629498482, 909.3072266578674)
0.027912965044379234, (551.1092960834503, 851.2534325122833)
0.02777261659502983, (495.65359312295914, 895.6359236240387)
0.027677884325385094, (513.8744295835495, 656.7366971969604)
0.02752966247498989, (481.50182515382767, 888.1361067295074)
0.02746564708650112, (472.89378106594086, 886.8035681247711)
0.026909181848168373, (502.9183795452118, 902.5240938663483)
0.026724286377429962, (509.4250433444977, 660.6588892936707)
0.02668091654777527, (514.3227405548096, 881.8592655658722)
0.026615789160132408, (409.9375915527344, 857.08265376091)
0.026557445526123047, (515.5221818089485, 659.0086977481842)
0.026548262685537338, (486.33236676454544, 884.8421545028687)
0.026429424062371254, (513.1085862517357, 866.9712588787079)
0.026389269158244133, (504.76898247003555, 662.0129038095474)
0.026139773428440094, (477.4487807750702, 887.1595680713654)
0.0257550198584795, (519.4980919361115, 909.379236459732)
0.025724532082676888, (423.8769307732582, 884.8770875930786)
0.025556320324540138, (512.820370733738, 655.9050514698029)
0.02554411068558693, (476.25658679008484, 914.2984507083893)
0.025436490774154663, (501.9359921813011, 661.7884984016418)
0.025173353031277657, (414.8321567773819, 915.0147378444672)
0.024881865829229355, (506.89141261577606, 651.8193883895874)
0.02473151497542858, (497.7677927017212, 900.5399737358093)
0.024597613140940666, (477.49149960279465, 843.6889894008636)
0.02459508180618286, (516.0380489826202, 658.2183762788773)
0.02457418292760849, (439.2427437901497, 885.0014176368713)
0.024557506665587425, (455.445088326931, 846.4957838058472)
0.02440260909497738, (496.51627308130264, 904.3979365825653)
0.024397047236561775, (519.6445668935776, 661.1603379249573)
0.024376461282372475, (469.23678719997406, 828.5305688381195)
0.0243462473154068, (519.6137204766273, 661.2985618114471)
0.02422121725976467, (521.3062673807144, 656.9161262512207)
0.023958271369338036, (498.0805906653404, 663.7067220211029)
0.023863213136792183, (507.7199320793152, 665.5494425296783)
0.023793436586856842, (452.4932282567024, 926.1814970970154)
0.02363918535411358, (539.3864558339119, 817.0240852832794)
0.02355383336544037, (492.77908581495285, 833.5126626491547)
0.02347055822610855, (547.3212322592735, 819.2636933326721)
0.023423172533512115, (463.8278479576111, 920.1499814987183)
0.023320231586694717, (510.4375851750374, 903.0824675559998)
0.023241205140948296, (455.7726357579231, 885.2388038635254)
0.023075666278600693, (463.10832887887955, 1000.5604770183563)
0.023067446425557137, (520.1316270828247, 658.8779765367508)
0.022938981652259827, (492.0266444683075, 864.6424126625061)
0.022867390885949135, (494.3566961288452, 817.1148319244385)
0.022792639210820198, (559.0140637159348, 975.2795584201813)
0.022789347916841507, (454.86614441871643, 879.6169581413269)
0.02277437411248684, (490.4817379117012, 892.8589017391205)
0.022679723799228668, (435.02435970306396, 878.8035728931427)
0.02266911044716835, (396.1214194893837, 847.029545545578)
0.022576339542865753, (511.65570908784866, 651.1845588684082)
0.02252138964831829, (511.05138152837753, 911.1690809726715)
0.022505896165966988, (463.93367993831635, 901.145665884018)
0.02228495106101036, (457.0906918644905, 860.0749111175537)
0.0221780426800251, (531.7146933674812, 663.5174481868744)
0.0221414752304554, (450.1774890422821, 911.5221433639526)
0.022074099630117416, (524.4980885386467, 915.1816227436066)
0.02206535078585148, (443.4122543334961, 879.188472032547)
0.02205314114689827, (518.8950026035309, 660.8842871189117)
0.021872950717806816, (482.75097757577896, 866.960223197937)
0.02184290625154972, (455.5819488167763, 889.6542670726776)
0.02177199348807335, (434.86899864673615, 876.700600862503)
0.02173805423080921, (493.064351439476, 898.0143113136292)
0.02167350985109806, (478.9783915877342, 907.6101930141449)
0.02159087173640728, (500.91470992565155, 903.572642326355)
0.021548032760620117, (399.2643306851387, 855.0446255207062)
0.021424250677227974, (401.0469768047333, 847.9400289058685)
0.021346142515540123, (523.4821597933769, 912.2901949882507)
0.021243197843432426, (416.57110077142715, 884.8372321128845)
0.021117212250828743, (516.9607465267181, 648.4544981718063)
0.021089909598231316, (477.4430994987488, 902.1080725193024)
0.021061964333057404, (508.9753848910332, 663.8171582221985)
0.02105950377881527, (476.44177454710007, 813.3665113449097)
0.021022126078605652, (518.0388779640198, 913.0344285964966)
0.020893124863505363, (459.1647583246231, 865.4955739974976)
0.020886819809675217, (480.10645270347595, 910.9085912704468)
0.020814185962080956, (496.06082409620285, 656.1436285972595)
0.020780742168426514, (516.8402379155159, 649.4738298654556)
0.020623521879315376, (514.2537276148796, 917.2078213691711)
0.020584430545568466, (488.25129067897797, 900.4185018539429)
0.020545125007629395, (446.95693373680115, 848.8062107563019)
0.020542645826935768, (508.3403201699257, 652.2513678073883)
0.0205315463244915, (485.5115315914154, 862.2843496799469)
0.020525483414530754, (475.3341805934906, 879.1981580257416)
0.020515989512205124, (449.9026755094528, 878.686229467392)
0.020466791465878487, (503.9056469798088, 407.4505133628845)
0.020451486110687256, (443.20292115211487, 861.052323102951)
0.02043451927602291, (408.76131242513657, 827.5726082324982)
0.020404836162924767, (456.46913838386536, 868.1647796630859)
0.02037772722542286, (471.2344113588333, 846.5191254615784)
0.020359402522444725, (513.1329866051674, 809.8828089237213)
0.02035299688577652, (480.63226211071014, 879.7020678520203)
0.020328104496002197, (507.2133516073227, 916.6916055679321)
0.020315146073698997, (468.01341903209686, 862.4317038059235)
0.02027476578950882, (516.7114987373352, 904.4922559261322)
0.020223261788487434, (489.93458729982376, 907.9241144657135)
0.020221441984176636, (552.2225348949432, 863.6888980865479)
0.020114850252866745, (445.9536421895027, 857.739554643631)
0.02009475976228714, (506.16100442409515, 666.2015798091888)
0.020065760239958763, (492.1441667675972, 831.2956817150116)
0.020036136731505394, (481.57841312885284, 894.6381075382233)
0.020011242479085922, (361.6643693447113, 866.8302562236786)
0.0200069397687912, (517.8673835396767, 848.0861127376556)
0.01994047686457634, (465.06002938747406, 852.3373110294342)
0.019898802042007446, (510.0967085957527, 906.6350834369659)
0.019879022613167763, (513.0570541620255, 891.8983211517334)
0.01985466293990612, (555.2748005986214, 828.3021540641785)
0.0198164451867342, (498.16781282424927, 668.1144840717316)
0.01980527676641941, (463.83123487234116, 875.0009472370148)
0.019785113632678986, (443.1374408006668, 863.9291424751282)
0.019746283069252968, (454.0701466202736, 877.1480619907379)
0.019745392724871635, (552.474477648735, 950.5574898719788)
0.01974509283900261, (506.13212460279465, 841.460337638855)
0.01972205750644207, (519.2547075152397, 902.282817363739)
0.019655488431453705, (466.1279636621475, 892.810789346695)
0.019649069756269455, (471.7031530737877, 844.4266333580017)
0.01960105635225773, (465.7268509864807, 859.4749352931976)
0.019598275423049927, (437.76375460624695, 884.0654489994049)
0.01959461346268654, (370.440666615963, 870.4623448848724)
0.01949918270111084, (437.4065625667572, 861.9054844379425)
0.019481580704450607, (488.0945093035698, 842.0129950046539)
0.019473958760499954, (512.457351744175, 826.4795200824738)
0.019473634660243988, (426.22249668836594, 915.650758266449)
0.01945692114531994, (475.583027780056, 871.9829664230347)
0.019392581656575203, (454.5240296125412, 864.0874528884888)
0.01936471275985241, (439.2360063791275, 917.2270345687866)
0.019362950697541237, (496.74173963069916, 673.9760184288025)
0.01930936798453331, (455.032066822052, 904.3589544296265)
0.01927906833589077, (512.9812673926353, 829.3197391033173)
0.019251646474003792, (527.0446478128433, 658.7237945795059)
0.019236400723457336, (496.45057421922684, 900.6257185935974)
0.019228894263505936, (515.7059492468834, 651.795649766922)
0.019192883744835854, (455.7998403310776, 863.0458116531372)
0.019186660647392273, (516.9984031915665, 830.5331082344055)
0.019160063937306404, (517.1922585368156, 912.1083047389984)
0.019093845039606094, (444.88512521982193, 863.823469877243)
0.019084246829152107, (488.17335522174835, 860.6120867729187)
0.019017022103071213, (465.21695643663406, 862.8586020469666)
0.018952475860714912, (436.1577743291855, 967.3279137611389)
0.018939247354865074, (482.98707830905914, 900.8841440677643)
0.01892501674592495, (543.2476478815079, 855.5432159900665)
0.01891973987221718, (431.0351204276085, 959.4743993282318)
0.01886025071144104, (489.5278297662735, 915.7401552200317)
0.018823835998773575, (485.1425035595894, 670.2846229076385)
0.018720680847764015, (478.89859879016876, 819.9876022338867)
0.018706519156694412, (475.3709996342659, 890.1511108875275)
0.0187000073492527, (506.2617378234863, 912.0295464992523)
0.01867097057402134, (508.5691372156143, 658.7206585407257)
0.01865077205002308, (517.2942665815353, 381.91748106479645)
0.01859728805720806, (541.0121020674706, 962.859415769577)
0.018521666526794434, (456.7470110654831, 813.8091294765472)
0.018436981365084648, (474.89180582761765, 898.0247118473053)
0.018425025045871735, (536.8396416306496, 818.456262588501)
0.018414335325360298, (442.3339772224426, 877.8247318267822)
0.018398866057395935, (477.26118940114975, 901.9574632644653)
0.0183874499052763, (518.5304904580116, 661.5539306402206)
0.018350668251514435, (510.82941114902496, 663.9016327857971)
0.018282314762473106, (474.48879939317703, 907.7150716781616)
0.018280554562807083, (478.13621520996094, 844.8630588054657)
0.018271777778863907, (469.8202469944954, 883.7393803596497)
0.01819501630961895, (490.1583786010742, 895.4356141090393)
0.01816626824438572, (483.03751784563065, 916.4326243400574)
0.01816360093653202, (465.19463193416595, 918.6092734336853)
0.01814386248588562, (488.48669946193695, 884.8336594104767)
0.018131889402866364, (499.3387384414673, 913.9646809101105)
0.01795451156795025, (449.72502636909485, 864.7033867835999)
0.017944490537047386, (446.0897378921509, 899.1315350532532)
0.01791149005293846, (546.4289441108704, 854.5613579750061)
0.017874494194984436, (507.272567987442, 392.4005044698715)
0.017838584259152412, (374.5674947500229, 920.1751492023468)
0.01782740280032158, (503.803711771965, 903.7908947467804)
0.01782546564936638, (491.04793536663055, 897.1004140377045)
0.017784086987376213, (541.85934060812, 833.1504700183868)
0.017775535583496094, (447.2124454975128, 972.5365169048309)
0.017738202586770058, (501.1397030353546, 818.9253981113434)
0.01771511882543564, (505.00781458616257, 395.7994941473007)
0.017706144601106644, (454.58029609918594, 889.0369834899902)
0.0176804531365633, (543.8583486676216, 820.2710366249084)
0.017666883766651154, (469.46502155065536, 896.1341965198517)
0.017601603642106056, (495.74584102630615, 394.0586750507355)
0.017599062994122505, (460.2793081998825, 861.0666139125824)
0.017580555751919746, (516.1916619539261, 655.3699797391891)
0.017518771812319756, (414.2411583662033, 902.6781964302063)
0.017489733174443245, (482.1731262207031, 659.3653328418732)
0.017487816512584686, (523.3072420358658, 863.4557991027832)
0.01748320460319519, (440.736773788929, 845.7566313743591)
0.017476610839366913, (463.40036833286285, 835.6086480617523)
0.017448369413614273, (440.5417166352272, 873.9616084098816)
0.01741855777800083, (495.576968729496, 891.7409634590149)
0.017401965335011482, (480.1032842993736, 845.2024655342102)
0.017399640753865242, (470.16578513383865, 863.0716145038605)
0.017396070063114166, (517.6783718466759, 388.41614735126495)
0.01739199459552765, (477.9372248649597, 915.0207717418671)
0.01738928258419037, (468.2722448706627, 861.2947905063629)
0.017380086705088615, (489.3051310181618, 921.8005700111389)
0.017370691522955894, (513.9287294745445, 907.6099548339844)
0.017319384962320328, (557.5960389971733, 463.43047285079956)
0.01730850338935852, (471.7022790312767, 867.0569243431091)
0.017307467758655548, (476.3994199037552, 883.7972581386566)
0.01729336753487587, (500.04409074783325, 853.8490405082703)
0.017262836918234825, (475.1358457803726, 809.8377134799957)
0.017249468713998795, (445.8466448187828, 825.8865308761597)
0.017246268689632416, (462.35403019189835, 889.3357408046722)
0.01719835214316845, (509.09094059467316, 670.1189289093018)
0.017192518338561058, (468.6993238925934, 848.2538709640503)
0.017187951132655144, (437.6910269856453, 858.6593270301819)
0.017170799896121025, (441.6976378560066, 864.092851638794)
0.017127610743045807, (462.7977160215378, 811.0714073181152)
0.017114868387579918, (444.2499512434006, 887.2212567329407)
0.01710723340511322, (551.4606975913048, 470.1190481185913)
0.017031405121088028, (445.8344810605049, 873.7037386894226)
0.017018094658851624, (455.446799993515, 851.2888419628143)
0.017001423984766006, (458.7919063568115, 874.3919999599457)
0.016988223418593407, (508.71863490343094, 899.5977330207825)
0.016970468685030937, (499.61934250593185, 632.4511731863022)
0.016940290108323097, (403.15702468156815, 861.4767601490021)
0.016874363645911217, (490.22433239221573, 913.7461903095245)
0.01686827279627323, (457.79374980926514, 860.5388066768646)
0.01686694473028183, (479.06994754076004, 862.167562007904)
0.016866296529769897, (516.4768183231354, 826.073899269104)
0.016840657219290733, (471.8428177833557, 902.3233873844147)
0.016835013404488564, (488.9369406104088, 838.131055355072)
0.016826830804347992, (452.9033362865448, 883.3256614208221)
0.0168252382427454, (500.06204503774643, 906.8017301559448)
0.016747144982218742, (504.2106513977051, 392.1003974676132)
0.016738377511501312, (491.3330553174019, 928.1745886802673)
0.016727589070796967, (517.1644348502159, 901.8492500782013)
0.016726287081837654, (538.7201440930367, 870.030603647232)
0.016723966225981712, (470.13078701496124, 905.9761183261871)
0.016708746552467346, (467.7207604646683, 948.1681458950043)
0.01666358672082424, (468.32082706689835, 892.6134173870087)
0.016652673482894897, (479.2561550140381, 894.0663163661957)
0.01663566194474697, (515.3636159300804, 393.2850658893585)
0.01661081053316593, (484.8485339283943, 921.9694397449493)
0.016587786376476288, (454.7844942808151, 821.6415252685547)
0.01657836325466633, (378.03551334142685, 835.0410647392273)
0.01650051400065422, (440.5059537291527, 974.4009118080139)
0.01646021381020546, (466.1264340877533, 888.4254956245422)
0.016444073989987373, (459.4036268591881, 901.8074097633362)
0.016418835148215294, (459.92317229509354, 879.148060798645)
0.01640293374657631, (476.1860078573227, 915.4171035289764)
