0.12478571385145187, (203.62308025360107, 671.187177658081)
0.10381109267473221, (190.04316329956055, 671.8442440032959)
0.0924704447388649, (194.33562755584717, 671.1173000335693)
0.08915732055902481, (203.5839557647705, 673.6437282562256)
0.08798814564943314, (206.56709671020508, 673.3966512680054)
0.08183138072490692, (194.7394609451294, 669.5829038619995)
0.0805533230304718, (193.8011646270752, 667.4343023300171)
0.07209023833274841, (186.68543100357056, 670.3677406311035)
0.06319034099578857, (199.41563606262207, 665.3747406005859)
0.06225402280688286, (206.08665943145752, 672.0702629089355)
0.059595655649900436, (223.19655418395996, 667.2486391067505)
0.058651152998209, (127.20366716384888, 678.8162975311279)
0.05637579783797264, (218.83680820465088, 687.1206979751587)
0.05414406210184097, (183.30790996551514, 667.389139175415)
0.053552497178316116, (176.97769403457642, 669.2150983810425)
0.04896513745188713, (159.93839502334595, 666.7992420196533)
0.04712127521634102, (197.94681072235107, 662.8865690231323)
0.04664422944188118, (219.54631805419922, 660.8739309310913)
0.04658045992255211, (202.29687690734863, 684.2476577758789)
0.045750942081213, (177.34053134918213, 673.1983938217163)
0.04470996558666229, (209.39230918884277, 666.9293823242188)
0.04263404384255409, (258.44435691833496, 676.4171657562256)
0.04181595891714096, (216.0100221633911, 682.9084720611572)
0.041512977331876755, (223.67956638336182, 677.6344718933105)
0.03929414227604866, (231.14113807678223, 676.4213638305664)
0.03904901444911957, (223.99563789367676, 672.0083074569702)
0.03828931972384453, (408.0104351043701, 655.3186597824097)
0.03617209568619728, (157.44175910949707, 665.1361274719238)
0.03613992780447006, (267.32964515686035, 694.8961410522461)
0.03609423711895943, (220.53396701812744, 669.4963693618774)
0.03485048562288284, (131.03532791137695, 679.2229690551758)
0.034068699926137924, (132.55575895309448, 667.6189498901367)
0.03404649347066879, (381.31699562072754, 703.3035297393799)
0.03370330482721329, (246.9594955444336, 681.4824132919312)
0.03348243609070778, (144.32882070541382, 660.6246194839478)
0.03333181515336037, (358.69736671447754, 542.340895652771)
0.03316311538219452, (356.8511486053467, 542.8716812133789)
0.03311631828546524, (143.6971664428711, 675.0990381240845)
0.03272750601172447, (180.2778124809265, 686.2230548858643)
0.03251241147518158, (160.30045747756958, 673.4753313064575)
0.03239841386675835, (243.91231536865234, 658.5126495361328)
0.03238208219408989, (223.07944297790527, 682.6558427810669)
0.03215812146663666, (331.9274425506592, 641.2714290618896)
0.03187064081430435, (376.0702610015869, 680.6079273223877)
0.03146073594689369, (332.14900493621826, 638.1674947738647)
0.03089183010160923, (261.97509765625, 677.1411981582642)
0.030303500592708588, (350.1218795776367, 675.1959323883057)
0.030206775292754173, (194.91000175476074, 676.4109363555908)
0.02999269776046276, (132.61409997940063, 675.9429864883423)
0.029955647885799408, (213.92827033996582, 712.7324724197388)
0.029621705412864685, (198.353374004364, 664.7521390914917)
0.029456116259098053, (196.33886814117432, 658.9032735824585)
0.029170284047722816, (245.86920738220215, 688.7200965881348)
0.02893275022506714, (184.81734991073608, 666.4568281173706)
0.028823962435126305, (187.01311349868774, 669.1911287307739)
0.028688455000519753, (178.89792919158936, 666.1708173751831)
0.02845834381878376, (363.0038261413574, 548.7494254112244)
0.028269700706005096, (196.62401676177979, 665.7620468139648)
0.02789214253425598, (228.41055393218994, 683.1736278533936)
0.027873408049345016, (185.15034914016724, 668.7652273178101)
0.027673715725541115, (358.1413269042969, 541.7188696861267)
0.027645310387015343, (211.73019409179688, 668.335940361023)
0.02756473235785961, (127.08117961883545, 679.9731378555298)
0.02753562480211258, (126.14965438842773, 670.0565414428711)
0.027479970827698708, (170.71387767791748, 675.6720752716064)
0.02738293446600437, (182.8108787536621, 661.4884071350098)
0.0272911936044693, (134.32650566101074, 656.9441270828247)
0.027171611785888672, (186.89274787902832, 653.4962215423584)
0.027148254215717316, (138.09581995010376, 643.625262260437)
0.027145251631736755, (176.34060382843018, 665.7223682403564)
0.026986178010702133, (163.5143280029297, 684.9464340209961)
0.026888789609074593, (403.26037406921387, 656.9977540969849)
0.0268643070012331, (215.93680381774902, 672.5425462722778)
0.026612183079123497, (157.13460445404053, 675.994514465332)
0.026479218155145645, (208.0775499343872, 679.9964303970337)
0.02634025178849697, (218.78666877746582, 641.7684946060181)
0.026310496032238007, (120.37721872329712, 679.6190776824951)
0.025999490171670914, (242.5701141357422, 680.3055982589722)
0.025774618610739708, (122.73073196411133, 665.1558990478516)
0.025637516751885414, (264.2631530761719, 684.6071348190308)
0.025576230138540268, (373.3983278274536, 545.120020866394)
0.025370726361870766, (254.90412712097168, 687.4843730926514)
0.025310339406132698, (198.18172454833984, 640.396333694458)
0.025014953687787056, (379.0585994720459, 697.1937065124512)
0.02490350976586342, (151.9784450531006, 658.1071968078613)
0.02489975281059742, (376.61333084106445, 695.8129463195801)
0.024863841012120247, (381.27732276916504, 561.9643201828003)
0.02484246715903282, (244.56567764282227, 680.7702302932739)
0.02478204481303692, (331.502366065979, 662.218939781189)
0.024723080918192863, (188.02645206451416, 677.1342916488647)
0.024569669738411903, (134.52248573303223, 321.3755235671997)
0.024444738402962685, (219.50063705444336, 618.9977331161499)
0.024326426908373833, (368.53981018066406, 694.4011745452881)
0.02427368052303791, (180.8213710784912, 659.7984790802002)
0.024189459159970284, (126.6506552696228, 681.3954725265503)
0.02405046485364437, (356.2445878982544, 540.7771129608154)
0.02398756518959999, (181.53510093688965, 672.6236639022827)
0.023961082100868225, (292.9978132247925, 674.9397144317627)
0.02381816692650318, (265.43264389038086, 659.3165130615234)
0.02381277270615101, (360.6513023376465, 544.8600788116455)
0.02374899387359619, (193.76184940338135, 275.7386975288391)
0.023681018501520157, (343.323278427124, 661.7486877441406)
0.023562166839838028, (379.378342628479, 691.2745571136475)
0.023503508418798447, (371.34132385253906, 544.9146537780762)
0.02349860779941082, (248.52666854858398, 691.199330329895)
0.023495664820075035, (198.54928255081177, 660.0458946228027)
0.02336694672703743, (356.247878074646, 542.7478041648865)
0.023350117728114128, (175.2732753753662, 655.4863796234131)
0.023285342380404472, (330.9070587158203, 644.8617305755615)
0.022942863404750824, (402.4022102355957, 669.3932456970215)
0.02271355502307415, (265.1073455810547, 364.7641792297363)
0.022551920264959335, (366.07863903045654, 542.8291249275208)
0.02225659415125847, (198.82642030715942, 670.0254621505737)
0.022188443690538406, (269.85418796539307, 720.5358800888062)
0.022097691893577576, (184.35330390930176, 280.2379159927368)
0.021959789097309113, (404.64229583740234, 651.3113269805908)
0.02188555896282196, (300.2490043640137, 696.1793975830078)
0.021857619285583496, (337.7976894378662, 654.661187171936)
0.021819494664669037, (288.2672071456909, 695.8979234695435)
0.021787084639072418, (375.65815448760986, 704.6622161865234)
0.021706029772758484, (361.137056350708, 544.2375111579895)
0.021692495793104172, (199.46670532226562, 642.295352935791)
0.021679943427443504, (302.3008346557617, 666.1013460159302)
0.021559270098805428, (328.9130926132202, 645.2384061813354)
0.021554337814450264, (383.05885791778564, 706.4478197097778)
0.021511076018214226, (252.07414627075195, 683.1851387023926)
0.021506356075406075, (329.3090581893921, 639.5455465316772)
0.02136188931763172, (151.69243812561035, 659.4287099838257)
0.021277666091918945, (248.1860637664795, 637.1005067825317)
0.02118520811200142, (267.30098724365234, 364.75896549224854)
0.02110612951219082, (355.94983100891113, 543.0683135986328)
0.020941806957125664, (231.39491081237793, 660.9495639801025)
0.020857231691479683, (365.993070602417, 541.6504817008972)
0.020686756819486618, (302.02322006225586, 680.8269720077515)
0.02048230543732643, (172.96593189239502, 668.3891611099243)
0.020388349890708923, (169.50100660324097, 676.063985824585)
0.02038797363638878, (194.20937299728394, 279.615957736969)
0.020365871489048004, (227.5503635406494, 699.2723627090454)
0.020216962322592735, (408.4960460662842, 657.3686742782593)
0.020204855129122734, (176.91147327423096, 657.7825908660889)
0.02015150524675846, (283.2454442977905, 668.1807470321655)
0.0201511699706316, (229.14965152740479, 698.2181720733643)
0.020087063312530518, (194.91512775421143, 667.2374668121338)
0.02004924789071083, (366.7423725128174, 678.6956367492676)
0.020004451274871826, (166.01260900497437, 670.6807680130005)
0.019896190613508224, (290.6067371368408, 673.4430332183838)
0.019847610965371132, (170.73677778244019, 638.8176546096802)
0.019804904237389565, (262.76652812957764, 686.7818727493286)
0.01973539963364601, (138.88156414031982, 680.4893655776978)
0.019696885719895363, (301.87199115753174, 390.2891483306885)
0.019690578803420067, (145.31893730163574, 650.7103252410889)
0.01968223974108696, (134.8251223564148, 313.28434467315674)
0.019671231508255005, (95.85598707199097, 642.1088094711304)
0.019653456285595894, (184.36181545257568, 679.0318212509155)
0.01964363269507885, (154.07246351242065, 650.9664754867554)
0.019531914964318275, (264.0617609024048, 365.98280572891235)
0.01936960779130459, (268.6873435974121, 366.5527958869934)
0.019322633743286133, (216.86155796051025, 687.0863008499146)
0.019294150173664093, (366.914439201355, 643.1521663665771)
0.019275207072496414, (264.2700433731079, 364.5945634841919)
0.019236337393522263, (112.30500936508179, 657.6391792297363)
0.019184933975338936, (176.6111969947815, 680.3586835861206)
0.019163016229867935, (273.96512031555176, 686.1874389648438)
0.01907285489141941, (124.74207878112793, 313.02738189697266)
0.019051626324653625, (178.4168839454651, 665.3400726318359)
0.01902213878929615, (190.3710126876831, 650.6834440231323)
0.018983786925673485, (259.09199714660645, 685.0783348083496)
0.01891242526471615, (377.26025581359863, 702.6071910858154)
0.01890290342271328, (307.326340675354, 660.4075384140015)
0.018893873319029808, (223.6109495162964, 692.4777116775513)
0.018806757405400276, (278.1628370285034, 800.6255912780762)
0.01876593939960003, (277.9614448547363, 805.0808992385864)
0.01866137981414795, (143.90305280685425, 310.92746448516846)
0.018654147163033485, (275.98159313201904, 374.8033661842346)
0.018576402217149734, (410.78248023986816, 658.8312292098999)
0.01857612654566765, (150.78245401382446, 677.6274299621582)
0.01857079565525055, (129.13155555725098, 315.8812599182129)
0.018560461699962616, (159.44219827651978, 651.5433721542358)
0.018434185534715652, (217.42925643920898, 698.3963193893433)
0.01843377947807312, (136.4123821258545, 661.302134513855)
0.018425775691866875, (158.7302803993225, 660.1022300720215)
0.018404919654130936, (136.98610067367554, 312.45366764068604)
0.018345754593610764, (359.9050283432007, 537.0368318557739)
0.01834574155509472, (195.08063793182373, 565.1281447410583)
0.018298853188753128, (128.6765694618225, 677.678822517395)
0.018214169889688492, (303.2154083251953, 386.20855236053467)
0.018187973648309708, (265.1663303375244, 371.5611324310303)
0.018099403008818626, (125.69957971572876, 314.24983406066895)
0.018044691532850266, (336.4591598510742, 666.1096067428589)
0.018005337566137314, (296.22535705566406, 660.3151807785034)
0.01790190488100052, (235.45560836791992, 688.6346454620361)
0.01782400533556938, (234.19599533081055, 699.2695188522339)
0.017797093838453293, (296.34954929351807, 697.9473962783813)
0.017787929624319077, (339.8502588272095, 656.9155530929565)
0.017787186428904533, (383.81874561309814, 707.2423391342163)
0.01777498610317707, (259.47303771972656, 669.0991773605347)
0.017769284546375275, (348.9591360092163, 539.4372501373291)
0.01775500923395157, (410.05029678344727, 659.8158807754517)
0.017754975706338882, (380.279541015625, 708.7226343154907)
0.01775450073182583, (253.36651802062988, 723.3561058044434)
0.017722489312291145, (253.17294597625732, 686.3311891555786)
0.01764947921037674, (128.5655975341797, 314.3601350784302)
0.017631012946367264, (286.7048978805542, 688.6391143798828)
0.017619460821151733, (366.57257080078125, 680.6016302108765)
0.017581569030880928, (282.26356506347656, 794.7950077056885)
0.017560595646500587, (273.2016324996948, 687.2606563568115)
0.017527801916003227, (167.8052544593811, 678.7935466766357)
0.017494559288024902, (373.8746166229248, 707.7429256439209)
0.01747928187251091, (329.99823093414307, 681.9167108535767)
0.017474915832281113, (201.62630081176758, 665.6216144561768)
0.017421608790755272, (354.59444522857666, 693.58078956604)
0.01740110106766224, (360.3590726852417, 552.0589637756348)
0.017355477437376976, (295.73731422424316, 657.6700553894043)
0.017352672293782234, (149.49326515197754, 333.32639169692993)
0.017316827550530434, (347.9865074157715, 538.765287399292)
0.017300833016633987, (128.0177116394043, 315.5250668525696)
0.01729446090757847, (372.32825756073, 591.910403251648)
0.01726389490067959, (255.8049440383911, 678.1229381561279)
0.017260069027543068, (258.58471393585205, 362.8766031265259)
0.017228061333298683, (258.8766574859619, 668.5307445526123)
0.017204269766807556, (196.88407182693481, 546.3716902732849)
0.017104387283325195, (143.09189319610596, 676.1112480163574)
0.01687830500304699, (307.2587728500366, 695.8392181396484)
0.0168631412088871, (311.0119581222534, 647.7571830749512)
0.016848942264914513, (96.8113660812378, 645.9170045852661)
0.01679188199341297, (144.89314556121826, 321.8059277534485)
0.016696300357580185, (397.04430103302, 672.4311618804932)
0.016685830429196358, (355.3133964538574, 685.1489572525024)
0.016673630103468895, (322.809362411499, 672.229248046875)
0.016672862693667412, (184.81661081314087, 804.3977642059326)
0.016635388135910034, (192.0384168624878, 641.2912006378174)
0.016601311042904854, (375.0598669052124, 703.7567863464355)
0.016598345711827278, (199.77216720581055, 789.3767156600952)
0.0165244247764349, (161.61495447158813, 647.7942209243774)
0.016521072015166283, (328.4449100494385, 635.4977226257324)
0.016482817009091377, (282.30607509613037, 657.9522066116333)
0.016472045332193375, (125.89924335479736, 661.1495819091797)
0.016451463103294373, (86.198890209198, 655.511568069458)
0.016450127586722374, (121.86002731323242, 314.451003074646)
0.01644793711602688, (350.4639148712158, 648.9501810073853)
0.01644350215792656, (248.38190078735352, 684.0749950408936)
0.016430459916591644, (150.40128231048584, 717.6843719482422)
0.01641615480184555, (348.0128288269043, 680.7362394332886)
0.016411513090133667, (185.18646955490112, 676.9504566192627)
0.016401277855038643, (330.8583974838257, 654.352222442627)
0.016354136168956757, (187.97565698623657, 654.5722827911377)
0.016298754140734673, (241.36559963226318, 465.2475938796997)
0.01626875065267086, (234.4132661819458, 450.63782119750977)
0.016241559758782387, (267.63648986816406, 610.2023611068726)
0.01619376800954342, (336.3670825958252, 643.2259712219238)
0.016146494075655937, (152.0583152770996, 648.6024856567383)
0.016136081889271736, (205.08151054382324, 668.216362953186)
0.016104664653539658, (347.3336696624756, 674.2362661361694)
0.01610288955271244, (347.26197719573975, 675.2301263809204)
0.016077065840363503, (66.66028499603271, 26.828299790620804)
0.016029449179768562, (306.36146068573, 391.23913192749023)
0.016025913879275322, (203.194260597229, 671.6335277557373)
0.015966102480888367, (369.69263553619385, 694.3397607803345)
0.015949606895446777, (140.51425457000732, 511.9483947753906)
0.015948664397001266, (345.7350254058838, 715.0042400360107)
0.015937210991978645, (177.47766971588135, 672.2173986434937)
0.015923546627163887, (148.52551221847534, 647.7273225784302)
0.015831358730793, (124.82050657272339, 313.14265966415405)
0.015794578939676285, (382.0305585861206, 706.7387733459473)
0.015786968171596527, (284.43002700805664, 691.256139755249)
0.01577906683087349, (196.8069076538086, 672.4021816253662)
0.01574057526886463, (414.01891708374023, 661.1221590042114)
0.015710609033703804, (144.51701641082764, 653.3513879776001)
0.015702271834015846, (194.91405487060547, 662.3406162261963)
0.015663929283618927, (135.68909168243408, 314.0620379447937)
0.015606573782861233, (137.19242811203003, 678.8480539321899)
0.015572852455079556, (99.20622110366821, 408.05123472213745)
0.015562104992568493, (134.18735265731812, 314.95957946777344)
0.015539008192718029, (262.9767656326294, 365.5938744544983)
0.015535886399447918, (377.5400161743164, 708.7296762466431)
0.015529441647231579, (239.66434001922607, 692.7222833633423)
0.015527668409049511, (366.95146560668945, 704.9669151306152)
0.015485471114516258, (360.4884624481201, 691.891809463501)
0.015438390895724297, (125.73890686035156, 709.5139713287354)
0.015420982614159584, (266.348671913147, 369.30757904052734)
0.015383228659629822, (261.6706848144531, 690.0499382019043)
0.015311364084482193, (169.4602608680725, 585.6001558303833)
0.015266151167452335, (202.85422801971436, 690.8116855621338)
0.015246466733515263, (254.13033962249756, 370.3818120956421)
0.015231704339385033, (388.4758472442627, 708.5359554290771)
0.01520987693220377, (369.57476139068604, 542.5134229660034)
0.015203014947474003, (143.21683645248413, 680.7148427963257)
0.015192052349448204, (237.02058792114258, 721.3258628845215)
0.015185047872364521, (258.59718322753906, 715.0424289703369)
0.015167616307735443, (228.39090824127197, 526.0721726417542)
0.015135198831558228, (336.4729881286621, 715.898362159729)
0.015122679993510246, (296.39573097229004, 665.1640920639038)
0.015101948752999306, (209.41524505615234, 467.32333850860596)
0.015066335909068584, (187.9877209663391, 671.6545858383179)
0.015013245865702629, (352.2141695022583, 697.5514907836914)
0.01499121356755495, (401.97839736938477, 562.9606857299805)
0.014972107484936714, (211.14249229431152, 820.6461400985718)
0.01496676355600357, (291.94467067718506, 652.3292245864868)
0.014958231709897518, (232.30948448181152, 692.3470296859741)
0.014935377985239029, (95.53616046905518, 634.8386926651001)
