0.2056904137134552, (549.4790050983429, 560.0817755460739)
0.17475223541259766, (574.7761723399162, 567.2793028652668)
0.12087482213973999, (541.5734562277794, 563.0523242652416)
0.11982524394989014, (547.9191448688507, 561.6618969142437)
0.1159774512052536, (423.03658801317215, 416.2019820511341)
0.11425051093101501, (531.9246053695679, 564.2154366075993)
0.10568840801715851, (576.6872190237045, 570.0708042681217)
0.09969542920589447, (563.3605344295502, 559.2765592038631)
0.09563121199607849, (575.2905840277672, 570.6096941828728)
0.08662987500429153, (536.6284781694412, 565.9663421809673)
0.0864374190568924, (559.2699365615845, 558.6130472719669)
0.08453992009162903, (521.7207080125809, 559.0625922977924)
0.0823853462934494, (518.7788606882095, 568.8189826607704)
0.08023059368133545, (524.2059282064438, 693.3432726264)
0.07357627898454666, (463.5028068423271, 660.9874322712421)
0.0718001276254654, (530.3676505088806, 565.6521055996418)
0.06949510425329208, (574.3848353028297, 562.9023567438126)
0.06767066568136215, (559.1688539385796, 567.8765907287598)
0.06668797135353088, (638.9959601759911, 608.4638007283211)
0.06609936058521271, (561.7217853665352, 562.5832338035107)
0.0653848946094513, (582.057107269764, 776.6299504041672)
0.06513660401105881, (469.2430489063263, 694.5701857209206)
0.06469548493623734, (547.8898894190788, 565.4108863174915)
0.06290876120328903, (390.2333197593689, 896.155693769455)
0.06277115643024445, (521.6250729560852, 563.2976353764534)
0.06230960786342621, (515.7935942411423, 565.9381760954857)
0.062194086611270905, (566.4357059001923, 764.3367452025414)
0.06188739091157913, (549.9824813008308, 777.9774731397629)
0.06185213476419449, (539.5510774254799, 565.6435246765614)
0.061005763709545135, (480.11130726337433, 560.1267459392548)
0.05970479175448418, (637.6950409412384, 605.2231912910938)
0.05879813805222511, (619.5322085618973, 782.6315910220146)
0.05825119465589523, (539.9644468426704, 759.8971503973007)
0.05526505038142204, (537.0559305548668, 563.9845859408379)
0.05485713481903076, (419.8517792224884, 421.3441399335861)
0.05483832582831383, (545.7146559357643, 554.8233779370785)
0.05372839793562889, (547.6821151971817, 765.1070419549942)
0.052059680223464966, (544.4884692430496, 775.0536825060844)
0.04991021752357483, (530.6412797570229, 562.7466288805008)
0.04923119768500328, (562.4380798339844, 562.4557912051678)
0.04865005612373352, (447.1718901991844, 453.5102068185806)
0.048643823713064194, (420.7851289510727, 421.1500362753868)
0.04755110293626785, (549.6741490364075, 762.4808822274208)
0.04638242349028587, (557.4847891926765, 561.1471607089043)
0.04594726860523224, (570.3036798834801, 771.6335490345955)
0.04572595655918121, (576.5146723985672, 567.4894163012505)
0.04535692557692528, (513.6081112623215, 667.9350004792213)
0.045306820422410965, (634.377311527729, 610.578005105257)
0.044957034289836884, (570.8955277204514, 564.4288870692253)
0.04439603537321091, (422.01773166656494, 417.45793521404266)
0.044347818940877914, (639.1415917873383, 789.9605733156204)
0.04401397332549095, (422.4931629896164, 416.981852889061)
0.043767787516117096, (618.711119055748, 784.9996079802513)
0.0436551533639431, (573.807272195816, 563.7925877869129)
0.04348257929086685, (520.9262510538101, 605.8188106417656)
0.04342883080244064, (587.2267671823502, 779.1996190547943)
0.04333653301000595, (543.6528932452202, 772.2998418211937)
0.04225451499223709, (545.3683117628098, 562.7054325044155)
0.04222743958234787, (638.9545586705208, 792.2998282909393)
0.042047739028930664, (555.5657123923302, 567.0547289848328)
0.04157688841223717, (521.1624736785889, 764.5693835616112)
0.04150481894612312, (548.6928607225418, 562.200906008482)
0.041268330067396164, (531.8993851542473, 754.7287333011627)
0.04066209867596626, (565.0266020298004, 753.8309144973755)
0.03998987749218941, (442.58334439992905, 462.4015527367592)
0.039031099528074265, (567.6647979617119, 761.0772656798363)
0.03831689804792404, (540.3249143362045, 565.1579874455929)
0.03733055293560028, (568.0493961572647, 761.1502829790115)
0.03722444549202919, (390.27282470464706, 898.1142100095749)
0.03714730590581894, (634.7582780122757, 608.2980617880821)
0.03698432818055153, (633.7506396174431, 789.4976007342339)
0.03684559836983681, (596.840874671936, 759.705430328846)
0.03684212267398834, (509.20155453681946, 567.674065053463)
0.0366961732506752, (423.1306896805763, 440.2819988131523)
0.036292098462581635, (579.4459474086761, 570.8238994479179)
0.035775717347860336, (572.1830096244812, 571.7028878927231)
0.03572475537657738, (575.9751212000847, 568.3874734640121)
0.03566707670688629, (601.5740029215813, 770.2504313588142)
0.034879352897405624, (577.2973464727402, 570.056701362133)
0.03473721444606781, (580.9140867590904, 564.9354793429375)
0.034470558166503906, (560.2386349439621, 557.7063297331333)
0.034372758120298386, (563.4684769511223, 781.9995424747467)
0.03416368365287781, (633.4167239665985, 794.3512250781059)
0.03405661880970001, (635.2880639433861, 792.1157357096672)
0.03386469930410385, (471.0025725364685, 599.4328559041023)
0.03380956873297691, (525.8888630867004, 545.9956341385841)
0.03376983106136322, (445.184053003788, 617.2232944071293)
0.03368225321173668, (595.9201552271843, 777.2191737890244)
0.03350825980305672, (552.6949658989906, 777.4642068147659)
0.032791607081890106, (497.0049777030945, 547.6244999170303)
0.03275630250573158, (617.1008991003036, 775.4757367968559)
0.03271085023880005, (618.9817622303963, 772.9955322146416)
0.032342154532670975, (632.0265453457832, 610.3926810026169)
0.03223093971610069, (585.6481431126595, 783.1859345436096)
0.03199666738510132, (571.9550995826721, 563.2687939405441)
0.0311901792883873, (602.6615389585495, 790.7412784099579)
0.030843351036310196, (390.922779917717, 897.1909662485123)
0.030439456924796104, (529.2109102010727, 566.8916914463043)
0.030365293845534325, (612.472525537014, 780.3232432603836)
0.029999447986483574, (533.4766372442245, 564.390312641859)
0.02968333475291729, (626.7592731118202, 794.7415776252747)
0.029472190886735916, (556.1693431138992, 767.3057445883751)
0.029467370361089706, (615.8151119947433, 771.7625806927681)
0.02938014268875122, (423.5730724334717, 418.6738837957382)
0.029297325760126114, (472.9291548728943, 599.2996926903725)
0.02922772988677025, (516.8195929527283, 706.267096221447)
0.029027186334133148, (389.88673347234726, 896.7552460432053)
0.028916465118527412, (513.6162220835686, 544.0579743087292)
0.028876731172204018, (449.1097308397293, 451.1811615526676)
0.028746826574206352, (611.2334664463997, 751.8519788384438)
0.028415989130735397, (526.4902340769768, 583.5392383933067)
0.02829110622406006, (616.5854786038399, 789.1229798793793)
0.028264950960874557, (503.80741453170776, 592.8138258159161)
0.028017127886414528, (485.7084195613861, 751.5667425990105)
0.027997959405183792, (541.849708378315, 759.5174445509911)
0.02786671184003353, (518.6382327675819, 560.8698300421238)
0.027829395607113838, (412.0301228761673, 428.93341022729874)
0.027340218424797058, (615.1819433569908, 747.6868941187859)
0.02730690874159336, (477.89467227458954, 578.3511169552803)
0.027230726554989815, (638.6708009839058, 607.8955132067204)
0.02721281163394451, (398.98602575063705, 897.2461066246033)
0.026947742328047752, (547.5610581636429, 557.9480654597282)
0.026897842064499855, (555.4597874879837, 768.2755478024483)
0.026759004220366478, (391.0310856103897, 896.2995036840439)
0.026696257293224335, (546.3206674456596, 565.0600616335869)
0.026456916704773903, (595.5866834521294, 775.1079488992691)
0.026408271864056587, (394.6245829463005, 895.0606726408005)
0.02637532912194729, (524.7780033946037, 562.168926179409)
0.026372598484158516, (567.0000737905502, 560.7023034095764)
0.026288941502571106, (618.5857039690018, 758.588559627533)
0.026176705956459045, (539.445354282856, 768.6561276316643)
0.025677649304270744, (569.8491107225418, 570.4770474135876)
0.025672394782304764, (554.1044329404831, 780.6350167989731)
0.025668678805232048, (542.4619745016098, 567.2571354806423)
0.025625132024288177, (532.9876071810722, 557.2357693910599)
0.025496259331703186, (445.19050937891006, 654.3730501830578)
0.02546023763716221, (553.2854417562485, 779.3267438411713)
0.025427699089050293, (549.0603091716766, 563.7408638894558)
0.02533155307173729, (520.8175821900368, 559.2996800243855)
0.02523474209010601, (632.3404462337494, 794.3556744456291)
0.025064527988433838, (638.9047638773918, 794.7592161893845)
0.02484903112053871, (438.05895882844925, 468.0931280553341)
0.02476574294269085, (520.3478405475616, 745.3521679639816)
0.024658771231770515, (540.0372828245163, 566.7306005060673)
0.024449525400996208, (598.6894962787628, 780.7194753289223)
0.024337779730558395, (542.5344876646996, 752.4729834198952)
0.024260392412543297, (450.42868757247925, 460.86306473612785)
0.024258418008685112, (536.855339050293, 794.8567050099373)
0.024213213473558426, (630.2955508232117, 612.3442451059818)
0.024199141189455986, (552.6239457726479, 779.4668194651604)
0.023845752701163292, (511.8473770618439, 567.0244971215725)
0.02381235733628273, (508.5215771794319, 568.6098226606846)
0.023807933554053307, (601.3920542001724, 764.9850021600723)
0.02352333813905716, (415.7031950354576, 655.7294319272041)
0.023504922166466713, (447.48357170820236, 566.251061975956)
0.023314423859119415, (417.5836142897606, 430.65094554424286)
0.023267226293683052, (531.8017728328705, 761.4089024662971)
0.023202771320939064, (437.59740871191025, 472.11642891168594)
0.02318587899208069, (581.3831424117088, 568.3471510708332)
0.022979483008384705, (400.11217898130417, 447.4363434314728)
0.022885682061314583, (488.4564949274063, 509.7804044485092)
0.02285577915608883, (541.3658030629158, 566.9323316514492)
0.022759705781936646, (593.0191041231155, 773.3355115652084)
0.022334113717079163, (503.60524928569794, 562.944149017334)
0.02215510979294777, (582.2300574183464, 762.6635446548462)
0.022144727408885956, (588.9647426605225, 563.4843896329403)
0.021725712344050407, (519.3052166700363, 565.5268479585648)
0.021625733003020287, (463.3135139942169, 564.358809530735)
0.021597107872366905, (615.3443615436554, 759.5857741236687)
0.02151048555970192, (422.84172654151917, 416.8785640001297)
0.021240174770355225, (607.6025221347809, 757.1475207209587)
0.021239623427391052, (608.8927076458931, 745.3826779127121)
0.021032750606536865, (578.8039819598198, 778.3502665758133)
0.020974382758140564, (629.2467126846313, 756.7633655071259)
0.02095641754567623, (388.50079184770584, 895.1951071023941)
0.020954959094524384, (388.93865513801575, 898.2215510010719)
0.02093857154250145, (532.8488354682922, 568.2801721990108)
0.02074221707880497, (516.2563145756721, 751.6332447528839)
0.020717794075608253, (375.7700710296631, 640.3925415277481)
0.020707644522190094, (390.3349269628525, 468.59451615810394)
0.02062697522342205, (590.3718289136887, 780.0016175508499)
0.020573483780026436, (351.7323811650276, 511.5863709449768)
0.020569361746311188, (400.57429403066635, 444.49654302001)
0.02037724293768406, (525.7175270318985, 560.5863417685032)
0.020316584035754204, (453.4599960446358, 540.243555366993)
0.020293865352869034, (565.3209320306778, 548.4860881567001)
0.02026284858584404, (431.10403048992157, 452.26454281806946)
0.020147357136011124, (639.8432787060738, 799.9340689778328)
0.020109739154577255, (578.2196800112724, 566.4229187965393)
0.020103879272937775, (422.9899407029152, 417.290448307991)
0.020042458549141884, (440.6064023375511, 460.1953417956829)
0.019977010786533356, (517.8111711144447, 562.3412597179413)
0.019961535930633545, (621.6283110976219, 790.4445214867592)
0.019838949665427208, (560.2904877066612, 783.564448595047)
0.01980174146592617, (589.8981730937958, 752.5788942575455)
0.019793076440691948, (421.9327092766762, 473.7383822798729)
0.01963258907198906, (534.0038002729416, 544.6555402576923)
0.019597221165895462, (610.1036411523819, 754.0640295743942)
0.01956496201455593, (578.2985284924507, 782.2672990560532)
0.01955346018075943, (450.8686491847038, 592.3642410635948)
0.019543707370758057, (425.8416408896446, 423.2605460882187)
0.019503183662891388, (420.21394151449203, 418.3725583255291)
0.01947927288711071, (416.75058048963547, 467.64882692694664)
0.01947774551808834, (593.0628864169121, 771.8771519064903)
0.019471459090709686, (346.81423741579056, 651.8890318572521)
0.01936214603483677, (539.9198978543282, 547.7289011478424)
0.019357934594154358, (419.08786898851395, 609.2528483867645)
0.019314153119921684, (624.6118423938751, 787.1786857247353)
0.019289210438728333, (640.1289329528809, 605.4034304022789)
0.019261114299297333, (640.2692380547523, 610.856646746397)
0.018865562975406647, (583.834950864315, 722.4061440229416)
0.01881151646375656, (423.80626863241196, 423.48579531908035)
0.0187529344111681, (399.4682766199112, 626.7589643597603)
0.01868666335940361, (546.8527534604073, 779.0886232256889)
0.018627040088176727, (578.2251679301262, 596.4250040054321)
0.018472667783498764, (606.151330769062, 779.7691380977631)
0.01847023330628872, (385.50705140829086, 896.1588718891144)
0.01843521185219288, (389.33188873529434, 899.6966752409935)
0.018400032073259354, (441.05027812719345, 446.0333227813244)
0.018368151038885117, (381.44046318531036, 621.9536077082157)
0.018310818821191788, (563.4865951538086, 741.2527908682823)
0.018286116421222687, (534.0660235881805, 567.8562110364437)
0.018254166468977928, (558.4831869006157, 543.7975671291351)
0.01816577836871147, (564.5809507369995, 777.2001845240593)
0.018102670088410378, (538.4492163062096, 764.2662703990936)
0.018055563792586327, (485.9040073752403, 511.03635761141777)
0.0179776381701231, (561.9415038824081, 731.1808529496193)
0.01793951727449894, (351.0477632880211, 510.15442940592766)
0.017935561016201973, (632.6403448581696, 784.8333923220634)
0.017784204334020615, (412.9294555783272, 425.05805084109306)
0.01775466836988926, (540.5003663301468, 699.9694932103157)
0.017720097675919533, (615.5558078289032, 663.3669301867485)
0.017700660973787308, (601.0690740346909, 753.2981821894646)
0.017620090395212173, (539.7607078552246, 736.6619970202446)
0.017576035112142563, (357.1357618570328, 507.2217797636986)
0.017566287890076637, (478.8852416276932, 510.0831997990608)
0.01746722310781479, (349.3963032364845, 674.8254022598267)
0.017415137961506844, (546.0600720047951, 557.0160421431065)
0.017270999029278755, (615.4718749523163, 753.6828935742378)
0.017268775030970573, (624.5112843513489, 784.6772671937943)
0.017218811437487602, (389.2653477191925, 635.8305096626282)
0.017143744975328445, (592.9212496876717, 768.3200414776802)
0.017142418771982193, (349.1215037703514, 715.3299016952515)
0.017093215137720108, (398.0380684733391, 458.193881213665)
0.017037170007824898, (386.39698201417923, 896.3647345900536)
0.016974985599517822, (571.1273115873337, 573.7089567482471)
0.01693095453083515, (571.978140771389, 784.4339026808739)
0.016835259273648262, (538.3107270598412, 736.2241315841675)
0.016789371147751808, (415.9438967704773, 420.535268753767)
0.016775663942098618, (480.97145783901215, 911.9097918272018)
0.01663142628967762, (637.6428250074387, 604.4195640087128)
0.016613654792308807, (388.46532213687897, 897.6229521632195)
0.016610492020845413, (411.05299085378647, 717.0600700378418)
0.01660853624343872, (378.9682767987251, 802.0858148932457)
0.01660815440118313, (412.01313453912735, 467.2361083626747)
0.016537031158804893, (645.9646890163422, 607.3224982321262)
0.01653395965695381, (507.8531405925751, 556.2190491855145)
0.016529487445950508, (514.0502922534943, 579.5065223574638)
0.016529478132724762, (417.99383622407913, 460.1918855905533)
0.01650441437959671, (482.9125670194626, 910.3043646812439)
0.01649567112326622, (355.14259815216064, 510.03310468792915)
0.016494369134306908, (305.5755940079689, 654.5520974993706)
0.01648935116827488, (581.2361388206482, 1070.229650080204)
0.016456710174679756, (571.6508832573891, 785.161533176899)
0.016447018831968307, (536.0907024741173, 760.6242247223854)
0.01636887900531292, (517.4277027845383, 760.1900935769081)
0.01636749692261219, (510.69814229011536, 562.3257663846016)
0.016359813511371613, (333.3089735209942, 667.909098803997)
0.01629243977367878, (604.5532568693161, 746.2916201353073)
0.016286488622426987, (410.3689379096031, 470.0075081586838)
0.016279026865959167, (533.6093157529831, 765.9549642801285)
0.016186067834496498, (383.3373461961746, 449.01904702186584)
0.016139404848217964, (479.47797721624374, 819.4599594473839)
0.016122393310070038, (581.5602084994316, 635.5592571496964)
0.01610369049012661, (494.96375435590744, 579.1176794171333)
0.016084270551800728, (430.3550909757614, 476.54569482803345)
0.015944667160511017, (493.16190111637115, 516.2467656135559)
0.015867624431848526, (518.6798360347748, 780.8471562862396)
0.01583164744079113, (632.9931050539017, 791.4572293162346)
0.015783406794071198, (503.76746571063995, 574.862296372652)
0.015771469101309776, (522.070320725441, 761.0385720729828)
0.015767615288496017, (580.6943682432175, 781.1794286966324)
0.015677284449338913, (356.14769434928894, 641.2925850152969)
0.01562253013253212, (431.60476273298264, 906.7606023550034)
0.015596308745443821, (407.6438230276108, 458.4418937265873)
0.015576005913317204, (545.6329827904701, 541.3992388546467)
0.015555077232420444, (571.0912365913391, 787.7298511266708)
0.015505068004131317, (423.9021458029747, 428.16625186800957)
0.015467285178601742, (488.33059561252594, 524.1605616509914)
0.015449916943907738, (393.383385181427, 900.6714045405388)
0.015438757836818695, (570.1017567515373, 773.2604284882545)
0.015396900475025177, (354.25916427373886, 510.88857504725456)
0.015391362830996513, (585.4431532025337, 578.1783464252949)
0.015372145920991898, (509.3849962949753, 559.1866184175014)
0.015350991860032082, (522.0659223198891, 576.8550568521023)
0.015311709605157375, (405.1742998957634, 645.5691422820091)
0.015304931439459324, (566.9232832789421, 571.070243448019)
0.015173949301242828, (422.70222848653793, 458.68756237626076)
0.015153049491345882, (387.56683683395386, 457.81882336735725)
0.01513145212084055, (560.0401821136475, 542.5687471628189)
