0.20646803081035614, (497.9218747615814, 779.3165137767792)
0.10468214005231857, (473.2090666294098, 507.04491233825684)
0.1011400818824768, (496.778840303421, 778.1032240390778)
0.08853909373283386, (496.76431131362915, 779.5079312324524)
0.08355078846216202, (471.34390211105347, 506.2125917673111)
0.08106701821088791, (496.29536962509155, 779.0166449546814)
0.07786266505718231, (472.6879427433014, 508.20643758773804)
0.0754004493355751, (469.95339488983154, 506.9257825613022)
0.07163207978010178, (494.94417357444763, 777.7144346237183)
0.0700991079211235, (474.42396068573, 506.58359706401825)
0.06675954163074493, (495.67110300064087, 777.6063008308411)
0.06464213877916336, (474.0198540687561, 505.5805410146713)
0.05871326103806496, (495.70544028282166, 776.606817483902)
0.04988823086023331, (494.55756282806396, 777.9233186244965)
0.04960814118385315, (478.4718768596649, 509.1505837440491)
0.048967357724905014, (470.01055097579956, 512.8009725809097)
0.04754922166466713, (495.2514638900757, 780.0463771820068)
0.04299179092049599, (478.3593099117279, 512.5207933187485)
0.04118883237242699, (474.85956859588623, 510.8795335292816)
0.040153246372938156, (469.02873158454895, 507.2574087381363)
0.040102019906044006, (466.8042690753937, 506.51238119602203)
0.0397581048309803, (469.94231271743774, 497.4150502681732)
0.038070254027843475, (488.6402063369751, 516.5673948526382)
0.03803226351737976, (461.61597990989685, 537.1628730297089)
0.037098951637744904, (491.6741909980774, 498.5222307443619)
0.0365184023976326, (478.57816100120544, 508.7727506160736)
0.03615006059408188, (498.6163430213928, 780.5318677425385)
0.036137841641902924, (472.0241467952728, 503.3039753437042)
0.03547358512878418, (474.56104803085327, 508.3045678138733)
0.035432782024145126, (494.0451214313507, 776.4615275859833)
0.035431504249572754, (476.2136878967285, 509.0841314792633)
0.035315923392772675, (469.42690443992615, 504.261221408844)
0.034975454211235046, (494.39516973495483, 500.5390212535858)
0.03366769850254059, (482.2933065891266, 508.61840987205505)
0.0332285612821579, (479.18344831466675, 509.3478763103485)
0.03317980095744133, (498.3296899795532, 779.8937830924988)
0.03296618163585663, (478.7138521671295, 508.35097324848175)
0.032089803367853165, (489.2982430458069, 544.670986533165)
0.03205818310379982, (478.893522977829, 506.4452143907547)
0.031528472900390625, (465.43967843055725, 499.5204041004181)
0.030617060139775276, (477.8453850746155, 510.4257606267929)
0.029716815799474716, (469.2393364906311, 507.7753314971924)
0.02960428223013878, (495.00865960121155, 776.1749174594879)
0.028621112927794456, (495.75299763679504, 780.2165966033936)
0.02806719020009041, (477.08468556404114, 502.272377371788)
0.02789871208369732, (468.26833748817444, 506.0068041086197)
0.02730054408311844, (496.56618475914, 779.2858679294586)
0.027215249836444855, (511.0398509502411, 527.0930128097534)
0.027078703045845032, (465.40569019317627, 507.4762169122696)
0.026770468801259995, (468.765900850296, 548.322169303894)
0.02631530910730362, (485.2112338542938, 587.8728185892105)
0.025880681350827217, (486.8114297389984, 516.2124270200729)
0.025823460891842842, (497.81729221343994, 781.0316491127014)
0.025237957015633583, (713.0045893192291, 466.7838113307953)
0.02516544610261917, (476.2876853942871, 499.46959233283997)
0.024575280025601387, (478.7289047241211, 508.19829976558685)
0.024321675300598145, (500.7418076992035, 510.98850095272064)
0.024086730554699898, (494.2975244522095, 780.2291407585144)
0.023971401154994965, (485.19133830070496, 505.2239456176758)
0.023588737472891808, (277.67451882362366, 634.5707384347916)
0.023483775556087494, (474.59250569343567, 508.6674749851227)
0.023205766454339027, (479.5003809928894, 503.9987071752548)
0.02308984473347664, (512.1118111610413, 512.0353027582169)
0.022743158042430878, (513.7383599281311, 541.84073138237)
0.022581705823540688, (489.9532256126404, 500.0126827955246)
0.022566398605704308, (478.9479739665985, 559.7092452049255)
0.022385844960808754, (512.0077085494995, 585.6344014406204)
0.022368697449564934, (488.43566608428955, 488.71047842502594)
0.02236292138695717, (491.5560829639435, 778.9136717319489)
0.022358382120728493, (491.4608373641968, 513.0567780733109)
0.02228018082678318, (472.46747732162476, 516.6158645153046)
0.02221865765750408, (465.82995414733887, 504.35744619369507)
0.02201821468770504, (479.9473764896393, 506.9983481168747)
0.021584143862128258, (274.448145031929, 633.1973519325256)
0.02137654274702072, (471.88077664375305, 508.7326966524124)
0.02108195796608925, (480.45785450935364, 506.4253263473511)
0.02101491577923298, (273.7843054533005, 641.5471941232681)
0.02090040221810341, (478.3814742565155, 487.1259055137634)
0.020576808601617813, (276.0079389810562, 636.3088184595108)
0.020329251885414124, (492.0940046310425, 522.1274725198746)
0.020097648724913597, (464.82274174690247, 506.22847044467926)
0.019932258874177933, (472.1741487979889, 571.4030177593231)
0.019839774817228317, (363.4796565771103, 691.3023548126221)
0.019496439024806023, (461.0751349925995, 596.060341000557)
0.019427675753831863, (492.3023843765259, 779.5826404094696)
0.01930849999189377, (495.43287992477417, 779.5017385482788)
0.01918395422399044, (465.4989724159241, 512.4192491769791)
0.019172880798578262, (357.74653029441833, 689.0999822616577)
0.01881326176226139, (462.28383350372314, 484.8999134302139)
0.018647046759724617, (486.28323769569397, 624.0366650819778)
0.018609927967190742, (408.4835078716278, 661.8133882284164)
0.018609335646033287, (358.53050673007965, 686.5823385715485)
0.01859425939619541, (215.0276963710785, 609.4857627153397)
0.018567988649010658, (509.3746454715729, 588.4854576587677)
0.018565388396382332, (278.0613477230072, 637.4316394329071)
0.01854456029832363, (719.2538437843323, 470.1781564950943)
0.018361002206802368, (712.4586832523346, 465.17506313323975)
0.018310831859707832, (492.71290469169617, 778.7287645339966)
0.018272146582603455, (480.7361304759979, 509.6347643136978)
0.018205812200903893, (488.6271607875824, 519.3011870384216)
0.01795683242380619, (402.08150267601013, 598.921003818512)
0.01795232482254505, (481.1939899921417, 530.2668031454086)
0.017912622541189194, (280.1435090303421, 636.6464785337448)
0.01791214384138584, (282.6372596025467, 648.1687613725662)
0.017827477306127548, (473.7585504055023, 494.8084462881088)
0.017652979120612144, (368.40016293525696, 693.9143178462982)
0.017601124942302704, (492.3335802555084, 497.24514842033386)
0.0174260176718235, (380.1063401699066, 665.3504033088684)
0.017368128523230553, (494.74683237075806, 621.8720837831497)
0.017321713268756866, (498.1824803352356, 497.0483719110489)
0.017298206686973572, (386.8182535171509, 658.1487482786179)
0.0171821191906929, (358.3447494506836, 689.1882677078247)
0.017149537801742554, (512.732500076294, 568.3106453418732)
0.017063381150364876, (271.9142543077469, 644.3198493719101)
0.017047058790922165, (421.69014143943787, 472.59870207309723)
0.016995878890156746, (478.05241227149963, 512.7423802614212)
0.016968408599495888, (510.2349536418915, 497.2147407531738)
0.01689009740948677, (360.00057435035706, 687.5114793777466)
0.016783766448497772, (463.03676676750183, 510.95352816581726)
0.01675184816122055, (510.37871646881104, 522.094563961029)
0.016682622954249382, (212.58693516254425, 608.9400522708893)
0.01667455956339836, (501.58627796173096, 782.5328986644745)
0.016651863232254982, (493.6325068473816, 611.5307775735855)
0.016565212979912758, (513.1497831344604, 528.366562128067)
0.016408927738666534, (490.67208337783813, 623.7313578128815)
0.01635962910950184, (540.7502388954163, 520.3623987436295)
0.016340235248208046, (468.3740544319153, 531.3039586544037)
0.016327861696481705, (441.34354519844055, 650.4972503185272)
0.016128066927194595, (500.82213163375854, 781.0433993339539)
0.016028456389904022, (467.70790243148804, 493.32240056991577)
0.015962522476911545, (402.58347272872925, 544.4598001241684)
0.01590072736144066, (219.64263582229614, 613.7432727813721)
0.015899980440735817, (559.8147168159485, 522.0598293542862)
0.01589665561914444, (515.2639038562775, 482.8183776140213)
0.015842432156205177, (437.96287178993225, 583.4955039024353)
0.015833158046007156, (391.1079704761505, 663.580962896347)
0.015806978568434715, (270.98572969436646, 645.5880396366119)
0.015766127035021782, (215.2076507806778, 609.3838613033295)
0.015731194987893105, (474.9060788154602, 498.4395822286606)
0.015721702948212624, (277.32780826091766, 647.4165884256363)
0.015682201832532883, (512.2879915237427, 486.3243101835251)
0.015653183683753014, (505.48345041275024, 781.8397943973541)
0.015567679889500141, (466.48480582237244, 506.45656764507294)
0.015514255501329899, (212.69003427028656, 609.8126252889633)
0.015462066978216171, (480.4399223327637, 475.1498100757599)
0.015434158965945244, (509.49462962150574, 516.1625282764435)
0.015310436487197876, (361.2064805030823, 697.862154006958)
0.015301897190511227, (277.3157225847244, 634.0040284395218)
0.015254980884492397, (504.73090982437134, 485.65907299518585)
0.01519002579152584, (720.5152044296265, 378.34581077098846)
0.015185056254267693, (391.41853308677673, 661.9716589450836)
0.015032332390546799, (471.9852283000946, 593.7046201229095)
0.014957543462514877, (527.9992396831512, 557.5076268911362)
0.014921928755939007, (555.0730304718018, 519.9922270774841)
0.014898964203894138, (347.278218626976, 689.6089732646942)
0.014854932203888893, (498.49998021125793, 780.9543993473053)
0.01481010764837265, (430.26564860343933, 681.3100619316101)
0.014792223460972309, (519.8706843852997, 549.7938845157623)
0.014739321544766426, (454.8752267360687, 645.844599366188)
0.014692164026200771, (395.11618280410767, 663.0967426300049)
0.014660554938018322, (539.5072903633118, 539.7420862913132)
0.014634697698056698, (503.09463143348694, 484.9356801509857)
0.014619496650993824, (563.8003284931183, 522.378395318985)
0.01461437251418829, (477.1819381713867, 549.9189291000366)
0.01457672193646431, (414.93861150741577, 671.7160856723785)
0.014564109034836292, (415.2216868400574, 673.3761219978333)
0.014554770663380623, (451.8800733089447, 477.8684778213501)
0.014506101608276367, (349.73651933670044, 690.8298847675323)
0.014496526680886745, (387.87681913375854, 714.9238722324371)
0.014494775794446468, (502.36207365989685, 521.4052308797836)
0.014479205943644047, (483.9070279598236, 545.7675679922104)
0.014475056901574135, (469.73572182655334, 500.4306889772415)
0.014453339390456676, (283.4374884366989, 644.5839514732361)
0.014449230395257473, (288.3027584552765, 655.316706776619)
0.014438058249652386, (627.8086874485016, 989.8228390216827)
0.014437447302043438, (484.6474828720093, 495.8460781574249)
0.014401051215827465, (504.0757963657379, 780.5542566776276)
0.014342347159981728, (508.16572880744934, 471.91143321990967)
0.014312725514173508, (498.60273027420044, 782.1446650028229)
0.014281517826020718, (356.65244936943054, 692.9875588417053)
0.014238920994102955, (387.18269991874695, 651.0102109909058)
0.014237428084015846, (267.1612676382065, 634.3505011796951)
0.01421999279409647, (459.2712278366089, 500.0724263191223)
0.014121145009994507, (356.914320230484, 691.5555403232574)
0.014042670838534832, (492.3189203739166, 781.0095777511597)
0.014031622558832169, (719.9124040603638, 464.69854402542114)
0.014017716981470585, (252.43175160884857, 613.82588160038)
0.013954168185591698, (366.93509101867676, 673.4657571315765)
0.01393534429371357, (558.2675757408142, 524.4526666402817)
0.013919686898589134, (350.0044330358505, 690.3783745765686)
0.013856003060936928, (720.6388535499573, 451.352396607399)
0.013757716864347458, (516.0165753364563, 482.87236511707306)
0.013733010739088058, (484.8464820384979, 624.256029009819)
0.013695003464818, (501.21192741394043, 531.8516142368317)
0.013592240400612354, (419.6974883079529, 667.6131148338318)
0.013581370003521442, (485.0928204059601, 515.1361305713654)
0.013528711162507534, (454.94721722602844, 502.4428746700287)
0.013494079001247883, (300.37100422382355, 661.0412081480026)
0.013487573713064194, (459.03627705574036, 492.4951214790344)
0.013475582003593445, (695.0365483760834, 466.045294046402)
0.013471544720232487, (486.06831336021423, 526.1216744184494)
0.01345752738416195, (344.8895741701126, 681.0656890869141)
0.013452191837131977, (490.05318331718445, 500.4594690799713)
0.013410564512014389, (297.06875681877136, 663.192967414856)
0.013410250656306744, (273.7551820278168, 635.7901017665863)
0.013385246507823467, (420.2178704738617, 669.1649379730225)
0.013373003341257572, (303.9620643854141, 661.0791184902191)
0.013363073579967022, (220.9669772386551, 609.7196953296661)
0.01328981015831232, (264.9046057462692, 637.0091475248337)
0.01328208390623331, (641.3714339733124, 973.1592786312103)
0.013266894035041332, (350.03154945373535, 688.3358209133148)
0.0132600674405694, (404.69013261795044, 651.1599469184875)
0.013212261721491814, (709.6086888313293, 457.07380163669586)
0.013167128898203373, (272.10587990283966, 636.202510714531)
0.013161479495465755, (385.75654649734497, 712.4976103305817)
0.013151747174561024, (432.08081245422363, 612.0005085468292)
0.013149909675121307, (713.3958249092102, 445.9359018802643)
0.013145615346729755, (273.3190941810608, 636.6160708665848)
0.01313086412847042, (368.9355540275574, 695.2867119312286)
0.013074629940092564, (348.2225811481476, 610.8842772245407)
0.01302556972950697, (530.9069137573242, 418.27028381824493)
0.013009182177484035, (494.17051577568054, 633.9265801906586)
0.012971905991435051, (487.5996165275574, 780.3298909664154)
0.012936532497406006, (410.1432158946991, 671.7394273281097)
0.012930315919220448, (458.9137623310089, 622.9972865581512)
0.012926853261888027, (370.11170411109924, 686.218478679657)
0.012910539284348488, (357.4658110141754, 684.8914182186127)
0.012907793745398521, (278.66421353816986, 652.1730065345764)
0.012894385494291782, (343.68641674518585, 617.9340130090714)
0.01289057545363903, (314.5404996871948, 672.5291533470154)
0.012890010140836239, (212.27556538581848, 609.8573634624481)
0.012887977994978428, (492.8744251728058, 783.2937254905701)
0.012876881286501884, (709.459210395813, 474.07843601703644)
0.012860309332609177, (464.32770895957947, 525.4391691684723)
0.012776900082826614, (492.0110628604889, 673.292441368103)
0.012773178517818451, (712.4953765869141, 406.2428605556488)
0.01275692880153656, (477.96214056015015, 624.6815378665924)
0.01273888349533081, (269.1974204778671, 631.1418174505234)
0.01270282082259655, (705.1341962814331, 408.93084275722504)
0.0126907704398036, (713.3253614902496, 471.56853318214417)
0.01268808264285326, (379.4930684566498, 704.5283403396606)
0.012589546851813793, (485.07091784477234, 602.1032892465591)
0.012570836581289768, (492.8957169055939, 606.3055018186569)
0.01257019117474556, (720.5728840827942, 449.4240503311157)
0.012523154728114605, (307.3872410058975, 662.6355464458466)
0.012440363876521587, (705.4415738582611, 469.4258644580841)
0.012427862733602524, (380.87995433807373, 705.378087759018)
0.012409226037561893, (353.2688090801239, 691.8331789970398)
0.0123894726857543, (273.31259322166443, 638.4005563259125)
0.012364943511784077, (697.4151141643524, 471.02298152446747)
0.012364291585981846, (482.63235998153687, 608.0405648946762)
0.01229921542108059, (417.00469493865967, 666.0896351337433)
0.012298602610826492, (475.1918156147003, 517.990243434906)
0.012262603268027306, (348.2400552034378, 691.4609034061432)
0.012218344025313854, (296.760244846344, 662.9856315851212)
0.012199394404888153, (390.23972153663635, 665.244889497757)
0.012121083214879036, (713.4346125125885, 453.8129564523697)
0.012115386314690113, (382.80105328559875, 703.1681728363037)
0.012086081318557262, (460.1376006603241, 651.5316667556763)
0.012079746462404728, (498.2010233402252, 783.1325569152832)
0.012060566805303097, (490.53124380111694, 580.8484489917755)
0.012025821954011917, (724.3946628570557, 451.4809345006943)
0.012021834962069988, (495.02227234840393, 783.62344622612)
0.012020748108625412, (483.67622208595276, 519.1612958908081)
0.012016166932880878, (350.64617371559143, 681.9765694141388)
0.011996958404779434, (286.7946013212204, 635.9971994161606)
0.011995228007435799, (533.5224373340607, 562.0328117609024)
0.01198209635913372, (511.7843198776245, 443.7349981069565)
0.01196450274437666, (493.27517223358154, 780.8739738464355)
0.011943629942834377, (433.99135279655457, 498.377774477005)
0.01194353960454464, (385.811870098114, 714.7664351463318)
0.011924916878342628, (406.89823365211487, 656.1535527706146)
0.011920558288693428, (386.22068881988525, 657.5021685361862)
0.01190805621445179, (493.00335359573364, 643.7235653400421)
0.01190661545842886, (498.3501527309418, 772.1925451755524)
0.011888363398611546, (300.4343340396881, 644.4467200040817)
0.01188366487622261, (285.49870705604553, 646.2013932466507)
0.0118610430508852, (351.4936981201172, 691.5799934864044)
0.011815535835921764, (384.82834911346436, 648.7609963417053)
0.011760594323277473, (384.6172206401825, 713.9601159095764)
0.011747307144105434, (424.513564825058, 672.4048233032227)
0.011740355752408504, (490.44363355636597, 630.3179919719696)
0.01171612087637186, (493.6356918811798, 670.986142873764)
0.011677331291139126, (553.830649137497, 514.9698411226273)
0.011649602092802525, (349.9800217151642, 679.6258900165558)
0.011621097102761269, (361.85258424282074, 692.0800924301147)
0.011617368087172508, (434.6352095603943, 631.7147201299667)
0.0116003742441535, (286.4993312358856, 634.8770778179169)
0.011599220335483551, (369.079142332077, 669.8537549972534)
0.011505664326250553, (468.95098185539246, 607.5819092988968)
0.011504472233355045, (429.97541785240173, 643.791446685791)
0.011493604630231857, (695.909422159195, 476.36706948280334)
0.01145896129310131, (485.3535568714142, 617.1342834234238)
0.011442337185144424, (272.54820692539215, 640.260187625885)
0.011436011642217636, (296.39145720005035, 655.7148249149323)
0.01136296708136797, (710.0629270076752, 418.4161294698715)
0.01131786685436964, (414.93237233161926, 667.2874431610107)
0.011314019560813904, (501.7999370098114, 494.8967317342758)
0.01130648609250784, (534.2769849300385, 556.9939913749695)
0.011302659288048744, (724.267086982727, 464.55325412750244)
