0.5979363322257996, (117.0893907546997, 1013.3344268798828)
0.07675500214099884, (115.52000045776367, 1015.2645111083984)
0.06770294159650803, (117.61457920074463, 1012.943115234375)
0.06345422565937042, (117.34470129013062, 1012.0829010009766)
0.04413730278611183, (117.24082231521606, 1013.5346984863281)
0.02799280546605587, (132.93567895889282, 1009.0932464599609)
0.02753561921417713, (83.83033275604248, 1024.2101287841797)
0.026783522218465805, (123.82314205169678, 1015.0382995605469)
0.025943970307707787, (241.91906452178955, 530.6003952026367)
0.025807321071624756, (79.09481525421143, 742.022705078125)
0.025708386674523354, (125.66108703613281, 1009.6581268310547)
0.02549637109041214, (18.9261794090271, 1149.9786376953125)
0.024955611675977707, (252.50420570373535, 534.7376251220703)
0.022532273083925247, (134.56408977508545, 1011.3783264160156)
0.022123968228697777, (242.57855415344238, 531.1613464355469)
0.021758003160357475, (244.94483470916748, 559.3129730224609)
0.021354693919420242, (249.17075634002686, 529.0473556518555)
0.021289018914103508, (263.62078189849854, 566.6835784912109)
0.021192526444792747, (81.36248588562012, 1016.1241149902344)
0.020549768581986427, (26.826295256614685, 1002.63916015625)
0.020512018352746964, (80.54537773132324, 758.8047790527344)
0.02040088176727295, (104.56514358520508, 746.961669921875)
0.020011095330119133, (115.32629728317261, 1014.0525817871094)
0.01986302249133587, (28.306013345718384, 1149.5471954345703)
0.01973569393157959, (86.32016181945801, 751.6632080078125)
0.01970098353922367, (91.16095900535583, 736.2848663330078)
0.019621146842837334, (108.69101285934448, 477.70580291748047)
0.01958993449807167, (241.0592794418335, 530.5282974243164)
0.019474126398563385, (168.8778519630432, 778.2927703857422)
0.01945660635828972, (102.17281579971313, 476.1370849609375)
0.01906336471438408, (262.26420402526855, 536.3015747070312)
0.019015880301594734, (28.55636775493622, 1144.2707824707031)
0.01885196380317211, (20.389622449874878, 1129.9116516113281)
0.018624652177095413, (129.8728346824646, 1020.3572082519531)
0.01858474127948284, (122.99405336380005, 1016.7624664306641)
0.018506081774830818, (12.36937791109085, 1195.2143096923828)
0.018472721800208092, (263.71679306030273, 544.3331909179688)
0.018349820747971535, (18.649178743362427, 1160.1187896728516)
0.017753003165125847, (41.17000699043274, 1175.8673095703125)
0.017743119969964027, (265.8546209335327, 555.645751953125)
0.017626924440264702, (267.46857166290283, 585.8055877685547)
0.017583323642611504, (244.31171417236328, 523.4119033813477)
0.017481083050370216, (19.490928947925568, 1028.0622100830078)
0.017443638294935226, (249.42529201507568, 537.4121856689453)
0.017287809401750565, (81.31029009819031, 742.4030303955078)
0.01713777519762516, (26.74972712993622, 1123.8716888427734)
0.017081763595342636, (87.31046915054321, 759.7734069824219)
0.017001686617732048, (242.50283241271973, 529.7537612915039)
0.016988106071949005, (28.83450984954834, 1140.9270477294922)
0.016812171787023544, (119.989013671875, 1016.2709808349609)
0.016747796908020973, (105.21235466003418, 476.5096664428711)
0.016746720299124718, (33.43804478645325, 1149.4352722167969)
0.016737474128603935, (379.9213409423828, 593.0589294433594)
0.016718657687306404, (20.414263010025024, 1121.722412109375)
0.01671637035906315, (249.6619462966919, 522.3783493041992)
0.016678908839821815, (239.45071697235107, 531.5406799316406)
0.016602976247668266, (94.36978697776794, 754.6076202392578)
0.01659468747675419, (319.2199945449829, 614.1476440429688)
0.016534952446818352, (246.42491340637207, 503.75179290771484)
0.016435638070106506, (12.852048873901367, 1240.2639770507812)
0.016403157263994217, (270.88043689727783, 605.1834106445312)
0.01632567308843136, (130.7337760925293, 769.1378021240234)
0.016303686425089836, (106.2688946723938, 741.5481567382812)
0.016211887821555138, (116.76222085952759, 755.6375885009766)
0.016047418117523193, (307.59146213531494, 585.1628112792969)
0.015966055914759636, (26.83435082435608, 1029.0547180175781)
0.015924867242574692, (274.3539094924927, 608.1774139404297)
0.015918442979454994, (168.84363889694214, 781.9805908203125)
0.015894155949354172, (114.70210552215576, 1017.1732330322266)
0.01587667502462864, (135.79692840576172, 996.4369201660156)
0.015735138207674026, (120.65500020980835, 1032.3265075683594)
0.015705669298768044, (10.658648610115051, 1138.301773071289)
0.01560639962553978, (105.75671195983887, 761.8780517578125)
0.015570777468383312, (101.03681087493896, 478.9689254760742)
0.015561915002763271, (242.56389141082764, 532.1855545043945)
0.015459886752068996, (97.88498282432556, 750.2261352539062)
0.015428288839757442, (364.5596981048584, 706.0394287109375)
0.015417412854731083, (379.9753665924072, 592.2235488891602)
0.01540922187268734, (234.2261552810669, 532.2871780395508)
0.015334149822592735, (97.57916927337646, 747.2303009033203)
0.015317173674702644, (308.2402467727661, 585.6591415405273)
0.015315808355808258, (119.70365047454834, 1021.8282318115234)
0.015270768664777279, (381.29100799560547, 590.8459854125977)
0.015260145999491215, (250.28738975524902, 537.4762344360352)
0.015247225761413574, (255.80928325653076, 605.5492782592773)
0.015237133018672466, (283.5427522659302, 574.6761322021484)
0.015092412009835243, (93.06409955024719, 750.4363250732422)
0.015083668753504753, (107.8457236289978, 766.8972778320312)
0.0149986632168293, (11.239799857139587, 1152.0711517333984)
0.01494536455720663, (87.39008903503418, 746.5890502929688)
0.014931058511137962, (260.17658710479736, 608.8740539550781)
0.01492195762693882, (118.23129653930664, 1017.464599609375)
0.014918068423867226, (387.1295690536499, 587.5962066650391)
0.014874190092086792, (351.3176679611206, 625.7190704345703)
0.014867112040519714, (120.94050645828247, 1019.8221588134766)
0.0148615762591362, (11.372946202754974, 1024.2185974121094)
0.014842062257230282, (17.35634058713913, 1022.5945281982422)
0.014825066551566124, (96.66585922241211, 477.7967071533203)
0.014812104403972626, (117.40492582321167, 749.2924499511719)
0.014791056513786316, (108.67278575897217, 757.3052215576172)
0.014776415191590786, (241.5076732635498, 530.166015625)
0.01476745679974556, (259.22253131866455, 521.6679000854492)
0.014734801836311817, (103.47306728363037, 999.2364501953125)
0.014722255058586597, (285.6212615966797, 635.5946350097656)
0.014648347161710262, (41.936105489730835, 1165.345687866211)
0.014638314954936504, (375.00672340393066, 595.1788711547852)
0.014607219956815243, (245.8162784576416, 532.626838684082)
0.014588115736842155, (249.2318868637085, 523.8365936279297)
0.014538059011101723, (273.4426498413086, 621.7436599731445)
0.014532976783812046, (372.26598262786865, 594.1325759887695)
0.014524449594318867, (126.16947889328003, 1026.4209747314453)
0.014489900320768356, (311.9248151779175, 653.2107543945312)
0.01448094192892313, (299.65381622314453, 641.7865753173828)
0.014466461725533009, (265.6196117401123, 589.1925048828125)
0.014465847983956337, (96.39855623245239, 766.0924530029297)
0.014381970278918743, (124.19459819793701, 1014.9839019775391)
0.014348281547427177, (248.18270206451416, 527.3416519165039)
0.01433674804866314, (258.80119800567627, 518.9975738525391)
0.01433589868247509, (404.9447536468506, 759.6872711181641)
0.014320866204798222, (384.6536636352539, 589.5026397705078)
0.014320854097604752, (97.58750200271606, 763.189697265625)
0.01430625468492508, (97.08064198493958, 479.0544891357422)
0.014305776916444302, (315.48595428466797, 654.6644592285156)
0.014291523024439812, (20.10229527950287, 1105.666732788086)
0.014287164434790611, (162.3151421546936, 773.5677337646484)
0.014284780248999596, (292.14439392089844, 586.7443084716797)
0.01427884679287672, (72.40373492240906, 760.5256652832031)
0.01425382774323225, (250.85513591766357, 535.1771926879883)
0.014244504272937775, (162.64373064041138, 676.2009429931641)
0.014228069223463535, (404.22863960266113, 756.7768859863281)
0.014222191646695137, (275.4096269607544, 608.8504791259766)
0.01421869546175003, (171.97659015655518, 427.3917007446289)
0.014209575951099396, (79.97850179672241, 783.9396667480469)
0.014203204773366451, (121.06832265853882, 765.7701873779297)
0.014182017184793949, (34.578707814216614, 1145.416030883789)
0.0141742043197155, (121.52187824249268, 775.7589721679688)
0.014137094840407372, (12.35998123884201, 1232.3675537109375)
0.014114230871200562, (267.88172721862793, 606.5771865844727)
0.0141132278367877, (375.8824348449707, 593.8361740112305)
0.014081086032092571, (104.8790693283081, 477.3359680175781)
0.014078352600336075, (73.18634986877441, 733.4762573242188)
0.014042610302567482, (383.7844133377075, 581.7502593994141)
0.014036010950803757, (287.76328563690186, 637.0055389404297)
0.013996128924190998, (281.52573108673096, 626.5165328979492)
0.013990655541419983, (400.0404357910156, 750.5384826660156)
0.01398854423314333, (264.91663455963135, 557.5846099853516)
0.013985334895551205, (161.43966913223267, 677.2873687744141)
0.013907668180763721, (240.08629322052002, 529.6131896972656)
0.013901405036449432, (241.06779098510742, 539.7160720825195)
0.013895725831389427, (20.26892751455307, 1009.7759246826172)
0.013884523883461952, (165.24258852005005, 770.5533599853516)
0.013845359906554222, (261.29796504974365, 632.7106094360352)
0.013809047639369965, (174.3483543395996, 428.81969451904297)
0.013800334185361862, (265.91947078704834, 596.1293792724609)
0.013798512518405914, (248.79586696624756, 523.7759780883789)
0.013775241561233997, (302.99060344696045, 643.726806640625)
0.013703481294214725, (27.222299575805664, 1116.6653442382812)
0.013694964349269867, (275.7340669631958, 657.5685882568359)
0.013663054443895817, (379.18357849121094, 592.5743103027344)
0.013631513342261314, (278.64625453948975, 621.2887573242188)
0.013622378930449486, (326.6368627548218, 666.7327880859375)
0.01361099909991026, (19.39277946949005, 999.4301605224609)
0.013599838130176067, (118.40239763259888, 1031.4898681640625)
0.013597630895674229, (295.53539752960205, 636.6196823120117)
0.013579186983406544, (271.37556076049805, 657.076416015625)
0.013548454269766808, (96.5408444404602, 476.72840118408203)
0.01354172546416521, (250.29282569885254, 611.3865661621094)
0.01352878101170063, (245.2939748764038, 625.9994506835938)
0.013527419418096542, (171.79769277572632, 786.0808563232422)
0.013523450121283531, (214.99392986297607, 788.6447906494141)
0.01351881306618452, (370.133113861084, 840.1909637451172)
0.013511586003005505, (54.85253930091858, 205.14387130737305)
0.013506158255040646, (325.2272129058838, 667.7490234375)
0.013499241322278976, (35.0252628326416, 1154.9454498291016)
0.013484123162925243, (45.348918437957764, 742.45849609375)
0.013469510711729527, (177.04248428344727, 434.94373321533203)
0.013459919951856136, (29.427850246429443, 1169.5790100097656)
0.013428128324449062, (43.374648690223694, 729.4803619384766)
0.013428045436739922, (378.56407165527344, 586.526985168457)
0.013425815850496292, (75.2054214477539, 754.7069549560547)
0.013400468043982983, (221.0240602493286, 566.6921997070312)
0.013393334113061428, (19.439543783664703, 614.1352844238281)
0.013376452028751373, (88.69255781173706, 750.8554077148438)
0.013296889141201973, (170.56082487106323, 436.0137939453125)
0.013285253196954727, (10.821717977523804, 1174.755630493164)
0.01327312458306551, (119.46604251861572, 1011.8193054199219)
0.01325144898146391, (278.20589542388916, 649.8989105224609)
0.013246223330497742, (19.126230478286743, 1002.2291564941406)
0.013232630677521229, (302.65605449676514, 591.5629196166992)
0.013231690041720867, (10.646018385887146, 1160.0596618652344)
0.013229990378022194, (101.5998363494873, 761.4530181884766)
0.013228155672550201, (245.9766387939453, 533.480110168457)
0.013225982896983624, (385.66832542419434, 584.8662185668945)
0.013223730027675629, (370.7538604736328, 840.4414367675781)
0.013215046375989914, (20.091551542282104, 1169.9115753173828)
0.013209588825702667, (219.6580410003662, 791.5937805175781)
0.013203493319451809, (36.273542046546936, 1170.5567169189453)
0.013134410604834557, (119.0879225730896, 1038.8236999511719)
0.013120000250637531, (35.587748885154724, 1179.1378784179688)
0.013105102814733982, (119.96800899505615, 1013.1019592285156)
0.013093046844005585, (248.61149787902832, 579.9680328369141)
0.013092701323330402, (237.92314529418945, 526.6725158691406)
0.01309026125818491, (274.71117973327637, 611.7555236816406)
0.013074156828224659, (211.2433671951294, 668.9258575439453)
0.01304713636636734, (265.2181148529053, 639.0421295166016)
0.013035737909376621, (118.22744607925415, 772.2370910644531)
0.013029893860220909, (42.43500232696533, 1171.8818664550781)
0.013021783903241158, (362.7678394317627, 717.1160125732422)
0.012981916777789593, (126.31072998046875, 1012.2820281982422)
0.012950182892382145, (377.23073959350586, 592.2586441040039)
0.012945612892508507, (246.42677307128906, 498.73199462890625)
0.012924948707222939, (291.45565032958984, 579.354248046875)
0.012917445041239262, (277.1204471588135, 640.9344482421875)
0.012914277613162994, (127.07692384719849, 1017.9578399658203)
0.012888560071587563, (300.36933422088623, 582.5492858886719)
0.012879124842584133, (275.2103805541992, 607.2383499145508)
0.012872154824435711, (268.39282512664795, 607.9898071289062)
0.01285499520599842, (217.58427619934082, 613.6378860473633)
0.012851099483668804, (397.5806951522827, 578.9035415649414)
0.012832172214984894, (266.3017272949219, 610.5351638793945)
0.01283091027289629, (123.53785037994385, 1034.0879821777344)
0.012830771505832672, (236.89558506011963, 531.3815307617188)
0.012818558141589165, (100.5167007446289, 752.2599029541016)
0.012809861451387405, (111.83042526245117, 475.76942443847656)
0.012800331227481365, (203.6825656890869, 778.7397003173828)
0.01277367677539587, (274.678897857666, 557.3419952392578)
0.012743640691041946, (386.4785671234131, 737.2721099853516)
0.012727434746921062, (27.034127712249756, 1185.6388854980469)
0.01271155383437872, (252.0143747329712, 497.73704528808594)
0.012708705849945545, (363.5658264160156, 703.2193756103516)
0.012707564048469067, (238.9493465423584, 530.4256057739258)
0.012679679319262505, (265.6651258468628, 584.3371963500977)
0.012660698965191841, (371.11215591430664, 592.3858642578125)
0.012647967785596848, (365.23332595825195, 706.3700866699219)
0.012639245949685574, (299.2220640182495, 580.6282043457031)
0.012638062238693237, (173.43034744262695, 783.9013671875)
0.012628967873752117, (406.08253479003906, 761.0050201416016)
0.012595809064805508, (259.1052532196045, 519.3350601196289)
0.012562794610857964, (238.37566375732422, 509.9961471557617)
0.012558714486658573, (75.07456541061401, 755.4718780517578)
0.01255341712385416, (309.67490673065186, 649.0104675292969)
0.012525283731520176, (184.69592332839966, 790.4966735839844)
0.012497665360569954, (122.52122163772583, 1012.4546813964844)
0.012489165179431438, (388.0042552947998, 584.4014358520508)
0.012485718354582787, (166.5010929107666, 427.25120544433594)
0.01244660560041666, (246.34051322937012, 541.108512878418)
0.012439426966011524, (107.31828212738037, 765.4127502441406)
0.012436802498996258, (296.32227420806885, 435.9380340576172)
0.012428291141986847, (289.4714593887329, 586.2925720214844)
0.01240604743361473, (123.88461828231812, 1021.0956573486328)
0.01238540094345808, (229.3328046798706, 513.0776214599609)
0.012364600785076618, (308.4498405456543, 584.8293685913086)
0.012346580624580383, (145.76520919799805, 483.91761779785156)
0.012309745885431767, (308.02154541015625, 586.2778472900391)
0.012285790406167507, (114.75720405578613, 1045.8601379394531)
0.012278963811695576, (11.437459290027618, 1188.0521392822266)
0.01226850040256977, (19.642800092697144, 791.0127258300781)
0.01226820144802332, (393.19989681243896, 744.9581146240234)
0.012253261171281338, (130.8796763420105, 729.2804718017578)
0.012248767539858818, (118.15248727798462, 771.2899780273438)
0.01223379373550415, (271.8191146850586, 659.3047332763672)
0.012228379026055336, (88.20904493331909, 759.9613952636719)
0.012226794846355915, (116.06649160385132, 1029.330825805664)
0.012226506136357784, (382.37597942352295, 590.4209899902344)
0.012193615548312664, (23.540717363357544, 1012.6827239990234)
0.01215656939893961, (271.8878507614136, 599.748420715332)
0.012144418433308601, (115.29598236083984, 998.6727142333984)
0.012141816318035126, (278.20072174072266, 569.2318725585938)
0.012137024663388729, (276.6662120819092, 603.1421661376953)
0.012121637351810932, (172.97003269195557, 431.0277557373047)
0.012110719457268715, (119.78328227996826, 1043.823013305664)
0.012102733366191387, (350.6277561187744, 627.576904296875)
0.012096886523067951, (122.31464385986328, 1017.2834014892578)
0.012096276506781578, (28.458130359649658, 1033.7837982177734)
0.01209608931094408, (249.41904544830322, 588.8246917724609)
0.012089394964277744, (24.490603804588318, 1022.2564697265625)
0.012088916264474392, (296.64690494537354, 582.6843643188477)
0.012080707587301731, (120.9843397140503, 1025.0906372070312)
0.012023121118545532, (128.70913743972778, 1016.7908477783203)
0.01201637089252472, (239.09945487976074, 529.0271377563477)
0.012011542916297913, (302.4406671524048, 641.5206146240234)
0.012001898139715195, (115.69533348083496, 1013.9453887939453)
0.011999529786407948, (73.87208938598633, 742.0925903320312)
0.011996766552329063, (120.26780843734741, 1043.1612396240234)
0.011994177475571632, (249.64172840118408, 513.8315963745117)
0.011981080286204815, (408.8331699371338, 767.9537200927734)
0.011980375275015831, (247.06339836120605, 529.7879791259766)
0.011964621022343636, (88.78277540206909, 769.2559814453125)
0.011959322728216648, (300.1767635345459, 584.0447235107422)
0.01195792481303215, (398.6920356750488, 578.9411926269531)
0.011951385997235775, (299.19121265411377, 585.8600616455078)
0.011938381008803844, (68.58367919921875, 729.3596649169922)
0.011931633576750755, (171.01160287857056, 428.2828140258789)
0.011928665451705456, (267.0860767364502, 517.8052139282227)
0.011926299892365932, (270.3111171722412, 605.2977752685547)
0.01190224103629589, (112.62329816818237, 1036.820068359375)
0.011896410956978798, (264.81146812438965, 594.8418045043945)
0.011867578141391277, (231.68740272521973, 531.2910842895508)
0.011866838671267033, (234.96205806732178, 527.9425430297852)
0.011857019737362862, (123.60144853591919, 1019.6120452880859)
