0.11789931356906891, (206.67099952697754, 498.1071124076843)
0.09680954366922379, (206.26938343048096, 498.42021560668945)
0.0729513019323349, (205.9406280517578, 499.21439266204834)
0.055925287306308746, (206.26275539398193, 498.6928732395172)
0.04697931557893753, (205.58342933654785, 498.9722349643707)
0.04364269599318504, (204.27894592285156, 498.3921836614609)
0.04353061318397522, (440.6771659851074, 887.5799388885498)
0.04268093407154083, (449.3257999420166, 793.2144656181335)
0.04219241440296173, (205.06579875946045, 501.7255539894104)
0.0418313704431057, (205.52997589111328, 499.1119158267975)
0.038892801851034164, (483.2336902618408, 806.262396812439)
0.03653711453080177, (428.21006774902344, 772.704511642456)
0.03627832606434822, (402.7374744415283, 753.2205784320831)
0.036211758852005005, (484.23075675964355, 806.1156435012817)
0.03606631979346275, (489.62597846984863, 812.761682510376)
0.034738924354314804, (405.993127822876, 767.9396703243256)
0.03404320776462555, (206.44028186798096, 500.54942786693573)
0.03357076644897461, (446.17252349853516, 781.7370600700378)
0.032864391803741455, (437.3056888580322, 887.8669624328613)
0.03272819519042969, (445.45226097106934, 772.2246165275574)
0.03235924243927002, (403.17845344543457, 752.1235384941101)
0.03198760747909546, (206.17449283599854, 503.13017177581787)
0.031829092651605606, (481.90526962280273, 807.8436048030853)
0.03151492029428482, (512.6091480255127, 753.4858689308167)
0.03148307651281357, (479.1849613189697, 804.2538950443268)
0.03122047893702984, (438.72923851013184, 885.0768814086914)
0.03090621717274189, (485.8914852142334, 812.2618961334229)
0.0308130644261837, (407.7004909515381, 753.164440870285)
0.03046387992799282, (490.6682014465332, 813.0280780792236)
0.030453383922576904, (440.69790840148926, 886.2666735649109)
0.030385397374629974, (444.50650215148926, 787.383378982544)
0.030360039323568344, (434.03000831604004, 887.2056148052216)
0.02990546077489853, (507.4999809265137, 769.6520869731903)
0.02988535910844803, (491.6951656341553, 812.7557151317596)
0.029599137604236603, (433.63542556762695, 795.0442407131195)
0.029562311246991158, (438.0271911621094, 761.7333018779755)
0.029503898695111275, (416.9893741607666, 775.5709161758423)
0.02948172762989998, (444.0861701965332, 886.7251303195953)
0.02931394800543785, (488.3512020111084, 810.3403265476227)
0.029137002304196358, (482.813024520874, 800.6471672058105)
0.0287462268024683, (512.0769500732422, 764.6976892948151)
0.027605293318629265, (490.08803367614746, 811.7635095119476)
0.02760293148458004, (437.2666358947754, 777.7584393024445)
0.027584221214056015, (440.09814262390137, 886.8031482696533)
0.027488073334097862, (512.7301216125488, 745.6879048347473)
0.027384361252188683, (269.80419158935547, 605.1866383552551)
0.027299145236611366, (469.1886901855469, 806.0778501033783)
0.02729780413210392, (464.7385597229004, 773.8319778442383)
0.02699117362499237, (436.77310943603516, 885.8212566375732)
0.02671482414007187, (483.6738109588623, 778.1917741298676)
0.026614295318722725, (403.3763885498047, 769.4191381931305)
0.026480531319975853, (511.5304470062256, 745.6944615840912)
0.02639833278954029, (478.420352935791, 808.8881170749664)
0.02629796415567398, (515.4037475585938, 746.3525676727295)
0.026067275553941727, (491.7675495147705, 814.4784457683563)
0.025694450363516808, (235.82706451416016, 765.0585315227509)
0.02540411800146103, (410.4020118713379, 764.0193972587585)
0.0254037044942379, (482.28230476379395, 801.3726089000702)
0.025303006172180176, (492.0984745025635, 810.1472339630127)
0.025293642655014992, (421.12603187561035, 781.782883644104)
0.025281870737671852, (237.33038902282715, 764.5898344516754)
0.025249209254980087, (488.2976531982422, 809.4928851127625)
0.025248074904084206, (485.28027534484863, 813.1792516708374)
0.02524625137448311, (441.20922088623047, 612.1269943714142)
0.02523069642484188, (476.8636703491211, 641.3135905265808)
0.024795059114694595, (394.3789005279541, 745.2456557750702)
0.024735506623983383, (238.98425102233887, 769.4973034858704)
0.02460002340376377, (503.7965774536133, 800.9385373592377)
0.024583913385868073, (397.41368293762207, 753.682276725769)
0.0245299581438303, (453.9388179779053, 791.6733348369598)
0.024490315467119217, (424.6410846710205, 803.169379234314)
0.024405475705862045, (410.5783462524414, 789.8754594326019)
0.024388665333390236, (478.8370609283447, 804.8385508060455)
0.02422422543168068, (441.7487144470215, 885.6651470661163)
0.024178072810173035, (494.06824111938477, 813.0562205314636)
0.02407333068549633, (426.7421245574951, 770.9120879173279)
0.024042680859565735, (433.82649421691895, 749.1216523647308)
0.02404182404279709, (425.8302688598633, 804.9475107192993)
0.024037891998887062, (414.9766445159912, 768.3586392402649)
0.024032898247241974, (507.4342727661133, 755.1097326278687)
0.023888329043984413, (438.56921195983887, 773.6966435909271)
0.0234506968408823, (492.58060455322266, 813.4076328277588)
0.023337125778198242, (435.8962059020996, 887.0800051689148)
0.023300934582948685, (205.73737621307373, 501.13938796520233)
0.023264745250344276, (514.7549629211426, 679.2334084510803)
0.023198556154966354, (399.10058975219727, 769.1838319301605)
0.02313694730401039, (438.38772773742676, 774.2712800502777)
0.023022470995783806, (463.653039932251, 778.7782716751099)
0.022976303473114967, (456.41283988952637, 623.4081394672394)
0.022929446771740913, (405.94143867492676, 753.4161021709442)
0.02287163771688938, (388.1477355957031, 723.7023138999939)
0.02287004329264164, (448.61416816711426, 799.631386756897)
0.02276473119854927, (513.5593414306641, 799.2621459960938)
0.022749554365873337, (475.4545211791992, 647.2724232673645)
0.022731808945536613, (512.5799655914307, 745.2030737400055)
0.022652002051472664, (436.6739273071289, 612.4598046541214)
0.022646956145763397, (406.4326286315918, 775.6315476894379)
0.022603217512369156, (478.04884910583496, 642.3990640640259)
0.022420527413487434, (448.2259273529053, 769.2115323543549)
0.022394226863980293, (366.122031211853, 994.3549075126648)
0.02219734899699688, (471.9604015350342, 641.122855424881)
0.022142663598060608, (431.19516372680664, 762.3025603294373)
0.022101281210780144, (478.87396812438965, 639.7264151573181)
0.022009169682860374, (235.54480075836182, 770.2711472511292)
0.02164134569466114, (472.86744117736816, 644.9195079803467)
0.021622877568006516, (517.1820640563965, 741.9684598445892)
0.021591808646917343, (238.1826639175415, 774.8303718566895)
0.021455518901348114, (481.57267570495605, 809.1780138015747)
0.021424684673547745, (367.5602912902832, 990.7968764305115)
0.021385526284575462, (415.8060073852539, 817.0704982280731)
0.021382654085755348, (389.9789571762085, 735.7553873062134)
0.021351559087634087, (469.1105365753174, 794.716329574585)
0.021346183493733406, (430.1609992980957, 792.0174536705017)
0.021212508901953697, (452.7334690093994, 626.4386837482452)
0.021139705553650856, (237.82775402069092, 761.0301089286804)
0.020989850163459778, (443.823766708374, 885.1817157268524)
0.02097238413989544, (388.74990940093994, 744.2952954769135)
0.02085408754646778, (485.56690216064453, 801.3516125679016)
0.02084272913634777, (401.80273056030273, 755.9998297691345)
0.0208267904818058, (516.9860363006592, 747.6468257904053)
0.02082180604338646, (436.15827560424805, 768.5560784339905)
0.02075107954442501, (472.8706359863281, 797.6350407600403)
0.02071073092520237, (503.1378746032715, 748.0210025310516)
0.020674416795372963, (418.31159591674805, 792.58096575737)
0.020671259611845016, (390.9018039703369, 740.3854100704193)
0.02056145668029785, (440.65771102905273, 887.8054468631744)
0.02055957540869713, (233.46669673919678, 758.2044446468353)
0.020476773381233215, (388.57672214508057, 740.8108620643616)
0.020355219021439552, (445.0080871582031, 614.3578362464905)
0.020257756114006042, (474.85623359680176, 791.2036800384521)
0.020248645916581154, (471.9771385192871, 639.130708694458)
0.02021879144012928, (479.4358253479004, 797.8288700580597)
0.020194625481963158, (482.5794219970703, 803.6282780170441)
0.020099498331546783, (229.69050407409668, 778.0973274707794)
0.02006809413433075, (497.76525497436523, 788.0845828056335)
0.01999756693840027, (517.8568840026855, 746.8946413993835)
0.01999485306441784, (496.7771053314209, 819.1144359111786)
0.019935788586735725, (241.937255859375, 767.4921905994415)
0.019934307783842087, (407.5870990753174, 787.741274356842)
0.019933003932237625, (398.1525421142578, 750.5210394859314)
0.01990537904202938, (265.7567024230957, 603.6172914505005)
0.019735606387257576, (485.9330654144287, 788.4695892333984)
0.01972334459424019, (393.9160346984863, 746.8474180698395)
0.01961650140583515, (400.06885528564453, 744.3082616329193)
0.019519265741109848, (317.7622079849243, 514.2705309391022)
0.01951814629137516, (392.5504207611084, 765.1988017559052)
0.019455378875136375, (229.68175411224365, 772.8525910377502)
0.019331494346261024, (510.33782958984375, 665.19695520401)
0.01927310787141323, (476.7169952392578, 637.7604217529297)
0.019171416759490967, (502.35981941223145, 745.5417408943176)
0.01907447911798954, (513.2007598876953, 677.7769260406494)
0.019070643931627274, (485.99700927734375, 814.6229889392853)
0.01898094452917576, (483.63990783691406, 644.6306426525116)
0.018959891051054, (415.06171226501465, 803.3238680362701)
0.018925132229924202, (237.7605676651001, 765.0045304298401)
0.01889382302761078, (472.80006408691406, 647.3953807353973)
0.01886962540447712, (471.96784019470215, 641.33385014534)
0.01885165087878704, (392.5661087036133, 738.1263520717621)
0.01883830316364765, (430.1976680755615, 804.6002976894379)
0.018836477771401405, (460.8055114746094, 802.0828742980957)
0.01879681460559368, (315.89343547821045, 516.6880559921265)
0.01875045709311962, (242.55919456481934, 762.7186560630798)
0.018747229129076004, (480.22961616516113, 649.4298148155212)
0.018729159608483315, (469.0088748931885, 790.7405083179474)
0.018715107813477516, (499.89848136901855, 832.895028591156)
0.018699390813708305, (481.5564155578613, 652.7487823963165)
0.01869315654039383, (516.3944244384766, 680.7534692287445)
0.01862998493015766, (440.96293449401855, 622.287303686142)
0.018494078889489174, (424.1711616516113, 805.0428414344788)
0.018459871411323547, (519.2183971405029, 747.8405814170837)
0.01845088042318821, (26.87707543373108, 26.111885905265808)
0.018346436321735382, (438.36894035339355, 888.8243215084076)
0.01833675615489483, (234.70525741577148, 760.7422749996185)
0.018282370641827583, (451.4333724975586, 620.6613771915436)
0.018206799402832985, (419.6025848388672, 760.5339324474335)
0.01816367357969284, (231.13510608673096, 749.9043366909027)
0.018154552206397057, (425.5608558654785, 804.8118817806244)
0.01812153495848179, (13.091468811035156, 20.11979976296425)
0.01802348531782627, (511.11154556274414, 805.3239712715149)
0.018018988892436028, (398.40619564056396, 749.6761765480042)
0.017980651929974556, (449.16062355041504, 770.3387775421143)
0.017965933308005333, (403.3566474914551, 750.6891574859619)
0.01796473003923893, (268.2380437850952, 605.2669401168823)
0.017954662442207336, (357.7177047729492, 1004.439261674881)
0.01781441457569599, (521.0723400115967, 747.9247877597809)
0.01780577376484871, (263.89896869659424, 606.6680953502655)
0.017777450382709503, (235.43050289154053, 752.6978802680969)
0.017775744199752808, (392.8929805755615, 741.8135290145874)
0.017735019326210022, (436.57078742980957, 609.2155766487122)
0.017726905643939972, (486.032772064209, 795.6529870033264)
0.017488431185483932, (502.50744819641113, 769.4119920730591)
0.01747644692659378, (269.1483736038208, 603.5038744211197)
0.01745814085006714, (470.2915668487549, 793.9197950363159)
0.017397643998265266, (441.45288467407227, 774.8387703895569)
0.01738380827009678, (436.8953227996826, 888.6406588554382)
0.017381951212882996, (428.32374572753906, 801.467423915863)
0.017379367724061012, (435.4776859283447, 798.7023911476135)
0.017367469146847725, (496.3463306427002, 788.4054951667786)
0.01735844649374485, (438.27691078186035, 824.9416916370392)
0.01735486090183258, (393.8310146331787, 736.3972120285034)
0.01735123246908188, (449.0050792694092, 753.1063878536224)
0.0173028614372015, (434.0620517730713, 769.6982052326202)
0.01729324646294117, (519.096565246582, 747.9602973461151)
0.017181530594825745, (206.00545406341553, 507.582830786705)
0.017103567719459534, (466.11552238464355, 759.7043931484222)
0.017086070030927658, (484.31525230407715, 655.8764991760254)
0.01705426722764969, (500.37059783935547, 754.2051959037781)
0.01704403944313526, (510.2063179016113, 795.2214202880859)
0.016998667269945145, (48.10044467449188, 19.700711131095886)
0.016972927376627922, (503.1996726989746, 816.8250253200531)
0.016921330243349075, (518.8471794128418, 680.8210995197296)
0.016886867582798004, (444.4155693054199, 613.991468667984)
0.01688370108604431, (509.83738899230957, 742.3746836185455)
0.01687033101916313, (440.5966281890869, 876.9182960987091)
0.016823211684823036, (437.00947761535645, 611.5719544887543)
0.016804546117782593, (471.1024284362793, 803.0744905471802)
0.01677996665239334, (495.2855587005615, 822.8390378952026)
0.01674858294427395, (394.95835304260254, 748.1673138141632)
0.016721434891223907, (441.21408462524414, 602.9610271453857)
0.016708556562662125, (413.02218437194824, 729.3836266994476)
0.01668691076338291, (486.01136207580566, 779.3005278110504)
0.016685837879776955, (393.32165718078613, 743.6116254329681)
0.01662256009876728, (476.0423183441162, 640.852997303009)
0.01657627895474434, (389.9923086166382, 753.4210381507874)
0.01655026711523533, (515.2276992797852, 746.3750374317169)
0.016498208045959473, (410.8346939086914, 760.837532043457)
0.016491618007421494, (351.3232946395874, 1003.4919955730438)
0.01647765561938286, (204.13098335266113, 507.3768825531006)
0.016287533566355705, (486.2597465515137, 798.5935049057007)
0.016238437965512276, (467.0229911804199, 735.1102473735809)
0.01622888073325157, (249.5457410812378, 777.8067677021027)
0.016205281019210815, (513.5932445526123, 747.3356380462646)
0.016194550320506096, (432.8547954559326, 901.8665063381195)
0.016159823164343834, (466.19577407836914, 744.6651992797852)
0.016088971868157387, (467.1854496002197, 749.2331171035767)
0.016053397208452225, (243.92108917236328, 772.7252132892609)
0.016044428572058678, (561.0075950622559, 727.9199981689453)
0.016027839854359627, (471.70119285583496, 769.0909323692322)
0.015986109152436256, (512.0305061340332, 877.0433900356293)
0.01592782884836197, (203.13796997070312, 501.0948168039322)
0.015912102535367012, (455.8872699737549, 746.2565002441406)
0.01587102934718132, (522.8397369384766, 774.8524732589722)
0.01585775427520275, (383.1181764602661, 773.451318025589)
0.015831097960472107, (441.72210693359375, 751.9585146903992)
0.01581157185137272, (461.89098358154297, 630.604724407196)
0.015800755470991135, (234.04090404510498, 774.396226644516)
0.01579277217388153, (461.36136054992676, 627.391548871994)
0.01579001359641552, (234.6684694290161, 756.6862993240356)
0.015782790258526802, (419.6667671203613, 760.4864144325256)
0.015772255137562752, (463.54713439941406, 796.8366644382477)
0.015741905197501183, (379.14347648620605, 739.5538816452026)
0.015720516443252563, (431.8422794342041, 607.3950841426849)
0.015719998627901077, (429.82630729675293, 888.0235140323639)
0.0156889446079731, (269.6680784225464, 610.7834132909775)
0.015631956979632378, (512.2811317443848, 743.0550384521484)
0.015627657994627953, (427.0802974700928, 809.443525314331)
0.015585637651383877, (399.57103729248047, 747.5302777290344)
0.015581042505800724, (447.53851890563965, 724.333898305893)
0.015558848157525063, (513.0868434906006, 865.2951686382294)
0.01555006392300129, (394.6376323699951, 745.3876204490662)
0.015546660870313644, (439.99600410461426, 905.925502538681)
0.015538118779659271, (519.4433212280273, 679.8529844284058)
0.015522975474596024, (369.77481842041016, 988.6053750514984)
0.015511240810155869, (436.43946647644043, 607.114985704422)
0.015371215529739857, (443.52779388427734, 889.3126151561737)
0.015351539477705956, (510.0426197052002, 743.2349438667297)
0.015350976958870888, (264.08753395080566, 922.3949518203735)
0.015337648801505566, (461.3635540008545, 637.3776254653931)
0.015321935527026653, (263.3019208908081, 602.4154171943665)
0.015262489207088947, (436.2017631530762, 766.6462225914001)
0.015250468626618385, (429.1027545928955, 799.4317374229431)
0.01523162517696619, (361.69939041137695, 1001.1317868232727)
0.015215790830552578, (514.2765998840332, 680.3803238868713)
0.015202541835606098, (483.48493576049805, 657.7085580825806)
0.015190355479717255, (516.6077613830566, 856.1101942062378)
0.015179245732724667, (378.35865020751953, 752.5240895748138)
0.015154864639043808, (420.184850692749, 786.0290050506592)
0.015153177082538605, (235.17413139343262, 759.3624107837677)
0.015095594339072704, (439.70484733581543, 599.4203088283539)
0.015073881484568119, (459.75356101989746, 625.246018409729)
0.015031563118100166, (445.3754425048828, 754.1447117328644)
0.015018521808087826, (432.4732303619385, 885.8247191905975)
0.015016808174550533, (514.5040035247803, 680.213237285614)
0.01496175304055214, (389.5261287689209, 745.5827758312225)
0.014951727353036404, (269.47407722473145, 599.1561970710754)
0.014949389733374119, (227.86061763763428, 751.4565181732178)
0.01493995450437069, (427.83679962158203, 703.3417654037476)
0.014927677810192108, (442.5100803375244, 717.0211336612701)
0.014913709834218025, (210.5984926223755, 503.5347011089325)
0.014808792620897293, (517.0310497283936, 682.1301655769348)
0.014766928739845753, (201.80840492248535, 503.64520812034607)
0.014750058762729168, (436.42239570617676, 617.466214299202)
0.014703122898936272, (460.44921875, 620.561110496521)
0.014701741747558117, (233.34975242614746, 752.251579284668)
0.014672456309199333, (223.42383861541748, 782.4096057415009)
0.014665239490568638, (238.49241733551025, 766.0359292030334)
0.014657118357717991, (566.9246196746826, 736.7394890785217)
0.014655189588665962, (490.9436225891113, 635.9758808612823)
0.01462570670992136, (424.2950916290283, 748.418238401413)
0.014609161764383316, (452.4242877960205, 699.0262455940247)
