0.4685995578765869, (29.014045000076294, 284.19554233551025)
0.297229140996933, (26.699340343475342, 285.6820449233055)
0.09460266679525375, (32.08443522453308, 284.9314175546169)
0.0799226239323616, (22.56004810333252, 285.25590896606445)
0.07287882268428802, (28.001347184181213, 286.5543030202389)
0.06281328946352005, (34.695786237716675, 285.49566864967346)
0.04999932274222374, (28.25693190097809, 285.58673337101936)
0.048665761947631836, (15.546262264251709, 285.0397862493992)
0.04672396183013916, (22.963619232177734, 286.6700850427151)
0.04396003484725952, (32.783353328704834, 286.1149422824383)
0.035058263689279556, (35.033202171325684, 285.003837198019)
0.032884374260902405, (544.3867683410645, 693.989098072052)
0.03219927102327347, (32.99360275268555, 284.95199978351593)
0.03142142668366432, (418.20292472839355, 750.7019490003586)
0.031308822333812714, (19.901815056800842, 286.6104803979397)
0.031046370044350624, (498.28877449035645, 501.07888877391815)
0.030880648642778397, (543.5789585113525, 692.1207904815674)
0.03077634796500206, (538.768720626831, 704.6782225370407)
0.03068815916776657, (577.4174213409424, 577.1267041563988)
0.03059280477464199, (475.97742080688477, 510.016530752182)
0.03007548116147518, (580.6909561157227, 603.3629924058914)
0.0295275766402483, (33.08860659599304, 284.753181040287)
0.029387200251221657, (494.49496269226074, 507.9273506999016)
0.028767788782715797, (413.48419189453125, 749.7253268957138)
0.028696896508336067, (481.3202381134033, 493.5421794652939)
0.02859100140631199, (451.3975143432617, 743.0854439735413)
0.028416043147444725, (546.9955921173096, 700.8443027734756)
0.028049012646079063, (36.056530475616455, 285.87456792593)
0.027874816209077835, (445.42298316955566, 730.1211357116699)
0.026759419590234756, (498.4177589416504, 509.6999928355217)
0.026501279324293137, (548.1678009033203, 692.8250193595886)
0.026401497423648834, (575.9088516235352, 604.8028916120529)
0.02559666708111763, (430.28483390808105, 747.0571249723434)
0.02557508647441864, (545.527172088623, 703.529343008995)
0.025485550984740257, (490.25611877441406, 532.311201095581)
0.0253849346190691, (443.9633369445801, 500.4126578569412)
0.025253785774111748, (428.4001350402832, 737.7073168754578)
0.02518509328365326, (471.97508811950684, 515.361949801445)
0.02515316940844059, (577.9849529266357, 605.3061783313751)
0.02408996969461441, (591.7253971099854, 608.5226684808731)
0.023726167157292366, (501.07927322387695, 508.19311290979385)
0.023714115843176842, (586.7212295532227, 606.7171692848206)
0.02353340946137905, (587.9685878753662, 602.9744073748589)
0.023504095152020454, (37.818047404289246, 286.09585016965866)
0.02347327396273613, (493.2260513305664, 508.9377611875534)
0.023387031629681587, (502.512788772583, 697.9920715093613)
0.02323351427912712, (496.8277931213379, 507.5051262974739)
0.023156296461820602, (547.0648288726807, 697.5194066762924)
0.02308656834065914, (599.5071411132812, 608.7303906679153)
0.022805633023381233, (420.52836418151855, 746.5507835149765)
0.022644463926553726, (428.50279808044434, 745.718702673912)
0.022559605538845062, (417.60101318359375, 520.6508934497833)
0.022505419328808784, (337.3876094818115, 789.6333187818527)
0.022494543343782425, (477.6151657104492, 501.2470856308937)
0.02243148908019066, (401.4965057373047, 737.743079662323)
0.022383425384759903, (544.4311141967773, 700.5614787340164)
0.02213459275662899, (587.9398822784424, 594.630278646946)
0.02202838659286499, (401.1082649230957, 755.6059956550598)
0.021806316450238228, (467.1887397766113, 756.583958864212)
0.021697863936424255, (25.16169250011444, 288.3022278547287)
0.021626964211463928, (279.21502590179443, 440.29969722032547)
0.021406233310699463, (428.01737785339355, 733.7166368961334)
0.02135331742465496, (466.83335304260254, 726.8340140581131)
0.021093640476465225, (522.2426891326904, 430.1226884126663)
0.021010147407650948, (575.7667064666748, 602.5873497128487)
0.020831916481256485, (625.9780883789062, 761.4973932504654)
0.0206524059176445, (501.70140266418457, 515.8459395170212)
0.02052800916135311, (444.4730281829834, 502.8102546930313)
0.020425735041499138, (568.198299407959, 672.4891066551208)
0.020338356494903564, (446.43144607543945, 495.7594722509384)
0.020335905253887177, (557.1389198303223, 700.2181559801102)
0.020298795774579048, (516.4909839630127, 424.8771071434021)
0.020097272470593452, (406.23226165771484, 699.5317339897156)
0.020074358209967613, (531.9496631622314, 696.9305872917175)
0.02006520889699459, (537.9798412322998, 705.3846120834351)
0.01996457763016224, (498.60973358154297, 518.4289067983627)
0.019866708666086197, (534.0199947357178, 706.9965451955795)
0.01984725520014763, (28.434032201766968, 288.13833370804787)
0.01969980262219906, (493.7967777252197, 511.55976951122284)
0.019599173218011856, (488.8535499572754, 517.1949788928032)
0.01937389001250267, (599.780797958374, 742.6825910806656)
0.01933767832815647, (501.1958599090576, 516.931489109993)
0.019306525588035583, (208.4777593612671, 723.9565998315811)
0.019274283200502396, (401.4411926269531, 496.15737050771713)
0.01926054060459137, (338.90702724456787, 788.7285947799683)
0.019123751670122147, (614.5478248596191, 604.2253226041794)
0.019109997898340225, (544.3203449249268, 705.3456455469131)
0.019081024453043938, (421.8736171722412, 738.7156784534454)
0.01904928684234619, (608.3930969238281, 605.4486334323883)
0.01902940310537815, (521.6719150543213, 426.1818528175354)
0.018937844783067703, (504.900598526001, 509.9036172032356)
0.018919983878731728, (596.1990833282471, 604.5143306255341)
0.018833275884389877, (454.3018341064453, 708.082914352417)
0.018831389024853706, (493.1743621826172, 518.5110494494438)
0.01881280541419983, (407.75113105773926, 758.0851763486862)
0.01880008541047573, (541.8571472167969, 706.9548219442368)
0.018799906596541405, (514.1506195068359, 420.70262134075165)
0.018710054457187653, (415.3345584869385, 753.1917095184326)
0.018657948821783066, (619.1460132598877, 596.1276218295097)
0.018616892397403717, (552.8223037719727, 689.0850514173508)
0.018410515040159225, (487.5220775604248, 488.28117549419403)
0.01837192103266716, (603.4770011901855, 612.6846745610237)
0.01835634931921959, (422.0877170562744, 746.915265917778)
0.01821514405310154, (26.494765281677246, 286.7638133466244)
0.018160788342356682, (447.0384120941162, 708.8825106620789)
0.018117908388376236, (293.1952476501465, 514.901652932167)
0.01802130602300167, (620.7821846008301, 601.581484079361)
0.01795470528304577, (563.1131172180176, 685.2036714553833)
0.01793685555458069, (422.91150093078613, 749.2829114198685)
0.017928054556250572, (607.0620059967041, 605.885460972786)
0.01790436916053295, (581.4609050750732, 590.1185423135757)
0.017883101478219032, (626.2201309204102, 752.4218410253525)
0.017834916710853577, (534.9175453186035, 706.5214961767197)
0.017713841050863266, (281.97431564331055, 440.8881813287735)
0.017686516046524048, (469.47455406188965, 506.06928765773773)
0.0176764614880085, (420.5667495727539, 746.048092842102)
0.017601264640688896, (574.5005130767822, 596.771240234375)
0.017582977190613747, (501.370906829834, 720.1626896858215)
0.017580671235919, (510.7344627380371, 415.91864079236984)
0.017566906288266182, (505.45787811279297, 517.9306119680405)
0.01755388453602791, (484.4876289367676, 568.8871443271637)
0.01750551350414753, (557.0090293884277, 704.6062499284744)
0.017493536695837975, (558.5326671600342, 681.70465528965)
0.017493322491645813, (598.6974716186523, 606.6406145691872)
0.01747197099030018, (285.0543022155762, 442.67136603593826)
0.01745782233774662, (497.07531929016113, 503.2319575548172)
0.017436202615499496, (416.4466857910156, 740.4050976037979)
0.017410071566700935, (437.4756336212158, 749.9288022518158)
0.01739756390452385, (508.21709632873535, 490.7634109258652)
0.017369022592902184, (281.5782070159912, 440.8067837357521)
0.017368094995617867, (449.09372329711914, 501.3567581772804)
0.017343195155262947, (401.67078971862793, 759.5700770616531)
0.01732811890542507, (493.27239990234375, 521.0310220718384)
0.01729930005967617, (554.3768882751465, 712.2625410556793)
0.017283493652939796, (566.1046028137207, 676.6390055418015)
0.01727263443171978, (483.69154930114746, 487.75404691696167)
0.017120322212576866, (442.59748458862305, 501.4967918395996)
0.017060376703739166, (386.6757869720459, 763.8145238161087)
0.016960114240646362, (395.7157373428345, 774.7224718332291)
0.01681472733616829, (38.68333101272583, 285.7349067926407)
0.01679718680679798, (303.60941886901855, 579.7054618597031)
0.01677498035132885, (515.0441646575928, 540.1647835969925)
0.01675587147474289, (36.46401762962341, 266.81920513510704)
0.016732076182961464, (182.66007900238037, 422.8472709655762)
0.01671486534178257, (530.3922653198242, 460.0004479289055)
0.016707750037312508, (549.7564315795898, 708.6317986249924)
0.01669553481042385, (404.60963249206543, 758.3792507648468)
0.016690071672201157, (507.8490734100342, 496.1272329092026)
0.016618305817246437, (516.5955066680908, 494.2720755934715)
0.01651870831847191, (542.5413608551025, 710.0974023342133)
0.016511064022779465, (611.4424228668213, 604.0182709693909)
0.01650192216038704, (594.5329189300537, 605.1668524742126)
0.01645796000957489, (426.3181209564209, 752.2621005773544)
0.01642710715532303, (490.5879020690918, 497.53032624721527)
0.016384977847337723, (542.4784183502197, 494.6577548980713)
0.016358263790607452, (402.47459411621094, 753.8644224405289)
0.01632809080183506, (528.1470775604248, 439.6579787135124)
0.01632477529346943, (623.1751441955566, 596.4703485369682)
0.016239503398537636, (550.6117820739746, 552.019514143467)
0.01611945778131485, (498.6559867858887, 515.3631418943405)
0.016118058934807777, (471.56224250793457, 496.41381949186325)
0.016117319464683533, (515.1599407196045, 487.42469400167465)
0.016097964718937874, (599.1615772247314, 611.8156760931015)
0.016094325110316277, (530.4459571838379, 488.8085275888443)
0.016051551327109337, (362.95673847198486, 780.9881865978241)
0.016028838232159615, (449.49703216552734, 748.5046982765198)
0.016003716737031937, (421.337366104126, 749.7213035821915)
0.015995459631085396, (488.5453224182129, 529.6046659350395)
0.015990611165761948, (485.3586673736572, 501.78829580545425)
0.01598791778087616, (43.5376763343811, 376.14457309246063)
0.015955520793795586, (567.5481796264648, 675.2645969390869)
0.015922993421554565, (293.1540250778198, 515.5331268906593)
0.01591685228049755, (461.0051155090332, 736.6859912872314)
0.015904661267995834, (360.6253147125244, 739.7594302892685)
0.01589190401136875, (542.9880619049072, 502.392053604126)
0.0158782247453928, (422.38335609436035, 746.9385117292404)
0.015851274132728577, (520.2614307403564, 486.8656396865845)
0.015815407037734985, (435.5220317840576, 755.089595913887)
0.015794705599546432, (337.34123706817627, 790.6374335289001)
0.015774667263031006, (500.6803035736084, 514.2781883478165)
0.01577453501522541, (565.9222602844238, 675.2631068229675)
0.015767620876431465, (516.2281513214111, 463.1908982992172)
0.015728168189525604, (480.5518627166748, 492.2116547822952)
0.015724757686257362, (616.7808055877686, 601.2614443898201)
0.01564299687743187, (486.8749141693115, 482.9765111207962)
0.015575448982417583, (587.3311996459961, 738.6898249387741)
0.01554125640541315, (436.75761222839355, 731.4387708902359)
0.015448990277945995, (186.48329973220825, 420.2765226364136)
0.015390517190098763, (291.81902408599854, 515.7577246427536)
0.015386059880256653, (531.3896179199219, 438.96976858377457)
0.015331982634961605, (33.789026737213135, 288.5998971760273)
0.01531384326517582, (439.17903900146484, 740.0216907262802)
0.0152368675917387, (601.8136501312256, 739.4719123840332)
0.015233184210956097, (565.3343200683594, 673.8892197608948)
0.015210418961942196, (536.6429328918457, 705.3263485431671)
0.015201722271740437, (308.8972330093384, 585.7774242758751)
0.015195854939520359, (582.4863433837891, 575.946606695652)
0.015150338411331177, (489.41006660461426, 565.4552951455116)
0.015149799175560474, (605.7774066925049, 709.2656195163727)
0.01514776237308979, (508.1136226654053, 468.72198581695557)
0.015111200511455536, (595.8222389221191, 610.6501817703247)
0.01507969293743372, (421.2986469268799, 778.694748878479)
0.015078817494213581, (534.5463752746582, 706.7874819040298)
0.014995410107076168, (592.0254707336426, 730.8802753686905)
0.014945512637495995, (276.6843318939209, 442.1316459774971)
0.014921396970748901, (595.973014831543, 750.8809119462967)
0.014898459427058697, (398.27144145965576, 759.909451007843)
0.014874392189085484, (589.6913051605225, 745.091587305069)
0.014844006858766079, (397.45256900787354, 766.1441713571548)
0.014842626638710499, (458.2429885864258, 741.1870360374451)
0.01484121847897768, (578.9279937744141, 578.8103118538857)
0.014818619005382061, (504.4985771179199, 488.118976354599)
0.01480888295918703, (369.9039936065674, 752.3730397224426)
0.014800077304244041, (551.5785694122314, 709.8736613988876)
0.014750869944691658, (451.6225814819336, 496.43754959106445)
0.014695567078888416, (206.62264823913574, 719.4432616233826)
0.014688008464872837, (21.686750650405884, 287.3452752828598)
0.014681577682495117, (520.6195831298828, 490.77779054641724)
0.01464220229536295, (496.47583961486816, 492.57151782512665)
0.014580016024410725, (520.1228141784668, 506.4494162797928)
0.014549572952091694, (592.9737091064453, 610.3415042161942)
0.014537014067173004, (581.910514831543, 584.0417742729187)
0.014528068713843822, (387.4018430709839, 706.2449306249619)
0.014519105665385723, (549.2805004119873, 705.7076692581177)
0.014497357420623302, (462.49146461486816, 745.3835755586624)
0.014447519555687904, (516.4219856262207, 420.9858924150467)
0.014425192028284073, (422.32794761657715, 744.7710633277893)
0.01442404743283987, (308.11288356781006, 424.34707283973694)
0.014406907372176647, (619.2354679107666, 601.3412773609161)
0.014398655854165554, (495.5461025238037, 495.35322934389114)
0.014387520961463451, (519.5642471313477, 452.34382152557373)
0.014372612349689007, (574.6187686920166, 606.1787530779839)
0.014368019998073578, (608.9914321899414, 705.8887183666229)
0.014312012121081352, (626.5886306762695, 758.7631046772003)
0.014307108707726002, (423.38995933532715, 751.8273591995239)
0.014282417483627796, (466.8285846710205, 493.18861216306686)
0.01427266001701355, (496.321964263916, 539.6196246147156)
0.01426541619002819, (337.0234489440918, 711.5554809570312)
0.014256454072892666, (217.67127513885498, 729.2396575212479)
0.014235655777156353, (616.1548614501953, 747.707411646843)
0.014214251190423965, (522.1537590026855, 492.63570457696915)
0.014205287210643291, (609.4829082489014, 607.8914180397987)
0.014198605902493, (586.6681575775146, 732.7225059270859)
0.014192546717822552, (493.0047035217285, 519.1146209836006)
0.014154164120554924, (304.959774017334, 579.3081223964691)
0.014136767946183681, (528.6948204040527, 709.2536240816116)
0.014124796725809574, (373.91674518585205, 773.2083648443222)
0.014124445617198944, (453.5423278808594, 747.1407204866409)
0.014120655134320259, (521.5426445007324, 487.6239597797394)
0.014102417044341564, (289.89856243133545, 520.0373008847237)
0.014096532948315144, (422.26853370666504, 745.1698929071426)
0.014078465290367603, (542.7433967590332, 532.7509716153145)
0.014036598615348339, (82.17148780822754, 401.10450237989426)
0.014026148244738579, (586.3450050354004, 608.021467924118)
0.013981415890157223, (486.51227951049805, 528.0743911862373)
0.013975375331938267, (575.1591205596924, 584.6865847706795)
0.013972531072795391, (194.75107192993164, 505.93774765729904)
0.013971623964607716, (542.1244621276855, 500.57370215654373)
0.013898417353630066, (341.09647274017334, 789.4310355186462)
0.013897234573960304, (509.15961265563965, 470.36152333021164)
0.013896672986447811, (82.58751630783081, 400.07058531045914)
0.013888939283788204, (509.25960540771484, 519.426017999649)
0.013855273835361004, (584.7156047821045, 608.2708761096001)
0.013839599676430225, (334.4942092895508, 781.2991738319397)
0.013820486143231392, (420.607328414917, 741.6927814483643)
0.013807657174766064, (565.6365871429443, 721.3441282510757)
0.01380147784948349, (496.26002311706543, 525.6098136305809)
0.013768455013632774, (490.53211212158203, 573.6300349235535)
0.01376600656658411, (233.1864595413208, 492.4042522907257)
0.013759438879787922, (244.83771324157715, 533.6026102304459)
0.013749250210821629, (387.2471570968628, 771.6277986764908)
0.01371278427541256, (568.7009811401367, 680.9195876121521)
0.01370068360120058, (86.52381896972656, 314.7369250655174)
0.013643904589116573, (280.27374744415283, 440.7896474003792)
0.013636374846100807, (292.2473907470703, 519.0267786383629)
0.013616646640002728, (505.4705619812012, 409.0355709195137)
0.013592791743576527, (554.1016578674316, 692.5518810749054)
0.013588572852313519, (525.5002498626709, 566.256083548069)
0.013558697886765003, (560.9623908996582, 686.4272803068161)
0.013556881807744503, (386.789345741272, 497.2489923238754)
0.013496149331331253, (586.7686748504639, 597.802922129631)
0.01349077932536602, (500.20928382873535, 509.2593654990196)
0.013471677899360657, (580.0599098205566, 575.6904929876328)
0.01345908548682928, (355.2955627441406, 773.3689993619919)
0.013446960598230362, (607.2182655334473, 713.7070596218109)
0.013441065326333046, (484.3928337097168, 503.29525023698807)
0.013438068330287933, (331.4216375350952, 729.2361557483673)
0.013420328497886658, (516.8251514434814, 514.3517628312111)
0.01342009473592043, (612.1421813964844, 715.5919075012207)
0.013411088846623898, (289.0625, 518.1596055626869)
0.013402724638581276, (544.3686485290527, 704.1417807340622)
0.01338555570691824, (502.3277282714844, 409.0232774615288)
0.013384705409407616, (500.0542640686035, 518.3148384094238)
0.013341696001589298, (415.0891304016113, 757.2460174560547)
0.013307054527103901, (41.766488552093506, 294.19194906949997)
0.013304824940860271, (610.9531879425049, 750.5562156438828)
0.013292261399328709, (513.985013961792, 415.71762412786484)
0.013265933841466904, (422.3324775695801, 707.5216621160507)
0.013263785280287266, (364.19012546539307, 782.5727015733719)
0.013257410377264023, (492.3190116882324, 499.90978091955185)
