0.22084711492061615, (772.22900390625, 1071.4215750694275)
0.18209776282310486, (266.04912281036377, 655.6395609378815)
0.1268882006406784, (265.0890588760376, 651.2748000621796)
0.10724696516990662, (265.20724296569824, 654.4430863857269)
0.09255128353834152, (771.1921691894531, 1065.0316979885101)
0.08070500195026398, (265.6935930252075, 653.2148230075836)
0.0785912275314331, (261.07189655303955, 650.9274489879608)
0.07527739554643631, (264.67838287353516, 655.4754478931427)
0.07396727800369263, (262.5588655471802, 650.3566069602966)
0.07032178342342377, (266.6796684265137, 656.8726055622101)
0.06673955172300339, (269.3856716156006, 656.7518467903137)
0.061597537249326706, (246.87602519989014, 651.0276613235474)
0.05946384370326996, (263.7526512145996, 652.5886735916138)
0.054281868040561676, (248.0423927307129, 660.7677705287933)
0.052069492638111115, (765.7297611236572, 1065.8052260875702)
0.05176772177219391, (268.2422399520874, 656.6801280975342)
0.051763515919446945, (766.2878036499023, 117.426808655262)
0.0506318062543869, (261.0813617706299, 656.3428564071655)
0.05057952553033829, (258.00023078918457, 650.751124382019)
0.047721222043037415, (259.85918045043945, 652.4850368499756)
0.04523259773850441, (773.2971668243408, 119.1058983206749)
0.044579457491636276, (264.3439531326294, 648.1043169498444)
0.044571902602910995, (747.2046375274658, 161.4795634150505)
0.04453144967556, (261.9622230529785, 657.2353987693787)
0.04383263364434242, (263.7640953063965, 652.8908612728119)
0.042048029601573944, (766.043758392334, 120.87372371554375)
0.04067804291844368, (258.50749015808105, 648.3090059757233)
0.040043905377388, (499.22242164611816, 638.7038700580597)
0.03976748138666153, (270.1996326446533, 656.5528435707092)
0.03941873833537102, (235.49606800079346, 636.213874578476)
0.03842656686902046, (760.5045795440674, 136.4450068473816)
0.0379527248442173, (104.41150665283203, 473.36857080459595)
0.03747104853391647, (255.5335521697998, 651.7628748416901)
0.03676275163888931, (104.44748401641846, 473.4797670841217)
0.03652171045541763, (725.1783847808838, 169.45485973358154)
0.03645503893494606, (264.9948835372925, 660.2402181625366)
0.0360974445939064, (105.13547658920288, 473.3517072200775)
0.03577759489417076, (259.1426610946655, 650.7299964427948)
0.03569519892334938, (104.60062026977539, 472.9819036722183)
0.03475545346736908, (249.3840217590332, 660.3292527198792)
0.03428645804524422, (767.9817199707031, 1071.1351525783539)
0.03415584936738014, (502.71763801574707, 637.1266403198242)
0.033470794558525085, (772.8859901428223, 117.32330921292305)
0.03322749212384224, (207.6871156692505, 633.9089262485504)
0.03322351351380348, (255.55922985076904, 649.8934075832367)
0.03273811936378479, (752.5382041931152, 166.75184035301208)
0.0321892574429512, (261.36629581451416, 648.3070676326752)
0.032171525061130524, (498.8316059112549, 637.728431224823)
0.03197130933403969, (501.15389823913574, 635.9531674385071)
0.031949300318956375, (268.58417987823486, 656.3717377185822)
0.031487349420785904, (752.3822784423828, 145.11880123615265)
0.03138500079512596, (271.61715030670166, 653.1424582004547)
0.03058410808444023, (745.0325965881348, 176.98050892353058)
0.030466679483652115, (745.9625244140625, 181.24450826644897)
0.03032432124018669, (504.83593940734863, 637.5887413024902)
0.030187003314495087, (261.7716312408447, 660.0538787841797)
0.029475057497620583, (763.6646747589111, 170.94423407316208)
0.02935614064335823, (497.1426010131836, 639.1659064292908)
0.029294535517692566, (776.4800071716309, 130.78486746549606)
0.02861105278134346, (760.1057052612305, 158.75604605674744)
0.028169730678200722, (501.0091781616211, 638.9767241477966)
0.02805553562939167, (266.38641357421875, 653.3817789554596)
0.027937402948737144, (282.5483560562134, 667.5937747955322)
0.027574913576245308, (270.0867176055908, 658.4990046024323)
0.02741524763405323, (775.9880065917969, 121.0470115840435)
0.02712383307516575, (261.2401247024536, 651.7820644378662)
0.027041148394346237, (499.2400646209717, 637.452605009079)
0.027020875364542007, (495.83139419555664, 640.2491171360016)
0.02650672197341919, (105.50180673599243, 473.25404703617096)
0.02630043961107731, (509.3815326690674, 642.0976502895355)
0.025996340438723564, (268.2107925415039, 652.5533311367035)
0.025758925825357437, (103.98857593536377, 473.28234684467316)
0.025452816858887672, (733.7926864624023, 174.86632585525513)
0.025397442281246185, (507.66029357910156, 639.8418066501617)
0.025210971012711525, (507.68980979919434, 639.3390004634857)
0.025171352550387383, (105.81207275390625, 473.1864311695099)
0.025150153785943985, (762.9301071166992, 125.4468645453453)
0.02501603402197361, (266.07344150543213, 651.3857378959656)
0.024812590330839157, (499.52330589294434, 637.9117984771729)
0.024701379239559174, (500.80456733703613, 637.8976485729218)
0.02423897758126259, (263.5385036468506, 653.0549097061157)
0.023996716365218163, (266.0733461380005, 652.6747360229492)
0.02379567362368107, (499.0963935852051, 635.0113265514374)
0.023731332272291183, (493.5098648071289, 636.345165014267)
0.023676929995417595, (244.90509033203125, 650.963889837265)
0.023577088490128517, (501.54590606689453, 636.3142807483673)
0.023413440212607384, (745.2014446258545, 151.09497129917145)
0.023199014365673065, (257.0585012435913, 642.2012870311737)
0.023181406781077385, (216.3386583328247, 669.3526272773743)
0.02286772057414055, (256.14638328552246, 647.6732940673828)
0.022839199751615524, (713.5501384735107, 166.28495812416077)
0.022795412689447403, (271.791672706604, 661.7730598449707)
0.022565478459000587, (275.0743865966797, 656.427885055542)
0.022542644292116165, (269.1054582595825, 656.3483483791351)
0.02250242419540882, (277.37715244293213, 675.0452823638916)
0.022363513708114624, (256.3397407531738, 646.9674787521362)
0.02231721207499504, (105.75462579727173, 474.6566643714905)
0.02213372103869915, (320.58682441711426, 308.4120237827301)
0.022029340267181396, (779.4478893280029, 118.45581036806107)
0.021992526948451996, (509.3729019165039, 638.9862866401672)
0.02191731706261635, (499.5481014251709, 637.9926273822784)
0.021345825865864754, (319.6394443511963, 380.2476955652237)
0.021322596818208694, (263.3983850479126, 649.1855247020721)
0.021284986287355423, (264.63749408721924, 643.7918267250061)
0.02125639282166958, (763.361930847168, 178.06297659873962)
0.021171189844608307, (108.30823183059692, 472.7953381538391)
0.02104845643043518, (103.51830720901489, 473.95963621139526)
0.02078772895038128, (504.45427894592285, 638.2650291919708)
0.020766977220773697, (487.5892639160156, 629.5812523365021)
0.02063702419400215, (252.58948802947998, 646.0026361942291)
0.02018588036298752, (110.45877933502197, 472.6740947961807)
0.020030109211802483, (747.3823070526123, 139.78549879789352)
0.020016957074403763, (261.9904041290283, 660.1737329959869)
0.019930394366383553, (281.6506862640381, 660.7812097072601)
0.01982940174639225, (262.1621370315552, 644.5284616947174)
0.01980757899582386, (319.8892831802368, 382.424099445343)
0.019798722118139267, (269.47996616363525, 656.2995021343231)
0.019782116636633873, (612.4922275543213, 748.5394973754883)
0.019741566851735115, (783.601188659668, 166.83228158950806)
0.019469797611236572, (779.605770111084, 112.84576100111008)
0.019384315237402916, (282.4174404144287, 666.3942635059357)
0.019350456073880196, (276.3366937637329, 664.3166182041168)
0.01933327503502369, (500.919771194458, 639.9623069763184)
0.019277438521385193, (502.9225826263428, 636.7019493579865)
0.019227150827646255, (744.7782039642334, 188.37974286079407)
0.019218340516090393, (269.07951831817627, 650.8026843070984)
0.019182493910193443, (733.6325645446777, 168.1340081691742)
0.019006364047527313, (363.236141204834, 469.74697065353394)
0.018886631354689598, (501.18560791015625, 634.3748393058777)
0.01872630976140499, (506.6710948944092, 639.1560854911804)
0.01872124709188938, (506.4793109893799, 421.4231415987015)
0.0186399407684803, (272.1217155456543, 663.2915577888489)
0.018566109240055084, (726.664924621582, 146.4392812848091)
0.018565725535154343, (492.0276165008545, 640.3937821388245)
0.0185598935931921, (732.1248054504395, 187.13613426685333)
0.018461979925632477, (761.8063926696777, 1062.4987359046936)
0.01844535954296589, (269.1627502441406, 652.2338922023773)
0.018303385004401207, (580.3724765777588, 160.6414077281952)
0.018192775547504425, (491.60733222961426, 642.463609457016)
0.0181919913738966, (218.36400032043457, 655.5855457782745)
0.01812334544956684, (264.858341217041, 650.0806515216827)
0.018036412075161934, (748.3311653137207, 180.4826586842537)
0.017972562462091446, (105.32660484313965, 472.08603382110596)
0.017853185534477234, (282.58562088012695, 640.5180945396423)
0.017829973250627518, (270.9111452102661, 650.9921896457672)
0.017798002809286118, (604.7340393066406, 744.5461876392365)
0.017757534980773926, (633.7047576904297, 344.9963104724884)
0.01775292307138443, (273.33288192749023, 652.800211429596)
0.017674259841442108, (772.2775459289551, 162.869726896286)
0.017639966681599617, (615.8937454223633, 749.0724771022797)
0.017636984586715698, (273.5978364944458, 643.9757108688354)
0.017342226579785347, (496.96035385131836, 627.6998319625854)
0.017272433266043663, (379.96320724487305, 244.08193933963776)
0.017109140753746033, (272.6046562194824, 664.2688703536987)
0.017088592052459717, (506.4425468444824, 641.805994272232)
0.01708839274942875, (692.2891139984131, 196.27309572696686)
0.01707707904279232, (752.2283554077148, 1061.9836535453796)
0.01706015132367611, (257.07054138183594, 638.7907078266144)
0.01701892353594303, (220.7772970199585, 667.0560784339905)
0.016854077577590942, (272.2294092178345, 663.9777312278748)
0.016826918348670006, (513.5512351989746, 641.9243624210358)
0.016743015497922897, (779.608154296875, 115.09935131669044)
0.01666325144469738, (501.389217376709, 639.4111068248749)
0.016644196584820747, (104.5921802520752, 473.379199385643)
0.016639726236462593, (219.68648433685303, 609.3040518760681)
0.016623808071017265, (508.275842666626, 636.5020415782928)
0.016527479514479637, (499.38035011291504, 636.6447682380676)
0.016515230759978294, (374.19934272766113, 482.65203869342804)
0.016500288620591164, (491.0158634185791, 632.9310967922211)
0.016401011496782303, (613.9198303222656, 748.1263718605042)
0.01638059876859188, (254.1630983352661, 636.9181392192841)
0.016196610406041145, (267.7626132965088, 657.4362757205963)
0.016155743971467018, (631.4252376556396, 344.3220578432083)
0.016041094437241554, (461.7042541503906, 626.9270792007446)
0.015993358567357063, (270.67296504974365, 643.8563089370728)
0.01598396524786949, (259.9071979522705, 628.875953912735)
0.015803588554263115, (385.83972454071045, 255.47881495952606)
0.015693718567490578, (270.731520652771, 660.7580142021179)
0.015690049156546593, (181.42324686050415, 730.7752294540405)
0.015651941299438477, (319.1084146499634, 383.9579426050186)
0.015611696988344193, (186.48728132247925, 467.07105576992035)
0.015567620284855366, (250.30720233917236, 374.20206820964813)
0.01550808735191822, (214.83819484710693, 640.1487109661102)
0.015505541115999222, (740.1159286499023, 193.51126378774643)
0.01545003429055214, (271.6012477874756, 615.9767978191376)
0.015375682152807713, (261.038613319397, 643.1071393489838)
0.015220736153423786, (760.5742931365967, 180.95089775323868)
0.015220064669847488, (258.3362340927124, 666.5322089195251)
0.015193473547697067, (483.91222953796387, 643.627067565918)
0.01519294548779726, (268.0690050125122, 650.4179878234863)
0.015188735909759998, (506.54025077819824, 421.4783843755722)
0.015178896486759186, (261.79094314575195, 677.5372161865234)
0.015173094347119331, (500.22969245910645, 640.2312197685242)
0.015144242905080318, (269.62296962738037, 647.6320073604584)
0.015122943557798862, (612.7522468566895, 747.707172870636)
0.015105389058589935, (512.938117980957, 650.8165111541748)
0.015054984018206596, (229.96368408203125, 657.2903184890747)
0.015020256862044334, (319.48657035827637, 380.9484711885452)
0.014973689801990986, (260.3086233139038, 637.3289387226105)
0.014969724230468273, (772.1597671508789, 626.2150611877441)
0.014861632138490677, (272.56321907043457, 661.0991625785828)
0.01481641922146082, (696.7182636260986, 166.66346806287766)
0.01478008832782507, (267.6464557647705, 643.0543518066406)
0.01477914396673441, (251.6587495803833, 662.3805365562439)
0.014769371598958969, (656.175422668457, 176.39197951555252)
0.01471844594925642, (377.9618263244629, 486.0498571395874)
0.01469981949776411, (231.87823295593262, 609.3863668441772)
0.014692080207169056, (254.52375411987305, 647.9757401943207)
0.014685696922242641, (314.98522758483887, 309.72392666339874)
0.014678772538900375, (242.53673553466797, 678.0896439552307)
0.01467835158109665, (247.0010280609131, 634.6569328308105)
0.014605103991925716, (255.4759979248047, 672.1603171825409)
0.014596069231629372, (266.7389154434204, 678.2587320804596)
0.014593702740967274, (715.9674644470215, 154.76932668685913)
0.014593525789678097, (578.3790111541748, 162.59320610761642)
0.014586951583623886, (490.7039165496826, 637.6269266605377)
0.014562741853296757, (276.5662431716919, 647.0688540935516)
0.014504888094961643, (732.54075050354, 152.88370656967163)
0.014480989426374435, (495.83425521850586, 634.9935584068298)
0.014467474073171616, (296.2990999221802, 680.1595358848572)
0.014459291473031044, (197.20890522003174, 636.4238617420197)
0.014442604966461658, (631.1127662658691, 346.80969500541687)
0.014395982958376408, (553.7898063659668, 152.02766966819763)
0.01426529511809349, (382.4153423309326, 235.9025193452835)
0.014250490814447403, (659.3925476074219, 204.04879117012024)
0.014227098785340786, (379.73291873931885, 231.9304183125496)
0.0141849834471941, (716.261100769043, 175.2472425699234)
0.014166291803121567, (184.39245223999023, 467.8298524618149)
0.014158157631754875, (530.8496475219727, 587.4507846832275)
0.014101026579737663, (108.01310539245605, 473.6243028640747)
0.014083774760365486, (271.25537395477295, 673.2741537094116)
0.01405237801373005, (767.757511138916, 135.78374111652374)
0.014039277099072933, (497.6061820983887, 630.2426795959473)
0.013945765793323517, (246.59395217895508, 375.17065823078156)
0.013854478485882282, (378.21950912475586, 229.8626424074173)
0.01383669301867485, (274.6514558792114, 670.2175159454346)
0.013825986534357071, (739.811897277832, 190.28251731395721)
0.013789910823106766, (270.7587718963623, 662.6037690639496)
0.01378196757286787, (271.3388681411743, 649.36075091362)
0.013774821534752846, (691.4947986602783, 176.0593113899231)
0.013765987940132618, (274.258828163147, 666.6345534324646)
0.013628115877509117, (780.2837371826172, 366.4435271024704)
0.013625583611428738, (381.7145347595215, 253.85269051790237)
0.013574397191405296, (318.1549310684204, 312.65909492969513)
0.01353104691952467, (257.5833320617676, 649.6420044898987)
0.01352378074079752, (787.5355243682861, 625.05379986763)
0.013521815650165081, (239.3529176712036, 633.9812264442444)
0.01351115945726633, (386.88344955444336, 260.3355919122696)
0.013489211909472942, (531.604528427124, 586.8745152950287)
0.013476192019879818, (502.2582530975342, 642.5601389408112)
0.013435900211334229, (196.52318954467773, 585.3068480491638)
0.013357862830162048, (279.7758102416992, 654.6975908279419)
0.013349205255508423, (366.6952133178711, 463.0418543815613)
0.013333393260836601, (203.18231582641602, 614.4856951236725)
0.013316635973751545, (264.69337940216064, 635.964409828186)
0.013294432312250137, (157.17157125473022, 392.96044766902924)
0.013265052810311317, (687.5923156738281, 147.62457805871964)
0.013174373656511307, (331.79051876068115, 314.15097296237946)
0.013162828981876373, (295.45273780822754, 300.54900598526)
0.013162674382328987, (329.5575141906738, 305.75581538677216)
0.013150682672858238, (287.3018980026245, 679.5218210220337)
0.013128874823451042, (182.97991752624512, 726.7446389198303)
0.01310624461621046, (736.6298198699951, 142.30600702762604)
0.013099879957735538, (530.7158946990967, 588.4200854301453)
0.013073147274553776, (183.99120569229126, 726.8047275543213)
0.013068705797195435, (299.9056339263916, 306.08226466178894)
0.013040322810411453, (519.8160171508789, 645.0238375663757)
0.01303997915238142, (177.19473838806152, 463.2880562543869)
0.0129909198731184, (770.9699630737305, 1054.0698511600494)
0.012935235165059566, (251.57012939453125, 372.0904049873352)
0.012909354642033577, (180.3715467453003, 465.0791175365448)
0.012810192070901394, (320.29244899749756, 381.5094276666641)
0.012791368179023266, (734.9226951599121, 190.18698930740356)
0.012771687470376492, (105.3937315940857, 473.6263704299927)
0.01276705227792263, (780.7099342346191, 624.0078053474426)
0.012760966084897518, (608.948278427124, 746.8244514465332)
0.012714492157101631, (103.65641117095947, 473.4205183982849)
0.012672172859311104, (787.1746063232422, 115.811942756176)
0.0126307038590312, (483.2413673400879, 643.5780920982361)
0.012611884623765945, (276.66022777557373, 641.2965331077576)
0.01259042602032423, (225.68178176879883, 664.2176334857941)
0.012571576982736588, (268.3953046798706, 676.5532486438751)
0.012554416432976723, (507.0054531097412, 650.0217258930206)
0.012515981681644917, (590.4351711273193, 432.41332054138184)
0.012515290640294552, (611.0965251922607, 748.7357223033905)
0.01245607528835535, (274.96395111083984, 666.1044166088104)
0.012435982935130596, (383.0707550048828, 248.84268754720688)
0.012354542501270771, (266.9600009918213, 637.6472146511078)
0.01234342809766531, (269.65579986572266, 671.805988073349)
0.01234227791428566, (183.6156129837036, 470.4121776819229)
0.012326042167842388, (362.0462894439697, 463.31315779685974)
0.012321352027356625, (375.17759799957275, 481.36187756061554)
0.012234675697982311, (247.62682914733887, 390.9191139936447)
0.012219131924211979, (289.61708545684814, 679.9706120491028)
0.01221861969679594, (521.6093063354492, 645.8241794109344)
0.012215650640428066, (312.40620613098145, 301.5589796304703)
0.0121809346601367, (198.6306667327881, 635.2940015792847)
0.012168403714895248, (617.5695896148682, 751.8713798522949)
0.012145476415753365, (189.58120346069336, 427.17326855659485)
0.012110427021980286, (279.95316982269287, 667.9849970340729)
