0.26110437512397766, (399.538516998291, 621.3323957026005)
0.2244764119386673, (398.94208908081055, 618.673994153738)
0.14683844149112701, (398.79932403564453, 617.5095261633396)
0.14247393608093262, (397.36080169677734, 611.7321202754974)
0.13215100765228271, (408.04443359375, 614.1179778277874)
0.12903214991092682, (413.8009548187256, 616.5280012786388)
0.12078312039375305, (395.9073543548584, 622.9402869343758)
0.11700592935085297, (416.3038730621338, 615.9023984670639)
0.11336174607276917, (396.3059902191162, 622.7157311439514)
0.11185622960329056, (410.8448028564453, 604.657811164856)
0.11033784598112106, (425.663423538208, 615.005091547966)
0.10572333633899689, (388.66000175476074, 618.0579355359077)
0.1049857884645462, (287.21556663513184, 578.038711220026)
0.10437801480293274, (396.5108871459961, 618.8007410466671)
0.10380616784095764, (395.992112159729, 618.3284561634064)
0.09853760153055191, (429.65550422668457, 602.3010443150997)
0.0926867201924324, (351.63183212280273, 620.2697069942951)
0.08702953159809113, (391.5632724761963, 614.0591474175453)
0.08511758595705032, (389.1940116882324, 616.0034523904324)
0.08326490968465805, (428.12747955322266, 612.1965025663376)
0.0802740603685379, (405.2518367767334, 621.8188441693783)
0.07852204144001007, (387.5399351119995, 605.211832523346)
0.07728349417448044, (386.4170551300049, 622.7888396680355)
0.07627996057271957, (432.30199813842773, 609.9899613261223)
0.07368173450231552, (380.704927444458, 616.6514267921448)
0.07309826463460922, (395.2749490737915, 620.2785258293152)
0.07283131778240204, (408.9738368988037, 619.0222045183182)
0.0706809014081955, (401.0627269744873, 623.8730600774288)
0.0695241317152977, (390.06476402282715, 612.437016248703)
0.06681954860687256, (385.74538230895996, 624.591203391552)
0.06154463812708855, (289.6254301071167, 578.6489287912846)
0.0594111904501915, (398.48475456237793, 617.637456536293)
0.05835401266813278, (286.11741065979004, 578.7805623114109)
0.056623321026563644, (329.29606437683105, 594.5316888391972)
0.055618561804294586, (356.9746494293213, 603.0692755579948)
0.05464202165603638, (392.74559020996094, 609.8291607499123)
0.052186284214258194, (292.18688011169434, 570.9222931265831)
0.0520806722342968, (385.98766326904297, 597.6857012808323)
0.04985404387116432, (434.17744636535645, 623.0106085538864)
0.049571070820093155, (417.32306480407715, 619.0218991041183)
0.047586604952812195, (410.6395721435547, 618.6688784658909)
0.04690220206975937, (420.3819751739502, 610.0522658228874)
0.04685897007584572, (408.96568298339844, 613.7828239202499)
0.0467488169670105, (426.99036598205566, 588.053777307272)
0.0465138703584671, (287.3655319213867, 582.361772865057)
0.045315247029066086, (426.19385719299316, 619.5734007954597)
0.04527534544467926, (439.7367477416992, 618.6177979409695)
0.04479363188147545, (339.1504764556885, 615.6515770554543)
0.044607073068618774, (439.7644519805908, 599.6521869599819)
0.044021036475896835, (401.5511989593506, 621.6232263743877)
0.043809566646814346, (446.91171646118164, 614.9966544806957)
0.042571160942316055, (322.2693920135498, 620.6176882982254)
0.042008303105831146, (383.6443901062012, 622.376874089241)
0.041232187300920486, (399.8241901397705, 620.8001351058483)
0.04051467776298523, (411.4253044128418, 609.6344591975212)
0.04012018069624901, (285.03291606903076, 578.6433931589127)
0.03994583338499069, (349.80998039245605, 577.4656396508217)
0.039386600255966187, (285.74416637420654, 578.4700706005096)
0.037701062858104706, (383.0488443374634, 659.1778344511986)
0.03767731785774231, (395.9496021270752, 620.9341355860233)
0.03766115382313728, (440.5816078186035, 615.703879237175)
0.03746480494737625, (416.3719177246094, 625.8149980902672)
0.036329235881567, (396.71757221221924, 617.9089315831661)
0.03625927492976189, (287.9901647567749, 580.2588433921337)
0.03546933829784393, (383.32107067108154, 631.5919840335846)
0.035183243453502655, (427.1733283996582, 659.3195466399193)
0.03284980729222298, (346.8320369720459, 585.7574442923069)
0.03237178921699524, (392.4100875854492, 626.8792902231216)
0.032226547598838806, (318.5493469238281, 600.332993388176)
0.03179686889052391, (315.6561851501465, 627.2982421517372)
0.03176063671708107, (295.4495429992676, 569.5751110911369)
0.031230246648192406, (317.1571731567383, 639.6110156178474)
0.03111540712416172, (405.3014278411865, 610.133429646492)
0.030601777136325836, (310.1435661315918, 639.4177647829056)
0.030520332977175713, (375.87924003601074, 645.2314767837524)
0.03041543811559677, (443.36719512939453, 607.5392414331436)
0.030413180589675903, (399.5744466781616, 618.2355338931084)
0.030229145660996437, (288.8511657714844, 576.4157019853592)
0.030150409787893295, (288.5369300842285, 575.8894351422787)
0.030129214748740196, (385.0996971130371, 615.6491719186306)
0.029041891917586327, (287.5749349594116, 577.4693809747696)
0.028604354709386826, (376.22179985046387, 632.0926724374294)
0.02855483815073967, (455.3502082824707, 609.3619533777237)
0.028070637956261635, (275.1502752304077, 596.3926920890808)
0.028014739975333214, (417.0016288757324, 613.9151064455509)
0.02784537896513939, (412.83535957336426, 612.9574802219868)
0.027430251240730286, (311.5399122238159, 635.7630257606506)
0.026843558996915817, (492.7238464355469, 643.1942113637924)
0.026494404301047325, (347.39813804626465, 589.7495514750481)
0.026332302019000053, (353.84016036987305, 634.2212948799133)
0.026225218549370766, (403.3294200897217, 622.3892433643341)
0.025868596509099007, (473.0286121368408, 614.7451458871365)
0.025621447712183, (315.2062177658081, 634.3653740286827)
0.02535020187497139, (443.26515197753906, 594.6076606214046)
0.025289984419941902, (444.8853015899658, 607.3769901394844)
0.025240929797291756, (394.0992832183838, 627.128928154707)
0.025133095681667328, (460.7440948486328, 622.5973831415176)
0.02507258951663971, (489.52322006225586, 643.0937300920486)
0.025022998452186584, (433.24522972106934, 596.2103598117828)
0.02431909367442131, (377.59432792663574, 580.6592032313347)
0.024292638525366783, (368.13154220581055, 662.7563726305962)
0.02402096800506115, (285.9454154968262, 580.6543547809124)
0.023821795359253883, (408.08138847351074, 614.3569262623787)
0.023572366684675217, (417.8361415863037, 627.3537511825562)
0.02348935790359974, (292.248272895813, 580.0029062926769)
0.02335054986178875, (177.41869688034058, 589.8197585642338)
0.023343263193964958, (422.26901054382324, 589.1346763372421)
0.023128671571612358, (474.21560287475586, 602.3836970329285)
0.022401487454771996, (284.8702907562256, 585.4245428144932)
0.022355910390615463, (264.00630474090576, 671.2385648488998)
0.02217811532318592, (395.5852270126343, 631.7085377275944)
0.022052837535738945, (287.70713806152344, 579.6979883909225)
0.021979214623570442, (326.1096000671387, 622.0312979221344)
0.021752776578068733, (478.5784721374512, 625.2543721497059)
0.021659819409251213, (426.8289566040039, 612.0404359102249)
0.02163829654455185, (186.36738061904907, 580.5776194632053)
0.02155015617609024, (386.77613735198975, 624.360615670681)
0.021513404324650764, (408.3747863769531, 605.3240722417831)
0.021362267434597015, (393.25196743011475, 610.3037744164467)
0.021356474608182907, (407.27086067199707, 624.7630370557308)
0.021350771188735962, (411.362886428833, 618.4951741397381)
0.02130044810473919, (382.9535484313965, 666.2561902999878)
0.02129337191581726, (234.0979814529419, 603.2569907605648)
0.021251358091831207, (461.08059883117676, 584.5637710690498)
0.02123265154659748, (389.6968364715576, 617.6312718987465)
0.0210865531116724, (401.5066146850586, 617.2346152067184)
0.021062446758151054, (274.8091459274292, 306.18966557085514)
0.020991966128349304, (345.76213359832764, 614.340281188488)
0.020986439660191536, (261.18147373199463, 674.5963649153709)
0.02097001112997532, (396.84529304504395, 613.7780136466026)
0.02042744681239128, (286.03053092956543, 578.3076665997505)
0.020411662757396698, (290.92674255371094, 572.4018722176552)
0.020310884341597557, (182.8007936477661, 583.4498491287231)
0.020239947363734245, (350.7737159729004, 727.4453144073486)
0.0201532281935215, (387.0274066925049, 590.8580523133278)
0.02012726292014122, (490.9675598144531, 634.3872493207455)
0.02009657397866249, (331.32522106170654, 744.5900459289551)
0.020007699728012085, (346.64812088012695, 630.50997787714)
0.01980210840702057, (338.714075088501, 635.0973755121231)
0.01962604559957981, (336.4776849746704, 747.1914113759995)
0.019475677981972694, (178.85383367538452, 590.3167819976807)
0.01936793141067028, (407.66210556030273, 626.442586094141)
0.019283421337604523, (398.41036796569824, 622.4568926095963)
0.019185421988368034, (298.5551595687866, 565.1369082927704)
0.019142435863614082, (469.4335460662842, 618.1392520666122)
0.018968233838677406, (460.0438594818115, 580.5110009908676)
0.01896621473133564, (308.0226182937622, 632.4216417074203)
0.018959341570734978, (393.53694915771484, 618.0344568192959)
0.018946457654237747, (392.5845146179199, 607.7800605297089)
0.018946126103401184, (404.46557998657227, 619.3754160404205)
0.018931586295366287, (302.8921842575073, 589.2056851387024)
0.018841009587049484, (379.25639152526855, 605.7321056127548)
0.01877976953983307, (443.01109313964844, 597.9285437464714)
0.018756002187728882, (333.54499340057373, 590.0101843178272)
0.018695103004574776, (319.2761182785034, 640.7400555610657)
0.018629856407642365, (267.65730381011963, 676.8133665919304)
0.01860378123819828, (482.0474147796631, 635.499606013298)
0.018596718087792397, (277.58629322052, 303.39907693862915)
0.018485886976122856, (402.6034355163574, 624.1570952832699)
0.018367106094956398, (421.04973793029785, 621.6489956974983)
0.01836576499044895, (469.35276985168457, 580.1598510146141)
0.01834559440612793, (290.1672601699829, 577.6219735443592)
0.018336469307541847, (295.67766189575195, 598.7764880955219)
0.01823839358985424, (356.6967964172363, 718.4975182414055)
0.018229426816105843, (262.53318786621094, 674.6060618162155)
0.018209587782621384, (312.410831451416, 643.2570503354073)
0.01820196770131588, (344.91050243377686, 678.2069715857506)
0.01816662959754467, (241.11981391906738, 596.5608226060867)
0.018146049231290817, (490.83776473999023, 641.5387136936188)
0.01811862923204899, (269.94216442108154, 672.5474937558174)
0.018085794523358345, (390.2223587036133, 605.2936835289001)
0.017989616841077805, (390.7484531402588, 616.4164487421513)
0.01797131635248661, (262.8803014755249, 675.8110735416412)
0.01793898083269596, (349.91135597229004, 648.9379071593285)
0.01791721023619175, (407.95888900756836, 621.3858813643456)
0.01787862926721573, (405.91540336608887, 632.1125243604183)
0.017867188900709152, (387.3070478439331, 659.3978853821754)
0.017840439453721046, (390.31639099121094, 607.3230845332146)
0.017831677570939064, (474.95408058166504, 636.3958821594715)
0.01775174029171467, (470.3680992126465, 629.6608118712902)
0.017630450427532196, (289.9742841720581, 579.4306364357471)
0.01761738955974579, (275.12383460998535, 306.23339706659317)
0.01760241761803627, (202.1057367324829, 569.7229697406292)
0.017600703984498978, (271.1298704147339, 669.143728852272)
0.0175939854234457, (199.03141260147095, 571.3056643009186)
0.017578061670064926, (281.5007448196411, 596.0798715949059)
0.017575014382600784, (345.67484855651855, 708.7489260435104)
0.017514856532216072, (188.41257095336914, 581.0271509885788)
0.017462778836488724, (369.7983741760254, 633.6206215023994)
0.017459942027926445, (430.979585647583, 634.411415219307)
0.017384858801960945, (274.77214336395264, 305.870946764946)
0.017362618818879128, (370.19269466400146, 604.9761291146278)
0.0173230841755867, (195.76685428619385, 572.598864376545)
0.017321761697530746, (400.53958892822266, 618.3462465405464)
0.017290985211730003, (228.99086475372314, 606.1698405146599)
0.01716388203203678, (460.92286109924316, 593.7739180326462)
0.01712222397327423, (383.7620258331299, 604.28432777524)
0.017074022442102432, (316.3914442062378, 644.9710348248482)
0.017041539773344994, (382.44988918304443, 608.4170781970024)
0.016961656510829926, (273.838210105896, 679.1959791183472)
0.016884079203009605, (415.8414840698242, 626.9199484884739)
0.016826042905449867, (387.06159591674805, 641.5872745513916)
0.016811076551675797, (274.875807762146, 306.3192566335201)
0.01677340641617775, (304.07934188842773, 557.7756625413895)
0.016762448474764824, (466.81413650512695, 583.2081901431084)
0.01670844852924347, (458.8916778564453, 629.3997209072113)
0.016685454174876213, (270.96924781799316, 670.6616374254227)
0.016610249876976013, (267.69251823425293, 673.7493749856949)
0.016600914299488068, (486.5285396575928, 562.2164995372295)
0.016590673476457596, (417.33508110046387, 626.2348662614822)
0.016590191051363945, (317.1823263168335, 635.7371800839901)
0.01655476912856102, (253.14266681671143, 417.0729441046715)
0.016553867608308792, (319.09539699554443, 651.1405543684959)
0.016500411555171013, (398.4718322753906, 622.5086603164673)
0.016472678631544113, (414.3062114715576, 624.3068627715111)
0.016436122357845306, (177.89381742477417, 590.8214407861233)
0.01642327755689621, (416.3980484008789, 609.0380616188049)
0.01639069803059101, (395.75822353363037, 652.1079538464546)
0.01638183556497097, (399.37000274658203, 591.2760879993439)
0.016320541501045227, (477.7698516845703, 628.1860048770905)
0.016231240704655647, (244.50252056121826, 590.5355730950832)
0.0161270909011364, (296.3385343551636, 586.3510549664497)
0.01611453667283058, (323.1092929840088, 758.6016858816147)
0.01605864055454731, (274.3729829788208, 304.3475789129734)
0.016032705083489418, (392.05522537231445, 620.6562468409538)
0.016016164794564247, (393.5007095336914, 609.4827065169811)
0.015950819477438927, (285.8846664428711, 586.2872997522354)
0.015924271196126938, (327.2009611129761, 630.5416646003723)
0.015845175832509995, (194.73705291748047, 578.7440271377563)
0.015823649242520332, (190.26530981063843, 571.4837589561939)
0.015794312581419945, (403.06644439697266, 624.6657244563103)
0.015717187896370888, (316.89600944519043, 640.4909139275551)
0.015706384554505348, (176.2648105621338, 592.2671952545643)
0.015686603263020515, (312.6042127609253, 637.2807816267014)
0.015616078861057758, (256.11345767974854, 418.2743672132492)
0.015593796037137508, (265.8616781234741, 673.350580394268)
0.015567293390631676, (366.398286819458, 669.0682915449142)
0.015545384958386421, (264.32647705078125, 664.8657158017159)
0.015516811981797218, (390.7367706298828, 662.1111851334572)
0.015516587533056736, (418.72572898864746, 615.106985360384)
0.015503384172916412, (432.72032737731934, 625.3801264464855)
0.015476029366254807, (325.68325996398926, 575.6642303466797)
0.015392749570310116, (396.10981941223145, 636.5029298365116)
0.01531351450830698, (417.225980758667, 592.1806866824627)
0.015255509875714779, (265.36457538604736, 675.738155901432)
0.015238141641020775, (200.51655769348145, 574.1467798948288)
0.015176950953900814, (400.12478828430176, 619.3393008112907)
0.015117340721189976, (277.18358039855957, 302.8190571963787)
0.015089726075530052, (390.4330253601074, 660.6762728691101)
0.015022647567093372, (176.2754201889038, 586.5590802133083)
0.014978352934122086, (399.39308166503906, 597.8782649338245)
0.014917977154254913, (331.6619396209717, 634.3124991953373)
0.014910642057657242, (382.82086849212646, 649.8063524365425)
0.014902365393936634, (330.5432081222534, 748.3368673324585)
0.01489207986742258, (379.51526641845703, 649.9292816519737)
0.01488138735294342, (281.61370754241943, 304.279528811574)
0.014840884134173393, (335.32373905181885, 643.2472770810127)
0.014834484085440636, (324.73392486572266, 636.7926533818245)
0.014754481613636017, (340.9400701522827, 718.7301675081253)
0.014737923629581928, (301.8062114715576, 585.7592386007309)
0.01472918875515461, (463.82527351379395, 557.8499163687229)
0.01467326283454895, (397.6078987121582, 406.075895011425)
0.014559409581124783, (344.7423458099365, 742.4141988158226)
0.014555277302861214, (373.3257055282593, 842.0212987661362)
0.0145524051040411, (403.944730758667, 503.5588392019272)
0.014547858387231827, (396.78986072540283, 612.8164933919907)
0.014534731395542622, (560.9986305236816, 763.1988567709923)
0.014533168636262417, (270.27719020843506, 588.4581838846207)
0.014463313855230808, (335.85948944091797, 582.5477701127529)
0.014430922456085682, (302.1239757537842, 681.3773236870766)
0.014405464753508568, (196.4700698852539, 570.2874515354633)
0.01439897995442152, (409.8278045654297, 626.742846429348)
0.014393947087228298, (365.9433841705322, 661.9940587878227)
0.014315207488834858, (326.2242794036865, 565.5138275921345)
0.014269848354160786, (282.8009605407715, 626.8869255781174)
0.014264564029872417, (384.9798917770386, 603.6369260251522)
0.01422912534326315, (421.7393398284912, 587.3221957683563)
0.014127787202596664, (286.6478204727173, 579.2730427086353)
0.014119725674390793, (293.04256439208984, 558.3510247170925)
0.014116798527538776, (291.3783073425293, 573.0700803101063)
0.014097732491791248, (322.35867977142334, 618.1362742781639)
0.014045212417840958, (470.44901847839355, 630.3762828111649)
0.014042670838534832, (452.9907703399658, 586.3656384944916)
0.014031780883669853, (249.31812286376953, 608.0126334428787)
0.01402192935347557, (271.20420932769775, 309.1195612549782)
0.013912651687860489, (313.827919960022, 646.9881429076195)
0.013880327343940735, (491.0281181335449, 649.2555379271507)
0.013875790871679783, (462.66465187072754, 563.1817611157894)
0.013873247429728508, (198.02887439727783, 587.1911730766296)
0.013861113227903843, (406.12635612487793, 410.5664381682873)
0.013843153603374958, (388.3981704711914, 583.0686922073364)
0.013804676942527294, (397.0532178878784, 648.3619723320007)
0.013729440048336983, (380.8833837509155, 659.2029547691345)
0.013711592182517052, (347.0616340637207, 697.7957038879395)
0.01370400283485651, (471.2648868560791, 594.3027427196503)
0.013670800253748894, (299.30691719055176, 590.4789187610149)
0.013645914383232594, (404.95920181274414, 607.040041923523)
0.013564982451498508, (292.16291904449463, 579.7896126508713)
0.013563201762735844, (473.9055633544922, 570.2781364023685)
0.013549549505114555, (458.0246925354004, 562.1033435761929)
