0.08944454789161682, (607.9570519924164, 268.7119240760803)
0.08488031476736069, (445.16869139671326, 673.5062442421913)
0.06713469326496124, (605.0531373023987, 270.24542640149593)
0.06022845581173897, (552.7721650600433, 755.2563806176186)
0.05974920094013214, (548.5199997425079, 756.2424716949463)
0.056231789290905, (593.9091067314148, 270.5495128631592)
0.055866584181785583, (444.20897698402405, 674.0256284475327)
0.05521421507000923, (594.3127505779266, 282.6551494151354)
0.054779309779405594, (549.1831319332123, 756.0347021222115)
0.05121443793177605, (615.7122466564178, 271.9880092740059)
0.05037981644272804, (445.0099768638611, 673.6002371311188)
0.049516547471284866, (549.5118284225464, 755.893911421299)
0.04951240122318268, (448.5892195701599, 674.8060951828957)
0.047708090394735336, (614.5492122173309, 270.49625949561596)
0.04353403300046921, (555.1282382011414, 757.1406083106995)
0.04291974753141403, (444.8296558856964, 675.1049973368645)
0.04090386629104614, (593.5367753505707, 286.33090302348137)
0.04062432423233986, (602.3598432540894, 264.12923443317413)
0.04005367308855057, (547.1790497303009, 755.9505614042282)
0.03988208249211311, (546.2873618602753, 757.0911090970039)
0.03826523199677467, (443.2215371131897, 675.6215212345123)
0.03803026303648949, (603.1301636695862, 271.13528004288673)
0.03698968142271042, (444.1370680332184, 674.5712321400642)
0.036944374442100525, (237.2064653635025, 831.4245470762253)
0.03499854728579521, (597.8449401855469, 287.26008589565754)
0.03491516038775444, (616.6539838314056, 273.64418701827526)
0.03405751287937164, (548.7221381664276, 757.876978635788)
0.03373170271515846, (596.0706796646118, 267.26595908403397)
0.03254000470042229, (549.1026985645294, 755.5922284126282)
0.03237725794315338, (447.95520544052124, 674.9217787384987)
0.03112936206161976, (547.9026968479156, 757.0772842764854)
0.030988065525889397, (553.1853039264679, 757.0507469773293)
0.03083975985646248, (552.2058820724487, 757.6711159348488)
0.030513929203152657, (600.119651556015, 267.7797815799713)
0.02992970682680607, (382.8186092376709, 1019.5709788799286)
0.029733486473560333, (449.48040103912354, 670.3050832152367)
0.029707984998822212, (234.70518171787262, 818.5068413615227)
0.02966553345322609, (593.0042102336884, 287.325038716197)
0.029016807675361633, (589.4014620780945, 286.6877065449953)
0.028549307957291603, (443.5150809288025, 672.9650104641914)
0.0280525553971529, (602.5752325057983, 281.56036664545536)
0.02795432135462761, (453.16750717163086, 674.8663205504417)
0.027898503467440605, (598.4899685382843, 282.1653018593788)
0.02771889604628086, (597.3721303939819, 270.9210350513458)
0.027680041268467903, (550.9939377307892, 755.8161269426346)
0.027613257989287376, (547.767951965332, 757.4776479005814)
0.027103645727038383, (453.01162004470825, 673.6622104644775)
0.026791216805577278, (258.4201966524124, 416.9061341881752)
0.02628420852124691, (444.940979719162, 674.2240225672722)
0.02591889537870884, (445.88191509246826, 676.6689500212669)
0.02577558346092701, (225.36073172092438, 851.8493686914444)
0.025540493428707123, (247.96961903572083, 834.324660718441)
0.025504186749458313, (570.1601207256317, 269.0045891702175)
0.025144977495074272, (643.8929171562195, 271.76037645339966)
0.025073448196053505, (476.09177684783936, 495.9266630411148)
0.02497534267604351, (453.2686185836792, 675.1692748069763)
0.024805229157209396, (549.3298194408417, 757.0066505670547)
0.024767275899648666, (545.6384088993073, 757.2414341568947)
0.02467130869626999, (220.7314875125885, 841.4269636273384)
0.024644283577799797, (447.8452742099762, 674.7160749435425)
0.024229103699326515, (593.0881040096283, 244.38200779259205)
0.02399086020886898, (384.79074597358704, 1016.9874059557915)
0.023741349577903748, (451.54225516319275, 675.0657475590706)
0.02368035726249218, (630.7088077068329, 278.06944055855274)
0.023523489013314247, (588.3796713352203, 271.6759775131941)
0.023292336612939835, (230.3698822259903, 587.0732280015945)
0.023034721612930298, (259.2157738208771, 415.72037774324417)
0.02295703999698162, (224.88182401657104, 850.1570199728012)
0.02284683845937252, (236.42468762397766, 827.3095177412033)
0.022424135357141495, (241.7346192598343, 839.7568617463112)
0.022387102246284485, (235.2665694952011, 841.3901768922806)
0.022334840148687363, (446.27973532676697, 677.140185713768)
0.022272631525993347, (471.7084958553314, 497.2152316570282)
0.02220800146460533, (226.05308747291565, 845.4387835264206)
0.022094851359725, (220.58870351314545, 834.9797506332397)
0.02208513207733631, (465.2204010486603, 498.0219576060772)
0.02201777696609497, (229.19401895999908, 860.0068073272705)
0.02198375016450882, (225.7939578294754, 579.0068822205067)
0.021977895870804787, (441.9765079021454, 677.7642095088959)
0.021816998720169067, (246.42952680587769, 834.6543111801147)
0.021691611036658287, (243.871990442276, 831.6012505292892)
0.02161715179681778, (233.27702522277832, 854.9137116670609)
0.02136821858584881, (226.00607657432556, 842.3464730978012)
0.021346040070056915, (620.621762752533, 262.97088927030563)
0.02131050080060959, (552.7245211601257, 757.5107003450394)
0.02111808955669403, (548.996607542038, 751.9186398983002)
0.021108685061335564, (243.96329033374786, 833.3651069402695)
0.021043967455625534, (469.02570962905884, 497.2129275202751)
0.020952852442860603, (604.5456390380859, 285.40160097181797)
0.020921465009450912, (630.2557053565979, 273.887491941452)
0.020790860056877136, (226.4426153898239, 629.702181249857)
0.020723048597574234, (593.6459469795227, 245.45589442551136)
0.020684881135821342, (251.18497037887573, 819.7402696013451)
0.02066892571747303, (229.94174122810364, 847.2472925186157)
0.020557280629873276, (467.2298848628998, 496.7089969217777)
0.020505351945757866, (250.65778577327728, 811.127326965332)
0.0203741192817688, (245.81072580814362, 816.2477544546127)
0.020118214190006256, (596.702794790268, 260.2890528589487)
0.020089466124773026, (476.0449769496918, 497.333417981863)
0.020016318187117577, (645.9307594299316, 273.7362531721592)
0.019860751926898956, (473.3460702896118, 497.2685048878193)
0.0198089350014925, (609.431143283844, 254.84259001910686)
0.019732950255274773, (446.4100914001465, 674.1084184646606)
0.01959449052810669, (266.644002199173, 522.8564599752426)
0.01953873410820961, (548.3401851654053, 758.5533619523048)
0.01953800767660141, (259.40721452236176, 417.1054022908211)
0.019439369440078735, (220.66584527492523, 846.0341247916222)
0.019328728318214417, (221.57120597362518, 582.253808170557)
0.019297344610095024, (589.4751012325287, 285.29342572391033)
0.0192694254219532, (231.29564666748047, 610.0510728657246)
0.019258353859186172, (221.82761371135712, 857.0188186764717)
0.019181912764906883, (663.6676254272461, 424.883214533329)
0.01914038509130478, (555.0506322383881, 757.5200757980347)
0.019098766148090363, (451.00635623931885, 674.663477063179)
0.018903909251093864, (599.8661134243011, 273.4143493771553)
0.018894381821155548, (599.2826128005981, 253.07386711239815)
0.018825985491275787, (254.72692930698395, 889.8286136984825)
0.01878403127193451, (631.2144913673401, 267.2777975797653)
0.018764136359095573, (448.1393666267395, 673.5668668746948)
0.018763817846775055, (216.11732983589172, 856.8201067447662)
0.018659966066479683, (240.48081243038177, 816.7293190360069)
0.018617890775203705, (384.5478844642639, 1017.8814904689789)
0.01855677366256714, (590.1542694568634, 243.84138977527618)
0.018421243876218796, (221.68607461452484, 575.7029090225697)
0.018413309007883072, (240.67092382907867, 576.4064652621746)
0.018257005140185356, (261.7934396266937, 418.57262095808983)
0.018223540857434273, (227.87459099292755, 567.9301023185253)
0.018214814364910126, (601.132158279419, 268.71460561454296)
0.01813366822898388, (236.10561275482178, 825.8772186636925)
0.01807488687336445, (229.63387048244476, 844.3622749447823)
0.018067622557282448, (258.6882938146591, 836.6701130270958)
0.018056057393550873, (642.5508277416229, 271.39479337632656)
0.01802385412156582, (608.8859603404999, 251.5387955904007)
0.017927583307027817, (602.2670030593872, 286.37889263033867)
0.017891855910420418, (257.5042437314987, 533.3040119111538)
0.017853504046797752, (469.2585697174072, 497.6074116230011)
0.017846673727035522, (637.6581494808197, 269.0024439394474)
0.017814507707953453, (557.7021903991699, 757.1425946354866)
0.017691660672426224, (473.1762571334839, 501.8988265991211)
0.01765991747379303, (230.46189951896667, 589.9659922420979)
0.017642149701714516, (224.76731407642365, 581.1212852299213)
0.01760454662144184, (228.0058332681656, 608.6763772070408)
0.017595814540982246, (651.5866684913635, 274.37257231771946)
0.01754872128367424, (246.6291332244873, 817.6881577372551)
0.017480548471212387, (589.4343359470367, 244.77750492095947)
0.017420433461666107, (639.4927983283997, 274.24820852279663)
0.017323816195130348, (470.72903180122375, 497.1627132296562)
0.01730276271700859, (588.7938652038574, 287.61379075050354)
0.017290273681282997, (236.46363830566406, 570.8188541829586)
0.01723635382950306, (219.70881056785583, 582.521167486906)
0.017176475375890732, (261.4628863334656, 419.49101808667183)
0.017105484381318092, (225.70394504070282, 853.6094908118248)
0.017021946609020233, (614.3052957057953, 253.64543206989765)
0.01699814945459366, (219.6679608821869, 853.798827290535)
0.016946088522672653, (533.4087810516357, 217.25337974727154)
0.01691853068768978, (471.7430577278137, 497.34466058015823)
0.01689613051712513, (529.7812614440918, 212.22869311273098)
0.016860494390130043, (557.0521824359894, 757.85195094347)
0.01685553789138794, (587.93403840065, 279.3837122172117)
0.01683926023542881, (470.2826392650604, 498.76218140125275)
0.016773052513599396, (243.47056210041046, 822.1574679613113)
0.01677282527089119, (551.41787981987, 753.0629218816757)
0.016746163368225098, (386.05797243118286, 1015.3389947414398)
0.016728859394788742, (547.8604123592377, 756.6050951480865)
0.01670778915286064, (598.3390188217163, 279.4663631916046)
0.016688114032149315, (651.996262550354, 274.98900835216045)
0.016650356352329254, (550.3992540836334, 757.5049002766609)
0.016484703868627548, (228.16549730300903, 580.57008010149)
0.016476232558488846, (238.97017586231232, 821.3800204396248)
0.016439739614725113, (437.74894523620605, 678.0096397995949)
0.016398141160607338, (238.13493061065674, 832.9490116238594)
0.016374191269278526, (431.20653891563416, 312.73277455568314)
0.01627328433096409, (548.8811480998993, 759.8408976793289)
0.016266798600554466, (222.27689695358276, 853.382414162159)
0.0162404403090477, (585.6114721298218, 285.03053563833237)
0.016225188970565796, (216.43712210655212, 578.2009508013725)
0.01617974415421486, (211.03443467617035, 858.5579820275307)
0.016123928129673004, (218.8559467792511, 584.0232262909412)
0.01610504277050495, (638.9530591964722, 272.59232872724533)
0.016011813655495644, (258.2926468849182, 415.08292639255524)
0.01599380001425743, (352.6592609882355, 328.587738186121)
0.01588604226708412, (588.0146405696869, 290.2224708199501)
0.01579909399151802, (254.76604878902435, 835.0137565135956)
0.015780065208673477, (220.97439122200012, 578.3824214339256)
0.015775473788380623, (217.03351485729218, 514.1902043819427)
0.015695905312895775, (594.2019331455231, 250.25414003431797)
0.015627318993210793, (214.7288203239441, 806.1346598863602)
0.01557984296232462, (247.88994526863098, 518.0106617510319)
0.015510411001741886, (225.6356019973755, 583.3436648547649)
0.015487904660403728, (245.8982276916504, 825.4566739797592)
0.015479721128940582, (255.37776017189026, 407.3769396543503)
0.01544418279081583, (213.59163343906403, 850.7444159388542)
0.01540435291826725, (259.0429855585098, 414.98686772584915)
0.015390661545097828, (439.15674018859863, 672.274961233139)
0.01537251379340887, (446.85863614082336, 676.7636579871178)
0.015345154330134392, (229.56457793712616, 621.9738284945488)
0.015342539176344872, (225.84546303749084, 867.0271147489548)
0.015309293754398823, (210.8871774673462, 518.5946015119553)
0.01529601588845253, (231.0507173538208, 604.0125660598278)
0.015233777463436127, (242.11541175842285, 839.9664587378502)
0.015213669277727604, (604.5238215923309, 253.0518784970045)
0.015198823995888233, (235.47670483589172, 847.9626078009605)
0.015006028115749359, (234.58875167369843, 589.0403648912907)
0.014983778819441795, (217.78121602535248, 853.6933137178421)
0.014967641793191433, (238.9303389787674, 814.5602523684502)
0.014967093244194984, (614.9131457805634, 463.52811670303345)
0.014952597208321095, (247.3338325023651, 834.1673437952995)
0.014919225126504898, (547.2238240242004, 756.1822463274002)
0.014898032881319523, (236.51856172084808, 500.67028471827507)
0.014894640073180199, (435.30653071403503, 305.8823376297951)
0.014887483790516853, (229.78277349472046, 619.5111830234528)
0.014828207902610302, (228.97139239311218, 531.990177243948)
0.014797956682741642, (224.199765086174, 552.47478723526)
0.014736331067979336, (221.2948797941208, 840.0792819857597)
0.014705347828567028, (542.967523097992, 757.1898691654205)
0.01469320710748434, (662.1553008556366, 423.98444229364395)
0.014585601165890694, (238.85853552818298, 819.7647411227226)
0.01458054967224598, (265.1892385482788, 524.3861684203148)
0.01457578968256712, (532.4752306938171, 685.6707355976105)
0.014532423578202724, (234.67323625087738, 811.0442191362381)
0.01453159749507904, (254.07430493831635, 887.914511680603)
0.01449162233620882, (441.9820783138275, 677.0658177137375)
0.014368687756359577, (227.3195332288742, 584.5082868039608)
0.014354688115417957, (621.4655113220215, 256.546836823225)
0.014343945309519768, (227.07711482048035, 503.9207860529423)
0.014322670176625252, (214.33519899845123, 510.8906408250332)
0.014318774454295635, (640.6339731216431, 264.47473576664925)
0.014290307648479939, (449.88805389404297, 677.9993109107018)
0.014235823415219784, (443.4258699417114, 677.4081806540489)
0.014225199818611145, (566.7290003299713, 244.2753024250269)
0.014205561019480228, (259.7675188779831, 413.1479679644108)
0.01415722444653511, (238.90609502792358, 399.1615400612354)
0.014149585738778114, (606.9366116523743, 258.796806499362)
0.014134615659713745, (225.44658780097961, 510.13901552557945)
0.014130775816738605, (421.63821744918823, 325.37287151813507)
0.014125700108706951, (231.27690982818604, 847.8564586043358)
0.014117082580924034, (505.1229479312897, 470.96217557787895)
0.014108790084719658, (186.71275126934052, 702.8383818268776)
0.01408722996711731, (270.2675549983978, 585.7853744626045)
0.014068977907299995, (226.98737633228302, 825.8799995183945)
0.014027705416083336, (385.9693100452423, 1024.0987665057182)
0.014012221246957779, (250.5720351934433, 833.0643773674965)
0.014010883867740631, (222.49739241600037, 852.1760793924332)
0.013992635533213615, (248.27219367027283, 827.2804379463196)
0.013989992439746857, (346.33332002162933, 330.568640306592)
0.013935272581875324, (430.529776096344, 321.59623247385025)
0.013920948840677738, (216.71585369110107, 579.4604793488979)
0.013918397948145866, (206.78366196155548, 770.5777776837349)
0.013899757526814938, (202.72559595108032, 857.9251389503479)
0.013899287208914757, (463.9252803325653, 507.0725273191929)
0.013893824070692062, (589.7084677219391, 267.6490218192339)
0.013888939283788204, (266.4313770532608, 518.1744938194752)
0.013878337107598782, (226.7118730545044, 836.5324209928513)
0.01385345496237278, (233.3259562253952, 496.507384955883)
0.013851964846253395, (384.0028703212738, 1022.2425857186317)
0.013845882378518581, (600.1763262748718, 411.6102744936943)
0.013845829293131828, (606.6056363582611, 416.63106793165207)
0.013838916085660458, (257.0780861377716, 412.2533670067787)
0.013808663934469223, (250.9069139957428, 397.0282669663429)
0.013786816969513893, (224.10072147846222, 561.2631620764732)
0.013777853921055794, (240.56527590751648, 847.4003984332085)
0.01371094025671482, (229.86008405685425, 500.7380581200123)
0.013689542189240456, (227.94219553470612, 509.0745837986469)
0.013671333901584148, (535.4318532943726, 686.823519051075)
0.013667957857251167, (604.2389287948608, 284.23890575766563)
0.013653668574988842, (629.0857501029968, 264.39965268969536)
0.0136122927069664, (270.13236701488495, 525.9975942671299)
0.013607466593384743, (232.71158623695374, 550.3856900036335)
0.013562947511672974, (467.1444718837738, 498.61904683709145)
0.013560357503592968, (527.1119792461395, 675.0979260206223)
0.01354606356471777, (252.56284546852112, 410.86401227116585)
0.013541164807975292, (216.00488770008087, 517.8908466398716)
0.013532796874642372, (246.34831273555756, 839.1899646520615)
0.013515589758753777, (217.0325231552124, 853.3424493074417)
0.013508197851479053, (380.36707949638367, 1022.9455857872963)
0.013491973280906677, (599.4357991218567, 290.1433157771826)
0.01347349677234888, (386.4739809036255, 325.38081681728363)
0.013411246240139008, (532.922847032547, 516.3036936819553)
0.013405626639723778, (260.03496193885803, 516.761859357357)
0.013400278985500336, (490.58868885040283, 287.68351075053215)
0.013386324048042297, (222.33869898319244, 610.9418203532696)
0.013357322663068771, (595.301709651947, 290.73885567486286)
0.013330057263374329, (268.1026060581207, 535.0948823392391)
0.013314907439053059, (614.2267191410065, 419.8170931637287)
0.013293844647705555, (209.52086520195007, 550.2989273369312)
0.013272932730615139, (540.3813750743866, 692.6939033269882)
0.01327291876077652, (186.7484314441681, 705.6344915032387)
0.013265283778309822, (211.50486016273499, 839.0710235238075)
0.013235682621598244, (579.4257831573486, 285.43028350174427)
0.013224806636571884, (269.75725042819977, 509.0909908413887)
0.013209160417318344, (234.63536167144775, 580.0443793833256)
0.013207395561039448, (215.21671664714813, 814.2298868298531)
0.013150162994861603, (255.10373389720917, 574.3059267997742)
0.013127014972269535, (447.9057469367981, 681.6503347754478)
0.013086041435599327, (421.95476031303406, 322.95410396158695)
0.013085820712149143, (251.36634635925293, 844.6991556286812)
0.013077115640044212, (478.35538959503174, 492.025997877121)
0.013054586946964264, (251.28281128406525, 835.3821005821228)
0.013040266931056976, (217.28517508506775, 512.903542637825)
0.013038990087807178, (241.2946411371231, 575.0585452616215)
