0.5180076360702515, (406.9490909576416, 419.954847663641)
0.14580245316028595, (351.855206489563, 584.3525328040123)
0.11662491410970688, (345.9303140640259, 587.0938192605972)
0.10837879776954651, (344.74334716796875, 592.8969129920006)
0.09998250007629395, (343.72456073760986, 587.3397472500801)
0.095644511282444, (344.94240283966064, 591.5262697637081)
0.08766094595193863, (352.9116630554199, 584.2681211233139)
0.08182162791490555, (406.7863464355469, 422.19803670048714)
0.07855640351772308, (353.4559965133667, 587.1160829365253)
0.06360823661088943, (346.867036819458, 586.2272484898567)
0.06233961507678032, (347.974157333374, 597.9665613174438)
0.060958512127399445, (350.6624937057495, 587.369508266449)
0.06095505878329277, (367.422080039978, 582.6745366752148)
0.05781774967908859, (406.0450077056885, 422.0970319211483)
0.05707872286438942, (344.71778869628906, 592.184208959341)
0.05556478723883629, (361.667799949646, 583.1088115572929)
0.053827784955501556, (362.4297618865967, 591.4207361340523)
0.0533553808927536, (348.0172634124756, 587.7545747160912)
0.05167887359857559, (405.95898628234863, 422.2947790324688)
0.05167004093527794, (360.6062412261963, 581.061200350523)
0.05102104693651199, (346.1820363998413, 597.3804367482662)
0.04860043525695801, (347.78120517730713, 600.4288097023964)
0.04834790155291557, (342.00992584228516, 595.4219563603401)
0.04775473475456238, (382.5364828109741, 581.0220391154289)
0.04762040823698044, (405.37939071655273, 422.8119813501835)
0.04529435560107231, (406.4734935760498, 421.7123079895973)
0.04446982219815254, (359.4125270843506, 597.0157691538334)
0.04443879798054695, (382.1934700012207, 564.2117078900337)
0.04380333796143532, (405.8563232421875, 424.6884476840496)
0.04248429462313652, (347.94154167175293, 588.7834229469299)
0.03902948275208473, (343.68348121643066, 593.5293155610561)
0.03822105750441551, (372.97468185424805, 582.171301484108)
0.03531428426504135, (342.3361301422119, 595.6267821788788)
0.03506533056497574, (405.8785915374756, 427.7460686266422)
0.034535158425569534, (406.89382553100586, 422.6968952715397)
0.0341767743229866, (350.9320259094238, 597.8589345216751)
0.033539362251758575, (366.37275218963623, 580.5206687450409)
0.033401623368263245, (380.5011034011841, 581.1371632516384)
0.03286872059106827, (379.09042835235596, 587.001681894064)
0.03240184113383293, (355.6072235107422, 599.9285049438477)
0.0320146344602108, (345.1641082763672, 597.657952517271)
0.031146852299571037, (406.8458557128906, 422.1531668305397)
0.03111432120203972, (405.76157569885254, 423.1984178721905)
0.031022565439343452, (396.6710090637207, 546.603233397007)
0.030938608571887016, (386.291241645813, 616.0430296957493)
0.029849831014871597, (410.75892448425293, 429.10891005396843)
0.02984267845749855, (348.8182544708252, 598.4356208145618)
0.02983621135354042, (359.5773696899414, 566.8306012153625)
0.02945607341825962, (428.37438583374023, 588.0243647992611)
0.029222717508673668, (359.07907485961914, 563.2266258597374)
0.02918037213385105, (360.9023332595825, 598.2884522080421)
0.02879391796886921, (356.4467191696167, 600.1635865271091)
0.028318770229816437, (386.1424684524536, 598.8800951242447)
0.02811496891081333, (409.61623191833496, 425.7493023276329)
0.027999550104141235, (394.02642250061035, 592.0062898397446)
0.027177179232239723, (387.8746509552002, 541.7452993094921)
0.026997298002243042, (333.96599292755127, 599.5259320139885)
0.026791801676154137, (341.36667251586914, 609.6220713853836)
0.026540685445070267, (406.2619209289551, 425.87435948848724)
0.02653389796614647, (404.2849063873291, 638.4747297763824)
0.0256993118673563, (388.5836601257324, 580.1037861704826)
0.025570975616574287, (359.2593193054199, 600.0684426128864)
0.02523304894566536, (404.10289764404297, 426.9793228507042)
0.025097837671637535, (348.4867334365845, 595.3685615956783)
0.024620577692985535, (405.62005043029785, 553.0404042303562)
0.024504365399479866, (355.03058433532715, 613.5244561135769)
0.024317055940628052, (345.31564712524414, 593.9120604991913)
0.02421712502837181, (403.12533378601074, 577.4566541314125)
0.02405564673244953, (418.4883117675781, 542.6411363482475)
0.024045471101999283, (403.3274173736572, 541.194606333971)
0.024010013788938522, (356.0754060745239, 603.0084656774998)
0.024008115753531456, (331.4222812652588, 610.1440308988094)
0.02367321029305458, (405.84068298339844, 433.45299088954926)
0.023373650386929512, (346.8214273452759, 603.6580322086811)
0.023349639028310776, (350.339937210083, 564.6240235567093)
0.02331680990755558, (377.57906913757324, 538.1727214455605)
0.02300134114921093, (349.34840202331543, 601.7545830607414)
0.02280367910861969, (363.63048553466797, 578.939414948225)
0.02242988720536232, (352.02503204345703, 602.0205293297768)
0.022285189479589462, (396.564245223999, 559.3635545969009)
0.02217404730618, (345.03769874572754, 530.6205019950867)
0.022140175104141235, (396.49598598480225, 644.9706234335899)
0.0219861026853323, (348.29938411712646, 600.2503197193146)
0.021932577714323997, (443.7006950378418, 657.0378402471542)
0.021875593811273575, (361.7880582809448, 602.0293586850166)
0.02180827409029007, (349.6392250061035, 609.2283278107643)
0.02153007499873638, (349.2417097091675, 596.4580355286598)
0.021461812779307365, (346.73097133636475, 600.2277896404266)
0.02136433683335781, (344.8739290237427, 609.4046865701675)
0.02126452326774597, (380.4142951965332, 554.479436904192)
0.021214811131358147, (336.59658432006836, 776.5816015601158)
0.021110543981194496, (354.18381690979004, 600.872941493988)
0.021056240424513817, (360.3362560272217, 646.7731058597565)
0.021002788096666336, (358.00092220306396, 598.5260836482048)
0.020895294845104218, (405.1271438598633, 423.7957313656807)
0.02075865864753723, (369.30134296417236, 479.7622360289097)
0.020416876301169395, (427.18071937561035, 629.2995073795319)
0.02012280747294426, (436.04207038879395, 538.3044006228447)
0.02009289339184761, (354.90028858184814, 599.5164556801319)
0.0199436005204916, (411.17029190063477, 610.2774226665497)
0.01976819895207882, (358.56597423553467, 649.5961399674416)
0.019750986248254776, (432.1864604949951, 606.1818957924843)
0.01934618130326271, (375.2795934677124, 478.0735457241535)
0.01930559054017067, (343.8516139984131, 629.0193656384945)
0.01925862394273281, (308.95841121673584, 574.679936081171)
0.01918448880314827, (381.8690776824951, 602.424929022789)
0.01910853199660778, (336.5053176879883, 585.7857046127319)
0.018978755921125412, (410.3785037994385, 548.6447553932667)
0.018824953585863113, (414.7651195526123, 545.5004773736)
0.01874396950006485, (320.91901302337646, 616.5049724280834)
0.01871497929096222, (364.6589756011963, 532.4648096859455)
0.018643172457814217, (407.951021194458, 436.97803485393524)
0.01854412443935871, (348.47989082336426, 602.4682765901089)
0.01853855885565281, (395.7404613494873, 630.3299920856953)
0.018421761691570282, (406.76488876342773, 423.9142806828022)
0.018386581912636757, (403.4183979034424, 428.2737748324871)
0.01833847537636757, (372.9245662689209, 594.0041978657246)
0.018202923238277435, (361.64491176605225, 607.327162116766)
0.018192937597632408, (343.48926544189453, 598.1214556097984)
0.01811915636062622, (382.0486068725586, 561.7120108604431)
0.01798754371702671, (371.43497467041016, 769.3805012106895)
0.017983995378017426, (326.88584327697754, 603.7316735982895)
0.01797136850655079, (390.07959365844727, 548.8339776098728)
0.01786673627793789, (442.5522804260254, 613.4241363704205)
0.01772008277475834, (343.2018995285034, 597.7322028279305)
0.017707809805870056, (355.7833433151245, 614.9618903696537)
0.017536655068397522, (375.6317377090454, 527.1524682641029)
0.017534593120217323, (351.5735387802124, 601.6434169113636)
0.017480796203017235, (406.2273979187012, 421.5058837532997)
0.01747138798236847, (398.3773469924927, 551.7391780018806)
0.01745697297155857, (377.278733253479, 587.161409497261)
0.017455948516726494, (421.890926361084, 520.288557946682)
0.01734291762113571, (404.9662113189697, 420.7132207751274)
0.01726205088198185, (379.69417572021484, 545.8391516506672)
0.01721872203052044, (400.091552734375, 558.127254575491)
0.017192212864756584, (422.546911239624, 529.894477814436)
0.01718052476644516, (407.8622341156006, 556.4107061326504)
0.01717699132859707, (344.03278827667236, 535.3004408478737)
0.01715000346302986, (336.08007431030273, 607.8261348605156)
0.01708700694143772, (421.1874008178711, 553.7848102152348)
0.0170669574290514, (340.2333736419678, 592.7110778987408)
0.01706675812602043, (346.3459253311157, 601.0179027616978)
0.017054954543709755, (350.8857727050781, 594.4691090881824)
0.017029738053679466, (347.0249891281128, 603.7815670669079)
0.01702490821480751, (380.7382583618164, 578.5634442567825)
0.017006684094667435, (364.59360122680664, 551.9403883516788)
0.016981353983283043, (388.8582706451416, 576.0032356977463)
0.0169431883841753, (405.5204391479492, 549.1394656896591)
0.01684313639998436, (342.5647020339966, 598.5639509260654)
0.016808893531560898, (363.62414360046387, 602.031642138958)
0.016802441328763962, (468.4953212738037, 664.5777290463448)
0.016712365671992302, (440.7855987548828, 521.9959345161915)
0.016682779416441917, (413.33446502685547, 707.7203944325447)
0.016659649088978767, (364.07556533813477, 546.3285719454288)
0.016641637310385704, (354.6720027923584, 605.9197933375835)
0.01660907454788685, (342.9600477218628, 598.8200022280216)
0.01659892126917839, (410.8487606048584, 539.2297322750092)
0.01659882813692093, (344.67127323150635, 605.5397504866123)
0.016555724665522575, (349.7758150100708, 611.5364049971104)
0.016464214771986008, (374.4354248046875, 588.2550317049026)
0.01643889956176281, (473.66509437561035, 658.9471883177757)
0.016433002427220345, (343.19889545440674, 599.2907362580299)
0.01638910546898842, (415.02389907836914, 555.8540000617504)
0.016375720500946045, (368.4118986129761, 596.9787391424179)
0.01633353717625141, (411.93017959594727, 534.2402712404728)
0.01628958247601986, (382.4255704879761, 576.7034949064255)
0.016269514337182045, (408.6155414581299, 530.6198169589043)
0.016244813799858093, (340.8489227294922, 594.5975914299488)
0.016158808022737503, (372.8649139404297, 589.4686113595963)
0.016150152310729027, (395.8001375198364, 540.5610239803791)
0.0161330234259367, (438.5970115661621, 528.2217336297035)
0.01609608344733715, (406.01820945739746, 421.80318945646286)
0.016001863405108452, (343.1886672973633, 544.0426823198795)
0.015977591276168823, (364.76287841796875, 545.5245297551155)
0.01596878468990326, (481.458044052124, 543.6054008901119)
0.015924353152513504, (450.0205993652344, 588.0720509290695)
0.01585572212934494, (332.650351524353, 595.911224424839)
0.01582319475710392, (369.18628215789795, 598.5188527107239)
0.01581631228327751, (418.9784526824951, 535.0507071018219)
0.015782294794917107, (377.9040336608887, 481.5410085916519)
0.015752680599689484, (366.28565788269043, 609.6796905398369)
0.015732597559690475, (365.48094749450684, 519.4331761002541)
0.01565348356962204, (455.820894241333, 570.5885574817657)
0.015493272803723812, (347.9634761810303, 611.384669482708)
0.015480956993997097, (358.76855850219727, 610.1009497344494)
0.015473544597625732, (376.6042470932007, 540.0552389323711)
0.0154615119099617, (387.3178958892822, 536.3587075769901)
0.015416133217513561, (434.3559265136719, 533.8848516345024)
0.015392336994409561, (377.29504108428955, 533.9713945388794)
0.01535713393241167, (488.6080741882324, 952.3777179121971)
0.015354156494140625, (381.7805290222168, 571.7899967730045)
0.015270217321813107, (362.1061325073242, 641.2978399991989)
0.015261206775903702, (407.21421241760254, 427.51342272758484)
0.015254107303917408, (370.8203077316284, 557.4220859408379)
0.015215677209198475, (382.2131156921387, 571.1511244177818)
0.015168321318924427, (354.594087600708, 575.7350059747696)
0.015145821496844292, (336.7104768753052, 775.2952558398247)
0.015126480720937252, (386.58409118652344, 686.8243551850319)
0.015123759396374226, (373.1618881225586, 593.939385831356)
0.015085828490555286, (379.268217086792, 772.970851957798)
0.015077953226864338, (346.74463272094727, 596.888999402523)
0.015007168985903263, (406.09354972839355, 421.54348462820053)
0.015004919841885567, (379.2942762374878, 556.8364561200142)
0.014903443865478039, (349.3899345397949, 534.4689210951328)
0.01480893138796091, (469.84591484069824, 666.5126518011093)
0.01475739199668169, (373.05288314819336, 583.7644292414188)
0.014725846238434315, (339.1080856323242, 583.9561251997948)
0.014709334820508957, (364.4432783126831, 494.9182048738003)
0.014698348939418793, (364.4976854324341, 716.8400527834892)
0.014676019549369812, (418.2518482208252, 519.1537955105305)
0.014644457958638668, (478.1118869781494, 667.4110386967659)
0.014641272835433483, (433.0562114715576, 565.3717405498028)
0.01463868748396635, (338.539981842041, 600.5950070917606)
0.014633892104029655, (432.9498767852783, 550.7071709930897)
0.014616334810853004, (443.3330535888672, 554.260567843914)
0.014591317623853683, (380.9043884277344, 776.4198569059372)
0.014584832824766636, (336.2856864929199, 609.1542297303677)
0.014584454707801342, (510.93430519104004, 513.8783318698406)
0.014536330476403236, (343.6544895172119, 645.0128673315048)
0.014488687738776207, (446.8088150024414, 517.1536040306091)
0.014482676051557064, (329.60753440856934, 602.9247009754181)
0.014472153037786484, (458.453893661499, 899.2297946214676)
0.014457986690104008, (376.3321876525879, 559.4867088794708)
0.014457395300269127, (382.80160427093506, 508.0109589099884)
0.014420284889638424, (348.684024810791, 618.5958931446075)
0.014388271607458591, (362.1821403503418, 535.1252999305725)
0.014347782358527184, (361.19797229766846, 606.7483446002007)
0.014301112852990627, (546.1683750152588, 525.7296861708164)
0.014297456480562687, (376.3094425201416, 581.5034673213959)
0.01429504994302988, (358.6524724960327, 599.0304225087166)
0.01423841156065464, (345.0707674026489, 604.456251591444)
0.014226791448891163, (328.96101474761963, 606.6194816827774)
0.01420980878174305, (364.09335136413574, 514.3780277073383)
0.014199947007000446, (389.6155118942261, 546.3401033878326)
0.01419772394001484, (361.88671588897705, 640.4066840410233)
0.014191139489412308, (374.93863105773926, 590.6749981343746)
0.014179342426359653, (337.5662326812744, 605.1504596471786)
0.014161810278892517, (392.9795265197754, 488.5405180156231)
0.014147099107503891, (406.37216567993164, 545.6807560622692)
0.014048798009753227, (379.2215347290039, 570.76331782341)
0.014042353257536888, (408.6596965789795, 553.627366065979)
0.014025949873030186, (385.64515113830566, 457.2557147741318)
0.01402338594198227, (382.4086904525757, 469.9575795531273)
0.013996523804962635, (456.77928924560547, 894.9490796327591)
0.013974982313811779, (343.17283630371094, 625.9742656350136)
0.013973169028759003, (353.05960178375244, 578.590198725462)
0.013960900716483593, (345.16568183898926, 536.8458444178104)
0.013959758915007114, (388.3812665939331, 555.1433511376381)
0.013948068954050541, (373.66368770599365, 529.2942338883877)
0.013943629339337349, (458.7181568145752, 895.5082213878632)
0.013918344862759113, (383.05225372314453, 545.5525781810284)
0.01388567965477705, (495.6594467163086, 555.3307465910912)
0.01385713741183281, (353.68762016296387, 651.0615084767342)
0.013838148675858974, (419.28443908691406, 513.7585647106171)
0.01382467895746231, (415.23709297180176, 427.1058642566204)
0.013818226754665375, (371.34649753570557, 481.2328564822674)
0.013817849569022655, (397.33898639678955, 518.3357481360435)
0.013814892619848251, (355.6702136993408, 593.0487246215343)
0.013810722157359123, (349.2438316345215, 617.1930912733078)
0.013790274038910866, (359.5041275024414, 635.1790968179703)
0.013778501190245152, (473.3266353607178, 664.836216032505)
0.013752419501543045, (362.89961338043213, 767.4305837750435)
0.01372622512280941, (367.84348487854004, 568.0162466168404)
0.013715758919715881, (476.66430473327637, 673.8258697390556)
0.013700027950108051, (367.673397064209, 549.0813137292862)
0.013696804642677307, (391.1320924758911, 471.42374727129936)
0.013675184920430183, (369.0462350845337, 606.1455888748169)
0.01367366872727871, (375.82006454467773, 589.8030231893063)
0.013666852377355099, (344.7278022766113, 630.456229031086)
0.013664133846759796, (393.98746490478516, 547.445751786232)
0.013624756596982479, (358.67886543273926, 599.9763052463531)
0.013591768220067024, (332.49757289886475, 599.904833137989)
0.013527038507163525, (489.02010917663574, 950.3815985918045)
0.01351427473127842, (308.523964881897, 610.2040857374668)
0.013465488329529762, (461.691951751709, 541.663665831089)
0.013455735519528389, (373.7692356109619, 582.870723426342)
0.013430895283818245, (359.2975616455078, 587.3792890608311)
0.01343023031949997, (441.1182403564453, 526.9453209340572)
0.013420992530882359, (316.89910888671875, 630.7134981751442)
0.01338932104408741, (461.8053913116455, 903.2754660844803)
0.013376666232943535, (337.26680278778076, 775.1598470211029)
0.013372393324971199, (341.30685329437256, 596.7543897926807)
0.013369851745665073, (351.5446662902832, 592.8621283769608)
0.01333173830062151, (471.9973087310791, 674.1192174553871)
0.01330625917762518, (352.59549617767334, 589.7117230892181)
0.01330089382827282, (377.6040554046631, 550.873596727848)
0.013273357413709164, (345.7533121109009, 541.3556278944016)
0.013248042203485966, (359.4079256057739, 615.3441025018692)
0.013242190703749657, (338.9176368713379, 643.5016775131226)
0.013238958083093166, (378.95185947418213, 573.41292360425)
0.013217278756201267, (403.49788665771484, 477.3544860780239)
0.013211571611464024, (338.4722709655762, 595.0824067592621)
0.013209805823862553, (360.75987815856934, 638.4500684738159)
0.013198665343225002, (367.0597314834595, 593.4106901288033)
0.013186908327043056, (409.93738174438477, 563.4840472340584)
0.01315583847463131, (457.92813301086426, 917.9167444109917)
0.013127187266945839, (366.2647247314453, 514.1885771453381)
0.013119671493768692, (370.16022205352783, 487.33161944150925)
0.013094617053866386, (615.8627986907959, 729.3720285892487)
0.013086135499179363, (456.7389488220215, 904.0466645956039)
