0.4631722569465637, (72.91400142014027, 347.08940014243126)
0.2551162838935852, (72.18548028171062, 345.0129756629467)
0.19897356629371643, (76.17662073671818, 343.9533905684948)
0.18528695404529572, (80.46234382688999, 344.7191187739372)
0.1314164698123932, (95.33210380375385, 345.34421518445015)
0.11669795960187912, (83.77968537807465, 345.9571552872658)
0.10938478261232376, (99.81074425578117, 350.4126009643078)
0.10489071160554886, (79.03184791654348, 345.8790132701397)
0.09433479607105255, (90.08190551400185, 346.9881770312786)
0.06925737857818604, (97.64150933921337, 350.42777648568153)
0.06903455406427383, (101.0200799703598, 347.7019032537937)
0.06676280498504639, (109.2345760166645, 345.012618124485)
0.06366084516048431, (102.79834611713886, 342.3650060892105)
0.06075878068804741, (79.93405048549175, 349.08073046803474)
0.057824235409498215, (101.85641607642174, 348.8322015106678)
0.056844983249902725, (109.94394493103027, 347.0622272193432)
0.05627572536468506, (97.75440254807472, 345.28005689382553)
0.05449764057993889, (101.01470038294792, 327.74408645927906)
0.049550510942935944, (92.54068946838379, 340.99940779805183)
0.04896622523665428, (91.71828225255013, 347.70897457003593)
0.04714251309633255, (60.82552161812782, 350.3008503317833)
0.046263277530670166, (114.30458045005798, 354.243546128273)
0.044495124369859695, (82.48441019654274, 344.07058373093605)
0.04305955767631531, (78.19176730513573, 349.9344131350517)
0.04243965074419975, (70.64397736638784, 345.5771316289902)
0.04198315739631653, (100.95510080456734, 347.8751902282238)
0.0408906564116478, (15.589597880840302, 340.6058771312237)
0.039541102945804596, (123.85043509304523, 341.08640882372856)
0.03794929385185242, (81.10402145981789, 348.39938133955)
0.03792400658130646, (76.18266998231411, 346.54908007383347)
0.03533326834440231, (148.2004901766777, 366.8517824411392)
0.035186827182769775, (55.87822088599205, 348.2718195617199)
0.031049691140651703, (204.99866515398026, 623.8472903072834)
0.029898488894104958, (193.07640567421913, 618.0729249715805)
0.02889687940478325, (127.89546070992947, 326.2397036552429)
0.02838483266532421, (76.85190404951572, 345.285856962204)
0.028145382180809975, (69.5237843170762, 345.77620109915733)
0.027555271983146667, (73.1207025796175, 326.44123616814613)
0.027479948475956917, (388.16464310884476, 395.25463783741)
0.027475927025079727, (73.85474839806557, 348.2093297839165)
0.026823487132787704, (383.8621339201927, 400.0064034461975)
0.02621191181242466, (88.49823087453842, 345.1718816459179)
0.026200158521533012, (111.43167987465858, 339.4050643444061)
0.026179324835538864, (112.17746703326702, 350.76660376787186)
0.025608034804463387, (392.4502769112587, 401.56836980581284)
0.025604577735066414, (380.9888985157013, 404.6000576019287)
0.02559136599302292, (143.1644597351551, 385.20991256833076)
0.0253414548933506, (86.87038111686707, 345.7181606888771)
0.024911733344197273, (389.13310277462006, 409.3576232790947)
0.024860136210918427, (442.78080385923386, 508.4351063966751)
0.024780983105301857, (29.98508081957698, 348.5796999037266)
0.024774175137281418, (70.44645610451698, 345.1014465689659)
0.024584297090768814, (440.4841887950897, 508.3591493368149)
0.02411792241036892, (74.28231956809759, 350.22378093004227)
0.02400766871869564, (442.31601643562317, 506.2096281051636)
0.023805679753422737, (77.12945504486561, 349.4858612716198)
0.02377573400735855, (392.51349264383316, 402.94699838757515)
0.023543043062090874, (386.98903584480286, 400.18390142917633)
0.023306339979171753, (75.29434049874544, 346.00744903087616)
0.0227914247661829, (446.4588791131973, 508.8885446190834)
0.02269667200744152, (380.5645584464073, 398.56552344560623)
0.022536149248480797, (195.21027147769928, 619.2546293139458)
0.022420000284910202, (33.137611120939255, 341.0644400715828)
0.02233131229877472, (119.3179318010807, 345.4032884836197)
0.02204316295683384, (121.63014990091324, 357.49750366806984)
0.02200840599834919, (442.02350974082947, 507.3905776441097)
0.021921992301940918, (72.34033315628767, 349.4262715280056)
0.02165606990456581, (142.74210631847382, 352.72118708491325)
0.021582067012786865, (138.46024492383003, 340.03739097714424)
0.021432379260659218, (197.38929456472397, 624.3036285638809)
0.02129509113729, (61.29347875714302, 346.7022654414177)
0.021194320172071457, (201.37637242674828, 623.6718581020832)
0.020874638110399246, (393.7620926499367, 386.703469902277)
0.020841652527451515, (200.85415065288544, 621.8743533492088)
0.020687801763415337, (84.2517553344369, 347.66265347599983)
0.020659886300563812, (43.12147244066, 321.0151927471161)
0.020607728511095047, (55.32634999603033, 346.3159649968147)
0.020429804921150208, (71.75419808924198, 333.4867699146271)
0.02039889059960842, (192.9452419579029, 617.9329288005829)
0.020398447290062904, (22.89441629871726, 349.6867581605911)
0.02036590315401554, (206.71968668699265, 622.4917825460434)
0.020193206146359444, (192.39147928357124, 620.6837899982929)
0.020143436267971992, (78.87142571806908, 346.67215275764465)
0.02009769156575203, (50.6253328025341, 345.12969210743904)
0.020083017647266388, (86.90922129154205, 348.70833429694176)
0.020008845254778862, (55.72192266583443, 345.3986404836178)
0.020006652921438217, (389.53061187267303, 401.6213649511337)
0.019931158050894737, (381.62422555685043, 405.7065994143486)
0.019893666729331017, (389.62923020124435, 398.51967906951904)
0.019834209233522415, (202.25061118602753, 623.7837279140949)
0.019813833758234978, (429.54666167497635, 614.2333194315434)
0.019664524123072624, (374.71750497817993, 399.21179407835007)
0.019655119627714157, (63.11131054162979, 346.4219552874565)
0.019490662962198257, (72.1297200769186, 342.06495186686516)
0.01923670433461666, (60.3646070510149, 353.4567628800869)
0.019077250733971596, (388.00276440382004, 396.5751465559006)
0.019056830555200577, (388.86206978559494, 395.3680172562599)
0.019017085433006287, (207.59620228409767, 621.644813656807)
0.01887880451977253, (87.79229953885078, 348.2148517668247)
0.018667999655008316, (161.99191074073315, 406.1297660470009)
0.018622582778334618, (433.8340365886688, 416.06397220492363)
0.018610024824738503, (380.6049611568451, 410.6941815018654)
0.01839335449039936, (197.56159761548042, 621.9689818620682)
0.018231341615319252, (389.0601546764374, 392.8936921954155)
0.018209833651781082, (392.96698516607285, 403.49224454164505)
0.018131515011191368, (381.42364060878754, 403.03026512265205)
0.01808677613735199, (212.2326700091362, 624.8029508888721)
0.01804429665207863, (386.4233532547951, 404.0685568153858)
0.018037505447864532, (196.26080891489983, 624.509967982769)
0.017989473417401314, (393.6104373931885, 383.90239441394806)
0.017955753952264786, (156.5779698640108, 391.7448416650295)
0.01788492687046528, (370.6391527056694, 415.8127815723419)
0.017772488296031952, (423.86086189746857, 610.1637372076511)
0.017710108309984207, (82.51106817275286, 350.47576609253883)
0.017640413716435432, (131.12670654058456, 379.89148822426796)
0.01761787012219429, (85.63610063493252, 346.97538509964943)
0.017551589757204056, (392.4030436873436, 398.21847277879715)
0.017491618171334267, (382.62866818904877, 394.0208520591259)
0.01745210587978363, (439.05522751808167, 421.97630766034126)
0.017436593770980835, (430.6363741159439, 616.8378679454327)
0.017332324758172035, (82.74438266456127, 347.01948150992393)
0.017320161685347557, (105.89084993302822, 358.14580035209656)
0.017245816066861153, (97.98909541964531, 339.69415405392647)
0.017167428508400917, (388.72889709472656, 393.7016496658325)
0.017156081274151802, (62.286526039242744, 366.3195268511772)
0.017086463049054146, (394.4479119181633, 386.2846731841564)
0.017066309228539467, (424.0847955942154, 612.112997174263)
0.01705733686685562, (443.87176632881165, 516.8702332377434)
0.017018701881170273, (432.7876287102699, 613.2064292430878)
0.017015153542160988, (71.79253602027893, 355.53533259034157)
0.016978073865175247, (371.5167620778084, 403.86364755034447)
0.016954587772488594, (80.1209744066, 347.9246497154236)
0.016927026212215424, (443.6626097559929, 511.0169710814953)
0.01690797694027424, (147.6490936279297, 359.47067898511887)
0.016864605247974396, (358.9761402308941, 398.25104850530624)
0.0168086439371109, (87.2989511936903, 350.0373444855213)
0.01676761917769909, (403.5566471815109, 406.52683237195015)
0.01674075424671173, (83.92247324436903, 357.9703284204006)
0.01672993414103985, (81.96958814561367, 364.15665751695633)
0.016695747151970863, (374.08766913414, 407.2733726799488)
0.016641341149806976, (376.7143363952637, 610.8976444900036)
0.016568966209888458, (361.63120099902153, 397.7135490179062)
0.016453415155410767, (438.09341979026794, 419.23994663357735)
0.016355855390429497, (63.33354777097702, 349.019988656044)
0.016347134485840797, (75.53272207081318, 344.8519244492054)
0.016342757269740105, (398.31670582294464, 405.47753643989563)
0.016323529183864594, (13.32858631014824, 308.57927010953426)
0.016299013048410416, (434.6559303998947, 418.4068025648594)
0.01625920832157135, (387.26404213905334, 413.06354916095734)
0.016214817762374878, (192.60326984524727, 624.7618339657784)
0.016175979748368263, (78.60109587013721, 358.83521395921707)
0.016121115535497665, (12.466112608090043, 364.4805079102516)
0.016114920377731323, (382.69201785326004, 404.20152139663696)
0.016034722328186035, (83.99741915613413, 346.0086805522442)
0.016029132530093193, (203.05538406968117, 625.7546785473824)
0.015965061262249947, (82.83881562948227, 336.6412920355797)
0.015963638201355934, (409.06815725564957, 611.0841206610203)
0.015889286994934082, (371.8780203461647, 404.0224740803242)
0.015796924009919167, (440.195208966732, 506.6542867720127)
0.015771403908729553, (75.57626101374626, 345.33309176564217)
0.015768324956297874, (81.21211545169353, 346.82446414232254)
0.015720633789896965, (81.2333547770977, 340.61374297738075)
0.015715064480900764, (140.26954972743988, 352.36388698220253)
0.015644339844584465, (197.2578183412552, 619.4790045619011)
0.015630334615707397, (87.95628766715527, 357.52868896722794)
0.01561372634023428, (431.35514056682587, 616.6385998427868)
0.015584458597004414, (23.51561913266778, 348.40915405750275)
0.015568585135042667, (85.03206895291805, 342.9250702261925)
0.01550693903118372, (92.08118118345737, 343.7333852350712)
0.01544533483684063, (73.22242365777493, 354.484964042902)
0.015443145297467709, (92.92830994725227, 348.08196663856506)
0.01542709395289421, (77.50827509909868, 365.0391816198826)
0.015368781983852386, (199.40360406041145, 625.5262114703655)
0.015334567055106163, (395.7502631545067, 399.17818546295166)
0.015331853181123734, (84.43842813372612, 343.75082516670227)
0.015331486240029335, (83.17943726480007, 362.11519235372543)
0.015279612503945827, (548.8756874799728, 799.8996658325195)
0.015241734683513641, (84.34660683572292, 321.05315141379833)
0.015201621688902378, (387.73382967710495, 396.0024493932724)
0.015199060551822186, (375.80462807416916, 402.2416941821575)
0.015126749873161316, (193.6156144440174, 619.8335635364056)
0.01505426224321127, (450.2311975955963, 512.3948845863342)
0.015050288289785385, (439.4568438529968, 507.3685294389725)
0.015035834163427353, (424.7957493662834, 614.2363783717155)
0.015025349333882332, (132.81116473674774, 299.02339923381805)
0.015018457546830177, (444.90362030267715, 516.5512692034245)
0.01498966384679079, (463.191271007061, 642.2874953746796)
0.01497365441173315, (90.48767372965813, 334.20558112859726)
0.01495363749563694, (440.9479940533638, 504.68146899342537)
0.01495104655623436, (392.7582303881645, 388.55210265517235)
0.01494689006358385, (434.52097195386887, 592.8479906022549)
0.01490153931081295, (65.47260342538357, 340.7559241056442)
0.014890414662659168, (431.43295484781265, 417.08236092329025)
0.014875033870339394, (30.44302098825574, 348.14497286081314)
0.014829865656793118, (430.42391389608383, 417.03512611985207)
0.014790958724915981, (102.64325328171253, 361.8695634305477)
0.014717282727360725, (365.7102452516556, 595.9822522103786)
0.014714670367538929, (202.03004810214043, 624.3350124955177)
0.014706239104270935, (390.3437554836273, 399.5593611896038)
0.014705202542245388, (442.6073177456856, 623.3842382729053)
0.014675462618470192, (318.68575379252434, 609.2868145406246)
0.014671511948108673, (71.14729803800583, 359.72806695103645)
0.014638825319707394, (430.7150366306305, 617.8204233646393)
0.01461096666753292, (406.1719302535057, 593.6768839359283)
0.014537018723785877, (379.1458652615547, 385.458242893219)
0.014528129249811172, (478.84055775403976, 649.0888303518295)
0.014497602358460426, (385.4074817895889, 399.91658183932304)
0.014483751729130745, (91.38059595227242, 384.74245089292526)
0.014475662261247635, (366.3716219961643, 394.77637055516243)
0.014475267380475998, (387.19908529520035, 391.68358340859413)
0.014472355134785175, (406.9290011525154, 403.29321479797363)
0.014430256560444832, (35.57367134094238, 358.602615326643)
0.01437439676374197, (385.88155514001846, 411.37338539958)
0.014371572062373161, (434.1202038526535, 507.5130544304848)
0.014369613490998745, (89.48577579855919, 354.5193274617195)
0.01431327685713768, (157.00775648653507, 364.14748069643974)
0.014309737831354141, (340.0146124958992, 396.1133657693863)
0.014286129735410213, (546.3876841068268, 806.5385988950729)
0.014273800887167454, (55.80919028818607, 334.7082802057266)
0.014246713370084763, (426.4715912938118, 614.3464604914188)
0.014222243800759315, (334.77833193540573, 613.5600745081902)
0.01422196440398693, (433.05245620012283, 419.44358465075493)
0.014212963171303272, (386.87818509340286, 409.2779716551304)
0.014212287962436676, (482.4979628920555, 654.2532747983932)
0.014206143096089363, (104.67485111951828, 209.51775704324245)
0.014193820767104626, (435.19049620628357, 512.0087033212185)
0.014193005859851837, (530.8766594529152, 731.0407773256302)
0.014185069128870964, (84.67077720165253, 358.1498127281666)
0.014108385890722275, (456.6559875011444, 597.4688574075699)
0.014065083116292953, (63.82791734486818, 372.9090401530266)
0.014064076356589794, (70.8058839738369, 367.7845208346844)
0.014047754928469658, (383.5666807293892, 413.23639914393425)
0.014020630158483982, (64.77308406680822, 351.22039952874184)
0.014002006500959396, (480.11536371707916, 647.0464912056923)
0.013998018577694893, (410.40573251247406, 428.65163019299507)
0.013993339613080025, (390.26241433620453, 386.46300542354584)
0.013988589867949486, (77.30906853079796, 343.1126190125942)
0.013969004154205322, (77.74443563818932, 371.87468138337135)
0.01396541204303503, (437.0142879486084, 508.54022270441055)
0.013937034644186497, (478.30773305892944, 573.6316887140274)
0.013843569904565811, (521.2227331399918, 771.5872279405594)
0.013835624791681767, (337.9187163114548, 603.4773707091808)
0.013818557374179363, (437.0910307765007, 510.3983898162842)
0.013815789483487606, (159.12635408341885, 362.4302234649658)
0.013803898356854916, (151.8234748840332, 419.0699172317982)
0.013803268782794476, (92.82999296486378, 353.97996082901955)
0.013794703409075737, (194.91841211915016, 621.4721623063087)
0.013750511221587658, (375.45890587568283, 401.29596522450447)
0.013698738999664783, (439.8139055967331, 508.1521742939949)
0.013653804548084736, (83.33771097660065, 345.7307937145233)
0.013630826957523823, (482.27340418100357, 668.3995621204376)
0.013597945682704449, (423.82246816158295, 604.0699708461761)
0.013579562306404114, (483.6525428891182, 658.98601141572)
0.013569992035627365, (433.6663541793823, 620.8591824769974)
0.013564572669565678, (394.557557284832, 391.2023366391659)
0.013546241447329521, (390.826891541481, 383.18549007177353)
0.013536082580685616, (93.98495243489742, 363.5816562175751)
0.01348964311182499, (426.66824758052826, 616.0080211758614)
0.013428077101707458, (546.1633486151695, 805.7685405015945)
0.013418738730251789, (77.60372371226549, 366.755127876997)
0.013411013409495354, (393.05091565847397, 383.54946422576904)
0.013396975584328175, (423.1208449602127, 522.2342238724232)
0.013393742963671684, (109.91211384534836, 364.74822476506233)
0.013389025814831257, (146.74489882588387, 357.49909272789955)
0.01336865033954382, (400.8015394806862, 404.139269977808)
0.013306252658367157, (397.3427103161812, 403.12123879790306)
0.013270559720695019, (433.7151052951813, 521.2112268805504)
0.013258770108222961, (374.64991414546967, 399.32147893309593)
0.013256031088531017, (62.46887396275997, 367.8296501338482)
0.013236797414720058, (168.83586202561855, 400.4206713438034)
0.013225093483924866, (366.88297298550606, 391.24222204089165)
0.013178013265132904, (523.8456503152847, 645.3347956836224)
0.013153888285160065, (377.2182765007019, 621.5094654858112)
0.013144643977284431, (68.84547080099583, 345.75590085983276)
0.013116998597979546, (103.6615801602602, 335.86154037714005)
0.013098616153001785, (75.28593070805073, 342.21440294384956)
0.013092799112200737, (408.6543977856636, 600.1466615796089)
0.01307009533047676, (480.7341725230217, 445.5312593281269)
0.013066552579402924, (374.8125517964363, 395.6434807777405)
0.013029003515839577, (92.7839428037405, 349.5821980237961)
0.01299059484153986, (407.52959525585175, 413.26285699009895)
0.012959903106093407, (335.7106747031212, 611.575020968914)
0.01295945793390274, (539.3289957642555, 724.7762267589569)
0.012959012761712074, (463.0947509407997, 562.1090583503246)
0.012910759076476097, (425.52723932266235, 616.9881532788277)
0.012899410910904408, (386.146650493145, 418.6645877957344)
0.012857488356530666, (489.086283326149, 651.6105888485909)
0.01285205502063036, (275.0459603369236, 355.20913833379745)
0.01285187341272831, (66.57918567210436, 345.84973484277725)
0.012841816060245037, (91.06482979655266, 349.0974950492382)
0.012840227223932743, (82.0683404058218, 341.65783473849297)
0.012836849316954613, (350.4566818475723, 400.40203961730003)
0.012823248282074928, (368.14302414655685, 403.06164905428886)
0.012811833061277866, (213.00889313220978, 626.3804900348186)
0.012809221632778645, (519.3780927062035, 755.8253434896469)
0.012805442325770855, (124.15308710932732, 345.42712438106537)
0.012799294665455818, (542.9209976196289, 807.8491759896278)
0.012777501717209816, (523.4487662315369, 768.8372804522514)
0.01276467926800251, (89.71796303242445, 373.7528309226036)
0.012763657607138157, (395.88647162914276, 403.7606367468834)
