0.6121470928192139, (144.88182067871094, 263.9897629916668)
0.08369019627571106, (144.8155403137207, 264.28381955623627)
0.046855952590703964, (147.43221998214722, 252.14018587768078)
0.0424107201397419, (165.58172702789307, 143.63052072376013)
0.04218012094497681, (142.98475980758667, 259.2008911818266)
0.04003318399190903, (168.18981170654297, 137.27341698110104)
0.03938998281955719, (324.49958324432373, 687.6040256023407)
0.038789302110672, (167.25069284439087, 145.52858834713697)
0.03499208018183708, (164.48057889938354, 143.86540026962757)
0.03353450074791908, (170.35365104675293, 144.80100667476654)
0.03269549086689949, (147.06658124923706, 250.49145318567753)
0.03253507614135742, (166.11273288726807, 151.8565084040165)
0.03173695132136345, (327.9541254043579, 682.6487667560577)
0.030996782705187798, (321.1145877838135, 691.0173524022102)
0.029819754883646965, (168.9633011817932, 143.2378782480955)
0.029235119000077248, (164.68762159347534, 147.72610715031624)
0.029053809121251106, (146.0068702697754, 275.38420924544334)
0.028930841013789177, (164.2198085784912, 144.744076654315)
0.02877027913928032, (330.3516626358032, 678.3049825429916)
0.027062470093369484, (329.65779304504395, 678.2459601759911)
0.02590993419289589, (153.7661075592041, 144.33679684996605)
0.024857472628355026, (167.62150526046753, 148.05014795064926)
0.024747109040617943, (327.9961347579956, 682.1063577532768)
0.02434033900499344, (170.5330729484558, 149.16900752484798)
0.02392980456352234, (323.26931953430176, 688.951860666275)
0.023556135594844818, (116.50302410125732, 147.21862214058638)
0.023069273680448532, (155.53404092788696, 259.10036757588387)
0.02301625721156597, (267.81721115112305, 789.9681687355042)
0.022869767621159554, (147.1187949180603, 263.83532962203026)
0.02273361012339592, (66.67530536651611, 159.23355831205845)
0.022608652710914612, (65.67807197570801, 172.7331781089306)
0.022416723892092705, (329.0763854980469, 678.4020674228668)
0.022185664623975754, (102.51122713088989, 167.53890050947666)
0.022184202447533607, (174.44051504135132, 136.41802932322025)
0.022148333489894867, (163.83501291275024, 140.8524758219719)
0.022113485261797905, (166.90714359283447, 143.80571381002665)
0.02192431315779686, (325.5442142486572, 687.1113234758377)
0.02134730853140354, (76.12723708152771, 169.73673771321774)
0.021246790885925293, (131.5319061279297, 135.9874971807003)
0.021204769611358643, (149.03976917266846, 233.0103344321251)
0.02111734449863434, (157.39282369613647, 147.34563667327166)
0.02071511745452881, (329.7605276107788, 679.4274991750717)
0.020705541595816612, (326.37200355529785, 689.42978900671)
0.020610759034752846, (327.1944522857666, 689.7347257733345)
0.02049020119011402, (384.33680534362793, 448.0996660888195)
0.0203403290361166, (55.3819477558136, 176.01610623300076)
0.020081806927919388, (173.02488088607788, 156.35527181625366)
0.020010931417346, (268.65453720092773, 791.0148514509201)
0.019886981695890427, (172.37714529037476, 134.16947545856237)
0.019831936806440353, (384.8315715789795, 445.9134368598461)
0.019831743091344833, (329.720139503479, 683.95868486166)
0.019822409376502037, (104.00919914245605, 141.28024242818356)
0.01974530890583992, (174.7586965560913, 139.10345605015755)
0.019452586770057678, (268.15783977508545, 788.1044155955315)
0.01939588040113449, (160.13963222503662, 145.3277321755886)
0.01939576305449009, (177.03756093978882, 137.40757278352976)
0.019313784316182137, (107.54598379135132, 137.1616674810648)
0.019303707405924797, (144.5196509361267, 694.2817769050598)
0.01929006725549698, (139.14878368377686, 125.30798754841089)
0.01927885413169861, (116.52716398239136, 157.81023502349854)
0.019111428409814835, (162.533700466156, 128.0844677388668)
0.019034244120121002, (143.694269657135, 265.4097749143839)
0.019007783383131027, (47.279566526412964, 156.76775519549847)
0.0189816914498806, (27.250614762306213, 143.54650846123695)
0.01889253407716751, (76.0945200920105, 160.82765346765518)
0.018839968368411064, (327.7327060699463, 683.252017557621)
0.018788861110806465, (116.75978899002075, 161.04396571218967)
0.018764156848192215, (65.8638596534729, 178.5757920295)
0.018706386908888817, (45.04249393939972, 151.88107073307037)
0.018670205026865005, (144.16232109069824, 265.6454641073942)
0.01863466389477253, (267.0931577682495, 787.2391666173935)
0.018520204350352287, (13.043798506259918, 102.40803692489862)
0.018377749249339104, (104.52030897140503, 149.47303457558155)
0.018346363678574562, (168.46554279327393, 139.7011484876275)
0.018342718482017517, (27.76522934436798, 148.50456013530493)
0.018321484327316284, (105.43917417526245, 158.96622920036316)
0.018199531361460686, (20.504769682884216, 165.4397128969431)
0.01809457689523697, (60.02863645553589, 178.51573258638382)
0.018078085035085678, (119.86035108566284, 135.991518124938)
0.018008623272180557, (94.18452978134155, 149.71282658725977)
0.017991697415709496, (159.4221591949463, 143.69484673440456)
0.01796802692115307, (95.82153558731079, 138.05457182228565)
0.017941776663064957, (12.270238250494003, 1180.5236833691597)
0.01789143681526184, (163.176167011261, 137.4723263606429)
0.01771639846265316, (178.8296937942505, 159.37840327620506)
0.01750502921640873, (151.3469099998474, 141.9937416985631)
0.017354315146803856, (78.09870839118958, 177.949361667037)
0.017330067232251167, (169.94014978408813, 161.5794062912464)
0.017315050587058067, (24.618753790855408, 106.69714721292257)
0.01729459874331951, (226.66289806365967, 766.927394092083)
0.017267877236008644, (210.0419282913208, 194.51252250373363)
0.017204606905579567, (326.3320207595825, 687.1672164201736)
0.01720435731112957, (123.18205833435059, 125.19621985405684)
0.017107857391238213, (76.06596946716309, 163.76998396217823)
0.017031405121088028, (327.7968406677246, 687.5995861887932)
0.016909537836909294, (168.57681274414062, 152.86896760761738)
0.0168612040579319, (386.18359565734863, 447.0605522096157)
0.016799772158265114, (309.79700088500977, 702.0359768271446)
0.016795627772808075, (48.6691027879715, 135.95731280744076)
0.016783524304628372, (168.85792016983032, 140.71253422647715)
0.016672926023602486, (535.7874870300293, 413.39818954467773)
0.01664089597761631, (64.58091139793396, 169.84546695649624)
0.016635030508041382, (55.728816986083984, 158.4597903639078)
0.016586091369390488, (12.826645374298096, 184.80447117984295)
0.016528913751244545, (149.1898775100708, 265.6320548951626)
0.016463913023471832, (90.58493375778198, 181.031115218997)
0.016445400193333626, (72.6765513420105, 180.79799142479897)
0.01638544723391533, (327.69792079925537, 687.4496650099754)
0.016378823667764664, (271.96221351623535, 789.0339269042015)
0.016319822520017624, (144.74525451660156, 264.95176935195923)
0.016295865178108215, (388.42973709106445, 448.32170954346657)
0.01622793637216091, (319.7239637374878, 695.4954106807709)
0.01617858186364174, (388.3265018463135, 448.2698193490505)
0.016085099428892136, (385.57958602905273, 448.75855511426926)
0.016037091612815857, (331.8514108657837, 683.01600086689)
0.016036752611398697, (172.36135005950928, 134.39634040743113)
0.016033081337809563, (151.94302797317505, 695.857768714428)
0.016027236357331276, (92.14797019958496, 157.68487617373466)
0.016002438962459564, (147.87304401397705, 265.0924842059612)
0.015990762040019035, (127.2592544555664, 141.0283784866333)
0.01595361903309822, (40.636783838272095, 174.33498765528202)
0.01593385450541973, (166.4117455482483, 175.14518062770367)
0.01591600850224495, (164.89086151123047, 129.34476993978024)
0.01591210998594761, (176.75498723983765, 151.61279551684856)
0.015853162854909897, (385.41955947875977, 448.64407646656036)
0.01580076292157173, (50.72830319404602, 100.13904174417257)
0.015653785318136215, (154.70359325408936, 692.9506078362465)
0.015638312324881554, (147.7340579032898, 266.35586124658585)
0.01562424749135971, (177.1071434020996, 146.90712632238865)
0.01554973516613245, (27.7809739112854, 126.6717517375946)
0.015528901480138302, (148.16882610321045, 698.3709134459496)
0.01551069412380457, (141.60361289978027, 699.585711658001)
0.015484600327908993, (324.8879909515381, 689.3992953300476)
0.015482251532375813, (72.3894715309143, 176.54574282467365)
0.0154502522200346, (149.7203230857849, 268.09229055047035)
0.01539640687406063, (499.452543258667, 414.77204248309135)
0.015374542213976383, (323.2536315917969, 691.4315278530121)
0.015199552290141582, (474.86305236816406, 397.59016567468643)
0.015178539790213108, (114.5339846611023, 137.51689334213734)
0.015111512504518032, (72.14502096176147, 164.08967632055283)
0.01509354542940855, (69.43252682685852, 140.745083861053)
0.015091348439455032, (132.22124576568604, 172.62976160645485)
0.01506814081221819, (50.9682297706604, 180.66855704784393)
0.0150413503870368, (104.62819337844849, 139.71947016566992)
0.015025695785880089, (128.70010137557983, 177.8733458071947)
0.015018373727798462, (144.10333633422852, 260.6922066360712)
0.014974899590015411, (69.24989223480225, 168.09979493916035)
0.014946735464036465, (385.57612895965576, 449.61477971076965)
0.014914389699697495, (160.4236364364624, 182.7114878296852)
0.014903492294251919, (66.41536355018616, 156.19601695239544)
0.014884239993989468, (43.29542517662048, 159.30440698564053)
0.01486238557845354, (89.51196074485779, 133.00404752790928)
0.014841009862720966, (228.80101203918457, 606.5337842702866)
0.014801747165620327, (40.580302476882935, 124.97117433696985)
0.014800132252275944, (326.14755630493164, 689.0984340906143)
0.014798777177929878, (391.4996862411499, 449.5760622024536)
0.014726108871400356, (40.49729406833649, 134.30519597232342)
0.014719675295054913, (390.2742862701416, 448.29198002815247)
0.014717726968228817, (58.85254144668579, 172.41095674037933)
0.014701562002301216, (151.24412775039673, 125.9433786123991)
0.014675413258373737, (181.1292052268982, 163.05605712532997)
0.014661897905170918, (54.30949926376343, 179.43680173158646)
0.014645325019955635, (28.12952697277069, 115.13096858561039)
0.014635701663792133, (327.29599475860596, 685.5673536658287)
0.014600047841668129, (270.81594467163086, 789.9284323453903)
0.014593010768294334, (113.63890171051025, 158.86654253304005)
0.0145920654758811, (13.28839361667633, 203.0479318499565)
0.014572728425264359, (330.80780506134033, 679.7966982722282)
0.01453822199255228, (326.2012004852295, 686.315504014492)
0.014530859887599945, (383.9989185333252, 446.9495304822922)
0.014525997452437878, (325.88276863098145, 688.1714699864388)
0.014513397589325905, (170.21329402923584, 166.56093773245811)
0.014489804394543171, (13.684837520122528, 158.91213749349117)
0.01445888914167881, (386.3067150115967, 449.05603221058846)
0.01437320001423359, (100.1291036605835, 132.19929465651512)
0.014349197968840599, (144.2206859588623, 265.02481953799725)
0.01433966588228941, (169.01307106018066, 251.27486412227154)
0.014323580078780651, (167.57071018218994, 141.90268823504448)
0.014292309992015362, (71.33792638778687, 182.29678474366665)
0.014248743653297424, (63.8679563999176, 175.14328841865063)
0.014230933040380478, (20.655083656311035, 108.12713871896267)
0.014226351864635944, (93.1147813796997, 149.4515743777156)
0.014211919158697128, (22.50228226184845, 158.42231006920338)
0.01419773232191801, (145.96312046051025, 266.1132582128048)
0.014158161357045174, (62.59218454360962, 148.94081439077854)
0.014125367626547813, (151.27830505371094, 182.29516544938087)
0.014113673008978367, (12.538596987724304, 94.61876745522022)
0.014110335148870945, (82.26519227027893, 162.05003871023655)
0.01410752348601818, (20.918354392051697, 112.79183430969715)
0.014090954326093197, (140.47969579696655, 699.0984678268433)
0.014056838117539883, (202.671217918396, 743.0578318834305)
0.014047740958631039, (387.86211013793945, 447.77682611346245)
0.01401822455227375, (21.216928958892822, 70.79489117860794)
0.014008400030434132, (20.10652720928192, 102.10567465424538)
0.014002738520503044, (152.44910717010498, 268.631533741951)
0.013962234370410442, (298.4027862548828, 712.7787026166916)
0.013940940611064434, (181.27598762512207, 152.2717573195696)
0.013936693780124187, (208.90123844146729, 704.0806542634964)
0.013928727246820927, (15.480434894561768, 153.8835191577673)
0.013916597701609135, (314.8136615753174, 703.0225455164909)
0.013899012468755245, (318.3779001235962, 687.225365459919)
0.013897163793444633, (35.19870042800903, 188.1436379402876)
0.01386692188680172, (149.7340440750122, 697.4916184544563)
0.013863460160791874, (129.6604037284851, 253.78304180502892)
0.013860324397683144, (57.64261484146118, 182.06955590844154)
0.013852935284376144, (601.0310173034668, 456.45573404431343)
0.013824887573719025, (288.75672817230225, 812.8291107416153)
0.013808942399919033, (148.91557693481445, 266.63319723308086)
0.013796091079711914, (147.38645553588867, 698.8631061315536)
0.013763909228146076, (41.248542070388794, 147.64321383833885)
0.01375877670943737, (20.03747522830963, 97.08851873874664)
0.013754830695688725, (88.58217000961304, 142.3933525979519)
0.013747820630669594, (438.53535652160645, 455.23918917775154)
0.013747523538768291, (234.53333377838135, 146.05061061680317)
0.013718266040086746, (18.91757845878601, 1176.5284295082092)
0.01369425468146801, (314.987587928772, 702.2927350401878)
0.013690424151718616, (170.66752910614014, 134.22503180801868)
0.013689283281564713, (185.47300100326538, 159.91468079388142)
0.01367914117872715, (168.51441860198975, 119.31920047849417)
0.013676085509359837, (147.8261947631836, 255.8344147503376)
0.013625833205878735, (92.96939373016357, 144.73548893630505)
0.013623232021927834, (238.25855255126953, 611.3298064470291)
0.013623104430735111, (184.18936729431152, 139.09653311222792)
0.013617312535643578, (307.8648328781128, 1042.4031207561493)
0.01361443754285574, (218.8028335571289, 163.84496274590492)
0.013596500270068645, (32.990825176239014, 107.57852545380592)
0.013566519133746624, (389.1532897949219, 448.1800849735737)
0.013533402234315872, (599.0367412567139, 465.1933368444443)
0.013514095917344093, (600.8947372436523, 548.3745920956135)
0.013513714075088501, (56.625014543533325, 110.53256399184465)
0.013384598307311535, (360.89181900024414, 852.9096645712852)
0.013371600769460201, (445.9712028503418, 457.5374954044819)
0.013342474587261677, (76.44912004470825, 174.46196579933167)
0.013334553688764572, (44.0310537815094, 161.25232703983784)
0.013323686085641384, (48.41917157173157, 181.21376797556877)
0.01331249624490738, (140.0833010673523, 699.0139006376266)
0.013305026106536388, (176.64729356765747, 156.86729630827904)
0.013254628516733646, (13.365353643894196, 182.40542301535606)
0.013253853656351566, (470.78075408935547, 447.8474564552307)
0.013250512070953846, (35.07882356643677, 120.11763992160559)
0.013247662223875523, (307.2674751281738, 1042.758928835392)
0.013237487524747849, (306.10291957855225, 1045.0795776844025)
0.013237128034234047, (137.94258832931519, 706.2229987978935)
0.013222510926425457, (56.36787414550781, 143.9099763482809)
0.013219413347542286, (362.0616912841797, 862.9189410209656)
0.013217546977102757, (91.63566827774048, 110.23460474610329)
0.013216925784945488, (180.2055835723877, 158.33599622547626)
0.01320108212530613, (91.19859337806702, 133.88205981999636)
0.013195586390793324, (354.12840843200684, 858.6038310527802)
0.01318979449570179, (250.3162384033203, 882.7938315868378)
0.013176017440855503, (36.14789545536041, 148.90924724936485)
0.013175278902053833, (71.68761491775513, 109.4132586568594)
0.013170735910534859, (63.76897692680359, 164.92976255714893)
0.013157411478459835, (325.34899711608887, 778.7412557601929)
0.013135474175214767, (225.18818378448486, 610.4120122790337)
0.013128776103258133, (139.88590240478516, 274.2579081952572)
0.013126261532306671, (21.86387926340103, 133.99827602505684)
0.013118290342390537, (21.025285124778748, 187.51307746767998)
0.013089737854897976, (384.9280595779419, 447.0149936378002)
0.013080494478344917, (359.5728397369385, 861.5330434441566)
0.013072561472654343, (443.5728073120117, 455.77501183748245)
0.013048660010099411, (35.63665151596069, 133.29426509141922)
0.013039401732385159, (230.275559425354, 608.0347791016102)
0.013018283993005753, (134.61626768112183, 178.50725403428078)
0.012938035652041435, (145.38300037384033, 699.1346381306648)
0.01293208822607994, (266.20988845825195, 792.0159755945206)
0.012920418754220009, (89.5824134349823, 151.05177372694016)
0.012912265956401825, (220.76289653778076, 608.8706624507904)
0.012864303775131702, (50.639915466308594, 145.98226366192102)
0.012862088158726692, (145.63482999801636, 266.86906836926937)
0.012860260903835297, (21.074625849723816, 119.30803826451302)
0.012853536754846573, (26.076829433441162, 80.62514463812113)
0.012850457802414894, (82.10310339927673, 123.70615071058273)
0.012847475707530975, (354.68077659606934, 854.1467326283455)
0.01284333411604166, (43.22301745414734, 169.08709140121937)
0.012829616665840149, (483.6416244506836, 410.8591724932194)
0.012819373048841953, (145.51074504852295, 691.3908453583717)
0.01281587965786457, (322.918963432312, 693.3992069363594)
0.012815017253160477, (392.9090976715088, 446.9950162768364)
0.012792747467756271, (287.5722646713257, 830.8868256211281)
0.01276224572211504, (173.09601306915283, 138.22467049956322)
0.012756532989442348, (453.4583568572998, 449.91091042757034)
0.012749887071549892, (271.34339809417725, 789.2842807173729)
0.01273152232170105, (497.00164794921875, 408.05808448791504)
0.01269864197820425, (265.96927642822266, 782.1168111562729)
0.01267597358673811, (76.90277099609375, 189.42577332258224)
0.012675889767706394, (43.26331615447998, 185.10287618637085)
0.012673246674239635, (599.5206356048584, 467.3300047516823)
0.012669691815972328, (256.43768310546875, 777.1213792562485)
0.01266596931964159, (230.27112483978271, 604.3650215864182)
0.01266428828239441, (66.95691347122192, 182.8153773844242)
0.012642383575439453, (147.64584302902222, 265.5199778974056)
0.012626619078218937, (51.19218826293945, 187.2342495471239)
0.012611986137926579, (58.96160006523132, 178.16749334335327)
0.012604458257555962, (271.58894538879395, 789.7387019991875)
0.012594841420650482, (142.65302419662476, 261.7935268878937)
0.012587585486471653, (267.60575771331787, 789.9522305130959)
0.012583473697304726, (208.80534648895264, 200.71525655686855)
0.012577964924275875, (92.31488704681396, 139.6251235306263)
0.012575731612741947, (294.18530464172363, 811.436663210392)
