0.09747908264398575, (358.83235931396484, 965.9189605712891)
0.0895366445183754, (382.19165802001953, 665.2695059776306)
0.07586021721363068, (353.48544120788574, 971.209716796875)
0.0696292296051979, (381.5911293029785, 665.1372814178467)
0.06178465113043785, (477.13890075683594, 781.7991065979004)
0.06051832064986229, (383.5914611816406, 665.2185821533203)
0.06008188799023628, (380.6764841079712, 664.7987747192383)
0.05594639107584953, (354.7318696975708, 969.5577597618103)
0.05498518794775009, (383.0354690551758, 664.8072004318237)
0.04592189937829971, (474.63903427124023, 782.764368057251)
0.044417910277843475, (356.3167333602905, 962.8746914863586)
0.041542574763298035, (560.0482940673828, 845.137996673584)
0.04062402620911598, (476.1645793914795, 782.3058319091797)
0.04007306694984436, (413.7660503387451, 414.72403168678284)
0.03881117329001427, (379.8877000808716, 668.200101852417)
0.038506899029016495, (401.5190601348877, 410.83168506622314)
0.03831378370523453, (560.3926658630371, 843.5797572135925)
0.03795226663351059, (407.0702075958252, 418.5725498199463)
0.03753020241856575, (475.6432056427002, 780.0218725204468)
0.0368160642683506, (555.0075531005859, 850.2590560913086)
0.03617537394165993, (475.5851745605469, 782.4849891662598)
0.03532407805323601, (348.66631031036377, 978.7530207633972)
0.03510316088795662, (365.17553329467773, 950.0047850608826)
0.034840937703847885, (381.6775321960449, 663.9397954940796)
0.03449108079075813, (227.05702781677246, 852.3270511627197)
0.03445248678326607, (357.12997913360596, 961.1019659042358)
0.0335816890001297, (327.8496265411377, 637.6869010925293)
0.03345072269439697, (335.53972244262695, 964.9709939956665)
0.03314727917313576, (615.086555480957, 797.6902222633362)
0.03252805769443512, (352.174711227417, 961.6420984268188)
0.03251047804951668, (251.4622688293457, 768.7408781051636)
0.0324246883392334, (340.23900032043457, 968.7205100059509)
0.03240218386054039, (383.0915689468384, 401.91428780555725)
0.03220804035663605, (474.2126941680908, 783.9678406715393)
0.03194427117705345, (475.56352615356445, 783.719208240509)
0.03184038773179054, (397.937536239624, 410.5570363998413)
0.031450770795345306, (386.07892990112305, 641.7789888381958)
0.03144390136003494, (414.87364768981934, 424.18503522872925)
0.03143472224473953, (361.1851692199707, 996.2508606910706)
0.031212996691465378, (353.28526496887207, 573.7732148170471)
0.030940741300582886, (338.42055797576904, 587.7899420261383)
0.03076346032321453, (346.37155532836914, 958.6954641342163)
0.030404992401599884, (357.40370750427246, 968.2122325897217)
0.030339915305376053, (610.2047920227051, 799.6782469749451)
0.03013422340154648, (297.55611419677734, 750.430326461792)
0.030035696923732758, (328.10609340667725, 978.5502862930298)
0.02986728958785534, (328.52325439453125, 688.8571405410767)
0.029725532978773117, (342.7835702896118, 980.1041650772095)
0.02947389706969261, (228.06758880615234, 849.2380666732788)
0.02898966148495674, (283.15632343292236, 647.6480150222778)
0.028962815180420876, (357.06331729888916, 963.8252449035645)
0.02884785458445549, (340.5986785888672, 976.9437837600708)
0.028803642839193344, (408.8308811187744, 417.48533725738525)
0.028678864240646362, (364.58916664123535, 942.155864238739)
0.028670404106378555, (287.7182960510254, 752.6912260055542)
0.028295891359448433, (421.7534065246582, 426.7936062812805)
0.028220372274518013, (333.5237979888916, 987.1770334243774)
0.028146935626864433, (227.02956199645996, 850.4413175582886)
0.028117822483181953, (477.14271545410156, 780.5546879768372)
0.02778191678225994, (561.8122577667236, 843.6432456970215)
0.02681320533156395, (416.52140617370605, 444.8470997810364)
0.02672375738620758, (350.1575469970703, 982.5679469108582)
0.026694169268012047, (273.1852054595947, 869.2143225669861)
0.02660096436738968, (339.7639274597168, 975.5796313285828)
0.026575252413749695, (329.38694953918457, 977.4882769584656)
0.02633848413825035, (320.91636657714844, 971.4536190032959)
0.026248613372445107, (378.8790702819824, 663.8899064064026)
0.026237862184643745, (445.47057151794434, 435.8835828304291)
0.026202425360679626, (365.6643867492676, 958.1486797332764)
0.02620164304971695, (351.0000467300415, 978.1171751022339)
0.026083556935191154, (555.2516937255859, 853.7565398216248)
0.025939172133803368, (405.8525085449219, 423.0098330974579)
0.025770004838705063, (389.2909049987793, 665.412003993988)
0.025677042081952095, (556.0678958892822, 856.5747928619385)
0.025429148226976395, (557.5130939483643, 843.2290554046631)
0.02529432810842991, (557.1402549743652, 846.1270570755005)
0.025126852095127106, (391.01195335388184, 690.722770690918)
0.0251008290797472, (542.3547267913818, 850.6882500648499)
0.024832332506775856, (360.5025291442871, 570.7965362071991)
0.024780362844467163, (382.8798294067383, 425.06951332092285)
0.024748599156737328, (328.5496950149536, 984.592113494873)
0.02456630952656269, (556.9632530212402, 854.8662209510803)
0.02448926866054535, (331.6807746887207, 973.4297442436218)
0.024440599605441093, (478.3782482147217, 781.8733859062195)
0.02440657839179039, (607.9049587249756, 800.9193396568298)
0.024306384846568108, (555.3202629089355, 866.5046429634094)
0.024191519245505333, (367.98095703125, 760.5266213417053)
0.02412218227982521, (425.2420425415039, 422.0646381378174)
0.02411983534693718, (345.5500602722168, 986.814284324646)
0.024082880467176437, (367.55852699279785, 929.7163343429565)
0.02401059679687023, (361.99536323547363, 949.6092200279236)
0.023945864289999008, (325.61678886413574, 984.8263335227966)
0.023870686069130898, (403.98640632629395, 474.6469974517822)
0.02383418008685112, (232.55295753479004, 738.5772705078125)
0.023827653378248215, (339.90533351898193, 579.9314868450165)
0.023789018392562866, (473.1499671936035, 780.4133725166321)
0.02375456504523754, (612.958574295044, 799.3129849433899)
0.023664643988013268, (443.46776008605957, 458.7512993812561)
0.023491080850362778, (331.2025308609009, 961.8840789794922)
0.02348405309021473, (609.322452545166, 801.5505290031433)
0.023367924615740776, (467.03805923461914, 785.2537965774536)
0.023351341485977173, (386.3251209259033, 668.5053491592407)
0.023300908505916595, (418.79405975341797, 415.532124042511)
0.0232835803180933, (310.28079986572266, 970.3175520896912)
0.023054398596286774, (322.91884422302246, 962.8623485565186)
0.02302449941635132, (461.29088401794434, 788.1223821640015)
0.022866174578666687, (261.13295555114746, 769.3711066246033)
0.02285878360271454, (363.6645317077637, 993.3237385749817)
0.022840524092316628, (386.0844373703003, 582.3759412765503)
0.022778188809752464, (412.84685134887695, 775.8380627632141)
0.02266496792435646, (516.108226776123, 896.6552424430847)
0.022652212530374527, (554.2879104614258, 841.1057019233704)
0.022526800632476807, (271.27599716186523, 762.8397011756897)
0.0223959032446146, (327.25322246551514, 581.5983366966248)
0.02239476516842842, (557.6285362243652, 839.8615050315857)
0.02237887494266033, (338.11631202697754, 534.6654546260834)
0.022330887615680695, (448.3274459838867, 468.76200675964355)
0.02229834720492363, (348.811936378479, 977.1647000312805)
0.02227684296667576, (253.80516052246094, 763.1093978881836)
0.022234125062823296, (479.98814582824707, 784.9044990539551)
0.022212503477931023, (227.81457901000977, 852.2908353805542)
0.02220790646970272, (375.2396821975708, 662.9477787017822)
0.022200902923941612, (497.6607322692871, 866.188530921936)
0.022194160148501396, (391.1038398742676, 816.6927170753479)
0.02215522713959217, (373.49939346313477, 774.7616410255432)
0.02203662134706974, (390.97938537597656, 804.4296836853027)
0.022017955780029297, (348.0678081512451, 570.133159160614)
0.021971851587295532, (325.9089469909668, 955.4671597480774)
0.02194371074438095, (602.9438018798828, 799.9642038345337)
0.0219408106058836, (326.3390064239502, 990.1501274108887)
0.021937908604741096, (485.94889640808105, 892.5497031211853)
0.021916283294558525, (559.7121238708496, 846.6291999816895)
0.021901186555624008, (410.2869510650635, 407.48719453811646)
0.02190111204981804, (363.23440074920654, 571.0484576225281)
0.021891964599490166, (380.96930980682373, 406.26469016075134)
0.02189033292233944, (242.47899055480957, 754.5208621025085)
0.02187884785234928, (383.6373805999756, 823.827817440033)
0.02173415943980217, (609.4165325164795, 800.2237749099731)
0.021627558395266533, (291.1454439163208, 751.1274433135986)
0.021566128358244896, (558.61496925354, 868.2930374145508)
0.021506931632757187, (315.0573492050171, 974.2562770843506)
0.021362517029047012, (350.7025957107544, 584.4926428794861)
0.021287450566887856, (464.93496894836426, 785.7843947410583)
0.021278927102684975, (315.1928901672363, 989.3193817138672)
0.021276449784636497, (343.0306911468506, 966.3084650039673)
0.021263020113110542, (257.5308084487915, 769.4291257858276)
0.021192075684666634, (303.8635015487671, 956.0659766197205)
0.021191373467445374, (560.5044841766357, 834.2910742759705)
0.020999984815716743, (430.17163276672363, 419.4085431098938)
0.02093982696533203, (359.36174392700195, 938.7641453742981)
0.02089998871088028, (475.98414421081543, 781.5322923660278)
0.020845307037234306, (322.40071296691895, 990.1708960533142)
0.020801091566681862, (340.02392292022705, 970.3704714775085)
0.020747452974319458, (558.4880828857422, 856.7026567459106)
0.020675353705883026, (560.2190017700195, 853.2471537590027)
0.020632022991776466, (475.81162452697754, 778.2914233207703)
0.020630788058042526, (384.3657970428467, 675.5703830718994)
0.020616313442587852, (263.1453514099121, 771.038658618927)
0.020597277209162712, (325.22034645080566, 591.7578983306885)
0.02040768414735794, (262.15007305145264, 704.1356921195984)
0.020321931689977646, (514.4114017486572, 512.5269687175751)
0.020240386947989464, (233.24589729309082, 752.44473695755)
0.020196767523884773, (556.9414138793945, 853.2165551185608)
0.02018776722252369, (454.51135635375977, 775.6762003898621)
0.02009584940969944, (371.26169204711914, 639.1877126693726)
0.02008061297237873, (379.64370250701904, 670.1984739303589)
0.01997208595275879, (517.0454978942871, 510.28303146362305)
0.01992633379995823, (387.1838569641113, 803.8566613197327)
0.019865041598677635, (401.69453620910645, 676.749095916748)
0.019840462133288383, (250.92039108276367, 751.6006875038147)
0.01983148790895939, (338.64221572875977, 990.5890035629272)
0.0197568628937006, (346.1433410644531, 565.3674209117889)
0.01968115195631981, (479.00519371032715, 786.7920064926147)
0.019680887460708618, (456.1004638671875, 637.0605158805847)
0.01963958330452442, (255.61590194702148, 761.190996170044)
0.019573653116822243, (326.0956287384033, 614.6752452850342)
0.01950422301888466, (606.7255020141602, 800.2085494995117)
0.01946956105530262, (480.4030418395996, 794.7421097755432)
0.019449451938271523, (386.8833541870117, 666.0288548469543)
0.01944912038743496, (277.18334197998047, 759.9635767936707)
0.019446324557065964, (440.17224311828613, 525.062803030014)
0.019368402659893036, (326.80063247680664, 563.0497586727142)
0.019278299063444138, (616.5004253387451, 798.4591054916382)
0.01925547420978546, (342.16346740722656, 988.0365300178528)
0.01924007572233677, (326.23584270477295, 694.648265838623)
0.019229978322982788, (456.74939155578613, 418.7082850933075)
0.019195133820176125, (474.7925281524658, 786.9821763038635)
0.01913430728018284, (319.90435123443604, 580.498263835907)
0.01912999525666237, (253.3691167831421, 762.730610370636)
0.019110096618533134, (258.41569900512695, 759.9189352989197)
0.019053930416703224, (253.40094566345215, 767.0861864089966)
0.019012611359357834, (258.3716154098511, 738.4780836105347)
0.019005456939339638, (362.8218412399292, 983.1361651420593)
0.018984274938702583, (410.2860450744629, 774.7016263008118)
0.018884699791669846, (407.14240074157715, 687.1872973442078)
0.018876994028687477, (499.8705863952637, 894.2113423347473)
0.018871186301112175, (355.0882339477539, 939.1454458236694)
0.01886778138577938, (604.2757034301758, 799.7651648521423)
0.018816810101270676, (289.9894714355469, 758.2103633880615)
0.018797218799591064, (361.96906566619873, 638.8769221305847)
0.01879323087632656, (186.7104172706604, 546.9406092166901)
0.01878797821700573, (247.60515689849854, 762.6899600028992)
0.018787696957588196, (391.29693508148193, 668.4017276763916)
0.01870322786271572, (368.9981698989868, 761.2781357765198)
0.018680529668927193, (288.77875804901123, 594.1160261631012)
0.01866496168076992, (366.34747982025146, 931.0274195671082)
0.018627522513270378, (324.21438694000244, 989.922559261322)
0.018592510372400284, (479.41904067993164, 784.2588233947754)
0.01858978532254696, (425.6392002105713, 425.2558398246765)
0.01858670823276043, (480.4374694824219, 768.7431693077087)
0.018572809174656868, (477.86993980407715, 784.3699836730957)
0.018559454008936882, (604.2792797088623, 801.690366268158)
0.01855393499135971, (358.0775260925293, 920.5338597297668)
0.018547341227531433, (398.013973236084, 446.7432916164398)
0.01852945238351822, (355.00640869140625, 998.0054044723511)
0.018521757796406746, (322.1559762954712, 577.8162634372711)
0.01843325048685074, (392.3818588256836, 621.6875076293945)
0.01837836019694805, (233.12876224517822, 737.9559111595154)
0.01837010681629181, (322.2591161727905, 983.7429642677307)
0.018344629555940628, (283.75792503356934, 697.3924612998962)
0.018283860757946968, (230.2574634552002, 548.7018048763275)
0.018248483538627625, (374.94874000549316, 771.6016292572021)
0.018230067566037178, (412.1044158935547, 669.7348380088806)
0.01822407729923725, (379.7891855239868, 835.5406665802002)
0.018199654296040535, (311.9498014450073, 988.928472995758)
0.018191328272223473, (382.5615882873535, 835.6444358825684)
0.018163014203310013, (288.62013816833496, 765.988404750824)
0.01814512349665165, (394.36964988708496, 695.9495949745178)
0.01814197562634945, (612.9640102386475, 799.5796513557434)
0.018045207485556602, (237.01376914978027, 685.741400718689)
0.01801340840756893, (434.90519523620605, 642.4688625335693)
0.017977166920900345, (322.4903345108032, 991.338300704956)
0.017886076122522354, (367.6841735839844, 743.0290770530701)
0.01786833442747593, (610.8090400695801, 799.8449873924255)
0.017853621393442154, (386.7631435394287, 793.9114379882812)
0.017850276082754135, (476.07688903808594, 889.1895437240601)
0.01784481853246689, (339.99602794647217, 978.475341796875)
0.017656683921813965, (372.22254276275635, 983.1183528900146)
0.017636869102716446, (363.9134168624878, 786.3634037971497)
0.017626726999878883, (244.45273876190186, 766.4192247390747)
0.017613951116800308, (384.46216583251953, 801.9193387031555)
0.01756543293595314, (472.0858573913574, 781.9144058227539)
0.017522277310490608, (293.05436611175537, 754.1165018081665)
0.017511846497654915, (226.04308128356934, 854.8665165901184)
0.017489446327090263, (497.7266788482666, 513.1209814548492)
0.017482450231909752, (378.7553310394287, 683.1998658180237)
0.01747909188270569, (267.08858013153076, 542.4525499343872)
0.017478954046964645, (517.7473068237305, 511.3473689556122)
0.017342137172818184, (364.1946315765381, 949.6359014511108)
0.017313597723841667, (605.0863742828369, 803.6977553367615)
0.017305737361311913, (344.90644931793213, 950.0657606124878)
0.01728791557252407, (368.4988737106323, 753.7154674530029)
0.017273321747779846, (358.3786964416504, 920.5060696601868)
0.017239641398191452, (359.2463970184326, 976.2088251113892)
0.017231807112693787, (404.57143783569336, 685.1953554153442)
0.0171490628272295, (247.14136123657227, 770.4218816757202)
0.01714818738400936, (433.52513313293457, 419.06453013420105)
0.01713520474731922, (381.8812370300293, 801.4321994781494)
0.01710308901965618, (465.80395698547363, 785.3305149078369)
0.017071910202503204, (555.806827545166, 849.7714734077454)
0.0170588418841362, (365.43548107147217, 746.5346169471741)
0.017046276479959488, (226.52595043182373, 854.7971153259277)
0.017045333981513977, (366.44012928009033, 688.0746579170227)
0.016980445012450218, (383.20157527923584, 796.7854928970337)
0.01697245053946972, (385.5487108230591, 800.458734035492)
0.016966521739959717, (334.4374895095825, 988.7068915367126)
0.016936352476477623, (556.7653656005859, 890.8845901489258)
0.01690346747636795, (552.1759986877441, 881.3274669647217)
0.01683472841978073, (487.31889724731445, 898.2841396331787)
0.016754411160945892, (483.19859504699707, 810.3686285018921)
0.016729777678847313, (528.7107467651367, 871.6004991531372)
0.0166925135999918, (434.0301036834717, 394.0993654727936)
0.016679532825946808, (350.45926570892334, 996.8149399757385)
0.0166613906621933, (510.46738624572754, 901.4590072631836)
0.016652541235089302, (381.59565925598145, 825.1669883728027)
0.016646593809127808, (551.3880729675293, 841.4923977851868)
0.01664157398045063, (389.5387649536133, 667.3081588745117)
0.01662030816078186, (563.9246940612793, 840.4082155227661)
0.01661645993590355, (424.9349117279053, 775.0507760047913)
0.01660992205142975, (483.0281734466553, 786.9121837615967)
0.01659143529832363, (372.21221923828125, 832.6768112182617)
0.016558736562728882, (223.0952501296997, 851.6137480735779)
0.016555428504943848, (228.86192798614502, 849.5025157928467)
0.016536053270101547, (450.9024143218994, 413.0027103424072)
0.016518963500857353, (450.2582550048828, 385.7140815258026)
0.016508137807250023, (376.24309062957764, 762.8766560554504)
0.016488848254084587, (431.21681213378906, 427.3465621471405)
0.01643664948642254, (298.93670082092285, 966.2420201301575)
0.016430381685495377, (469.8999881744385, 782.6452994346619)
0.016382388770580292, (521.5022087097168, 509.9442660808563)
0.016380660235881805, (382.8263282775879, 668.0754160881042)
0.016346903517842293, (517.2262191772461, 513.0532801151276)
0.016285793855786324, (478.20167541503906, 787.0025014877319)
0.016273461282253265, (285.9670162200928, 751.2426686286926)
0.01624135486781597, (367.840576171875, 412.5754380226135)
0.016153350472450256, (409.5876216888428, 678.5125827789307)
0.01615297980606556, (333.65468978881836, 738.0150389671326)
0.016152607277035713, (234.57002639770508, 760.2513813972473)
0.016113167628645897, (406.7239761352539, 413.14114332199097)
0.016110287979245186, (386.12356185913086, 849.0772390365601)
