0.1587398797273636, (405.8520793914795, 612.2949382066727)
0.15617617964744568, (406.8624496459961, 611.9611807465553)
0.1267402023077011, (408.61315727233887, 614.2396929264069)
0.10096528381109238, (405.8002471923828, 612.652330994606)
0.08990602940320969, (409.62133407592773, 615.3202601671219)
0.08373916149139404, (406.4122676849365, 612.5573236346245)
0.07742100954055786, (402.51502990722656, 613.4251063466072)
0.06972081959247589, (405.42378425598145, 612.2301574349403)
0.06216253340244293, (405.3436756134033, 614.877180993557)
0.05975314974784851, (322.0513343811035, 802.0880187153816)
0.05675048008561134, (403.2583713531494, 615.456479549408)
0.056200746446847916, (400.99196434020996, 609.1298016309738)
0.05602113902568817, (408.5710048675537, 613.0949441194534)
0.054091453552246094, (403.3289909362793, 612.420971095562)
0.04787963628768921, (226.02970600128174, 526.2331503331661)
0.047336459159851074, (405.1112174987793, 620.1081117987633)
0.04700163006782532, (402.814245223999, 616.8674087524414)
0.04658408463001251, (325.53372383117676, 804.4080758094788)
0.04313579574227333, (206.8373680114746, 663.5883266329765)
0.04258783906698227, (405.4831027984619, 612.1177065372467)
0.040737707167863846, (218.45617294311523, 521.9024259150028)
0.04043159633874893, (406.9814682006836, 620.6386083960533)
0.040100350975990295, (228.42533588409424, 526.6283596456051)
0.03997268155217171, (325.7826328277588, 806.0889137983322)
0.038572415709495544, (404.17842864990234, 614.7195899486542)
0.03829232230782509, (227.59888172149658, 532.8652566075325)
0.03551380708813667, (226.4850378036499, 518.5136858224869)
0.03538744896650314, (224.8610258102417, 535.1436356306076)
0.03513708338141441, (214.28027153015137, 531.5990355312824)
0.0339612178504467, (194.31707859039307, 523.7963147461414)
0.03394055739045143, (223.7856149673462, 521.4602455496788)
0.03380278870463371, (401.5456199645996, 621.3430743217468)
0.033761776983737946, (220.471453666687, 526.8330216109753)
0.03333386406302452, (324.2503881454468, 804.022254049778)
0.03315960615873337, (404.740571975708, 613.1343585252762)
0.033156055957078934, (248.79376888275146, 519.032398045063)
0.03213334456086159, (405.58032989501953, 612.297534763813)
0.03206608444452286, (266.31109714508057, 536.6158835291862)
0.03145967796444893, (201.6822099685669, 544.6850510239601)
0.031225815415382385, (213.1056547164917, 666.0184378027916)
0.030467554926872253, (224.94349479675293, 522.0235985815525)
0.030339958146214485, (212.16669082641602, 541.8187848329544)
0.03026551567018032, (275.83158016204834, 849.9609424471855)
0.02973874844610691, (214.4759178161621, 664.6987209916115)
0.029479913413524628, (232.12690353393555, 539.3723286688328)
0.02947913482785225, (237.93916702270508, 535.9740678668022)
0.028946861624717712, (231.85358047485352, 514.1145853996277)
0.028685880824923515, (299.6471405029297, 851.7703433036804)
0.02863418683409691, (278.5065174102783, 527.7553653120995)
0.028469974175095558, (328.9414405822754, 799.3997165560722)
0.028456680476665497, (253.74019145965576, 532.6106941401958)
0.028335407376289368, (322.3079442977905, 802.2713090181351)
0.02824494056403637, (206.36794567108154, 662.7670156359673)
0.02800476737320423, (285.4447364807129, 548.7493620216846)
0.027549810707569122, (405.5132865905762, 629.566570520401)
0.02734079398214817, (324.9290704727173, 797.7414486408234)
0.02725575491786003, (224.31254386901855, 522.0512951910496)
0.027096396312117577, (214.0899658203125, 538.1220864057541)
0.026646515354514122, (234.1688632965088, 539.4820831418037)
0.026521781459450722, (239.08159732818604, 510.64987936615944)
0.026343099772930145, (406.4748287200928, 612.6008659005165)
0.026039961725473404, (237.817120552063, 533.5197887420654)
0.025644147768616676, (221.73292636871338, 510.45610296726227)
0.02531087026000023, (253.60708236694336, 515.2551064789295)
0.025298327207565308, (228.58881950378418, 523.7224460244179)
0.025203201919794083, (324.078106880188, 609.7556384801865)
0.024996008723974228, (216.50052070617676, 502.0005477964878)
0.02498883567750454, (222.88649082183838, 503.0598432421684)
0.02497856132686138, (409.0453624725342, 615.1381682753563)
0.024940427392721176, (416.2615776062012, 641.308734536171)
0.02484281361103058, (235.831618309021, 523.2156513333321)
0.02477395161986351, (233.1378698348999, 532.232295870781)
0.024754690006375313, (401.69076919555664, 604.3398860692978)
0.024670464918017387, (393.3751106262207, 611.0921996235847)
0.024218911305069923, (245.3272819519043, 653.0880492925644)
0.023952243849635124, (224.6051549911499, 529.0794430077076)
0.023938633501529694, (203.74577045440674, 486.8937450647354)
0.023926762863993645, (199.39608573913574, 537.4445847272873)
0.02391245774924755, (230.18741607666016, 529.0736173987389)
0.023830462247133255, (297.22628593444824, 856.6296335458755)
0.023767845705151558, (20.538002252578735, 798.6930535435677)
0.023483125492930412, (235.5757236480713, 512.6448674798012)
0.02337290160357952, (277.435040473938, 835.8723562955856)
0.02318609692156315, (321.22931480407715, 808.2107670307159)
0.023145530372858047, (229.98242378234863, 525.3568122982979)
0.023133985698223114, (341.4346933364868, 564.2604953050613)
0.023078173398971558, (413.27977180480957, 608.2608205080032)
0.023036574944853783, (264.74435329437256, 413.1930006146431)
0.022969363257288933, (324.0746736526489, 802.7138555645943)
0.022958580404520035, (302.8113842010498, 832.0162026286125)
0.022799773141741753, (283.9005947113037, 539.9121129512787)
0.022758083418011665, (409.13729667663574, 614.6157942414284)
0.02274489589035511, (221.21953964233398, 517.4058547317982)
0.02267768420279026, (316.95261001586914, 608.9470439553261)
0.02257319912314415, (371.2569236755371, 625.0865773558617)
0.0224323570728302, (272.6738929748535, 538.0298087596893)
0.022251758724451065, (226.72226428985596, 549.1505300998688)
0.022113535553216934, (283.13915729522705, 529.5314769744873)
0.022028451785445213, (212.94236183166504, 519.2638245224953)
0.02200368419289589, (243.83177757263184, 517.9454392790794)
0.021955210715532303, (417.8833484649658, 634.5330519676208)
0.02181464433670044, (272.38030433654785, 525.9000586569309)
0.02177494391798973, (330.60925006866455, 801.4847519397736)
0.02176356129348278, (321.0953712463379, 801.943543612957)
0.021671351045370102, (208.84017944335938, 528.3879598677158)
0.02164934203028679, (224.93629455566406, 525.373323738575)
0.021467158570885658, (281.9047689437866, 546.5499782562256)
0.02134965918958187, (397.6739168167114, 668.5252472758293)
0.021325433626770973, (396.3618516921997, 607.545235991478)
0.02127913571894169, (271.39272689819336, 846.5335536003113)
0.021243074908852577, (247.03984260559082, 527.0562922358513)
0.0212152898311615, (117.74505376815796, 553.1132757663727)
0.021132800728082657, (412.7525329589844, 617.4166804552078)
0.021064743399620056, (327.8481721878052, 802.1350230574608)
0.021042846143245697, (248.3269214630127, 529.2053094506264)
0.02102111466228962, (207.20820426940918, 659.8727865219116)
0.021016925573349, (246.80447578430176, 662.7918493747711)
0.02099689655005932, (411.5399360656738, 685.7246420383453)
0.02096208743751049, (222.12061882019043, 534.745430290699)
0.020942281931638718, (288.3699417114258, 859.7039572000504)
0.02092180773615837, (329.35211658477783, 816.3406540155411)
0.02091313526034355, (409.7977638244629, 615.830250620842)
0.02090398781001568, (308.87739658355713, 911.119184076786)
0.020876456052064896, (203.47650051116943, 528.8610326051712)
0.020601199939846992, (372.0524787902832, 596.4305067062378)
0.020549437031149864, (212.90647983551025, 482.63968566060066)
0.020528700202703476, (415.12675285339355, 612.0912749171257)
0.020403454080224037, (223.82593154907227, 815.4876517057419)
0.020400270819664, (164.42975997924805, 540.0379461050034)
0.020389268174767494, (279.48317527770996, 849.0739851593971)
0.020368749275803566, (278.86343002319336, 846.4806237816811)
0.020282935351133347, (320.3778266906738, 808.121219098568)
0.020250631496310234, (400.9259223937988, 608.6719420552254)
0.020179076120257378, (271.95425033569336, 416.2149936556816)
0.020170219242572784, (274.67453479766846, 650.1283736228943)
0.02012568525969982, (268.0412530899048, 520.6709920465946)
0.02004317380487919, (274.54750537872314, 658.8400225639343)
0.02002927102148533, (338.959264755249, 556.9569792747498)
0.019995857030153275, (231.12123012542725, 496.33199724555016)
0.01994001306593418, (205.81049919128418, 656.6325495243073)
0.01992838643491268, (210.30805110931396, 665.3539854884148)
0.019902147352695465, (237.32178211212158, 505.8135919570923)
0.019866837188601494, (321.28703594207764, 605.566659450531)
0.01982571929693222, (281.55245780944824, 547.6326094269753)
0.01980598270893097, (278.8383483886719, 542.7686919867992)
0.01972268521785736, (224.5025873184204, 544.2293219566345)
0.019720206037163734, (308.357572555542, 612.5817579030991)
0.01964423805475235, (319.8235034942627, 891.5800250172615)
0.01962725631892681, (201.43239498138428, 663.280934214592)
0.01956363581120968, (134.49640274047852, 519.022144973278)
0.01948712393641472, (256.36446475982666, 521.3130407333374)
0.019356288015842438, (400.2079486846924, 610.1145625710487)
0.019325926899909973, (271.46427631378174, 653.747774541378)
0.019325854256749153, (208.76963138580322, 522.5755999982357)
0.019202344119548798, (202.0151138305664, 476.19892567396164)
0.019179070368409157, (232.71324634552002, 499.340108692646)
0.019172303378582, (340.8949375152588, 563.9756729602814)
0.019101951271295547, (276.03280544281006, 657.2635129094124)
0.019082223996520042, (403.8161277770996, 611.1654358506203)
0.01904566027224064, (211.64987087249756, 666.6129828095436)
0.019018597900867462, (237.82682418823242, 539.689241796732)
0.0189697053283453, (191.9950246810913, 490.1167382597923)
0.01896771788597107, (298.17140102386475, 530.2108761370182)
0.01886170729994774, (263.6242866516113, 519.2231784164906)
0.018794478848576546, (370.8979368209839, 615.7367745637894)
0.018773315474390984, (226.68192386627197, 482.0151803791523)
0.018555203452706337, (333.02180767059326, 877.7403754591942)
0.018482664600014687, (271.24574184417725, 838.7414853572845)
0.018457837402820587, (210.5902910232544, 504.55789026618004)
0.018444275483489037, (271.864914894104, 533.0685870051384)
0.018423566594719887, (268.0639982223511, 414.3503993153572)
0.018391642719507217, (277.29785442352295, 661.2719313502312)
0.018312379717826843, (269.18466091156006, 522.5787291824818)
0.018283281475305557, (200.50179958343506, 504.249732196331)
0.0182658638805151, (401.7611026763916, 606.9358440041542)
0.018191609531641006, (300.36351680755615, 516.8539864718914)
0.01819155365228653, (267.142653465271, 524.0395921766758)
0.01818862371146679, (228.70872020721436, 841.0508233308792)
0.01815701276063919, (309.9993705749512, 542.02138286829)
0.018129324540495872, (327.64365673065186, 804.5321113467216)
0.018075885251164436, (314.5897150039673, 604.9956831932068)
0.018032968044281006, (325.2081871032715, 888.5039037466049)
0.018027551472187042, (105.73829412460327, 547.8127039670944)
0.018008947372436523, (388.53209018707275, 604.4353594779968)
0.01798189803957939, (174.21425580978394, 478.67450988292694)
0.017944997176527977, (280.37235736846924, 868.911149084568)
0.017932578921318054, (220.5336570739746, 550.0156496763229)
0.01791398972272873, (297.1447229385376, 639.4398791790009)
0.01791149005293846, (244.08438205718994, 514.7123594582081)
0.017903396859765053, (265.9569978713989, 414.42649841308594)
0.017805039882659912, (310.5581283569336, 515.359734416008)
0.017799710854887962, (286.06717586517334, 536.1883836984634)
0.017798861488699913, (407.07287788391113, 613.3502056598663)
0.017786286771297455, (267.86653995513916, 854.6012563705444)
0.017781898379325867, (236.33968830108643, 526.2942360043526)
0.01775207370519638, (321.4728832244873, 812.1342314481735)
0.017734188586473465, (218.04144382476807, 510.3415548503399)
0.017685869708657265, (283.1700325012207, 852.242250919342)
0.017677031457424164, (132.3487639427185, 846.8085223436356)
0.01766982115805149, (380.23786544799805, 646.8149003982544)
0.01764010824263096, (337.56823539733887, 906.0582278966904)
0.01760883629322052, (302.6257276535034, 536.8599266111851)
0.017572132870554924, (133.24921131134033, 534.1834088265896)
0.017555290833115578, (275.15902519226074, 859.447297513485)
0.017525985836982727, (314.6820068359375, 755.2340106368065)
0.017508598044514656, (201.48239135742188, 651.164999127388)
0.017487872391939163, (112.15395927429199, 549.2437398433685)
0.017464030534029007, (257.1858882904053, 519.4643586277962)
0.017451191321015358, (176.68848037719727, 529.5584079325199)
0.017440712079405785, (411.12356185913086, 655.1706212759018)
0.01743599772453308, (223.46887588500977, 483.38895884156227)
0.017423348501324654, (199.09247159957886, 657.6149136424065)
0.01738746650516987, (279.56645488739014, 842.9873889088631)
0.01737494021654129, (206.98626041412354, 668.4783760905266)
0.01732352375984192, (195.38933038711548, 660.3115381002426)
0.017319075763225555, (289.229941368103, 546.6276086568832)
0.017318271100521088, (239.24100399017334, 860.6398496031761)
0.017225446179509163, (424.664831161499, 628.2475860714912)
0.01718875579535961, (323.6497402191162, 803.3264433145523)
0.017178673297166824, (269.1133737564087, 536.4490047991276)
0.017115332186222076, (310.02774238586426, 905.8128865361214)
0.017087632790207863, (223.07007312774658, 479.94655656814575)
0.01708371564745903, (184.05628204345703, 543.4843097925186)
0.017083147540688515, (206.3812494277954, 657.7059928774834)
0.016958793625235558, (319.92781162261963, 890.4076461791992)
0.01695231720805168, (285.16128063201904, 546.984801709652)
0.016898514702916145, (292.8149938583374, 549.2166424393654)
0.016888631507754326, (306.4671754837036, 543.7514888644218)
0.016878793016076088, (115.6538724899292, 552.0539137423038)
0.01686987839639187, (304.9431085586548, 887.033453464508)
0.016817202791571617, (213.73813152313232, 532.0022675395012)
0.016767557710409164, (339.1610383987427, 901.0577248930931)
0.01675860583782196, (224.0666627883911, 526.2640759944916)
0.016756217926740646, (182.2659134864807, 535.4362143576145)
0.016755541786551476, (216.70598983764648, 655.677549123764)
0.016728468239307404, (223.89578819274902, 522.0071870088577)
0.016683412715792656, (408.69927406311035, 649.136355638504)
0.01666518859565258, (324.4930028915405, 824.3722712993622)
0.01666075736284256, (195.49076557159424, 533.9408970475197)
0.016585445031523705, (315.079402923584, 625.7319882512093)
0.01657864823937416, (127.61354446411133, 455.1834907233715)
0.016547340899705887, (391.6735649108887, 703.9702495932579)
0.016520939767360687, (206.85501098632812, 485.55961403250694)
0.016513796523213387, (299.0499973297119, 537.7056052982807)
0.016479261219501495, (388.1577968597412, 609.2613605260849)
0.016466746106743813, (275.3247022628784, 837.2312877774239)
0.01643764227628708, (315.5250072479248, 834.7931872010231)
0.016424203291535378, (388.0579471588135, 611.4709640741348)
0.016412967815995216, (94.65728402137756, 547.7081758975983)
0.016399962827563286, (215.92020988464355, 492.6035742163658)
0.01631026342511177, (317.17395782470703, 891.3870142698288)
0.01628471538424492, (416.4997100830078, 688.2805863618851)
0.016284098848700523, (206.60951137542725, 494.67649233341217)
0.016272613778710365, (209.33477878570557, 669.2371699810028)
0.016266081482172012, (237.99617290496826, 517.8859514892101)
0.01626400463283062, (423.8522529602051, 656.93814432621)
0.016247237101197243, (394.982647895813, 596.9027472138405)
0.016228599473834038, (72.99320697784424, 773.8658394217491)
0.016206467524170876, (145.26574611663818, 520.2564750015736)
0.016160566359758377, (311.7912530899048, 609.6865301132202)
0.016151411458849907, (408.38518142700195, 636.7438539266586)
0.016125531867146492, (227.17304229736328, 665.7360788583755)
0.016029657796025276, (218.5410737991333, 488.58387073874474)
0.016017908230423927, (303.9719581604004, 549.6020314395428)
0.016010025516152382, (224.88222122192383, 677.2146590352058)
0.01600509136915207, (112.54234313964844, 547.8523181080818)
0.01594073325395584, (282.5620651245117, 849.8890377879143)
0.015923747792840004, (328.13384532928467, 571.7935736179352)
0.01584336906671524, (306.54497146606445, 902.5143268704414)
0.015828974545001984, (204.44531440734863, 658.97550958395)
0.015826232731342316, (251.01592540740967, 501.5570691525936)
0.01577449031174183, (345.6096410751343, 716.0144131779671)
0.015768058598041534, (85.74331402778625, 774.2734988927841)
0.015739532187581062, (267.1990394592285, 539.8835508227348)
0.01571744494140148, (101.17642879486084, 541.019511282444)
0.015715084969997406, (178.8888931274414, 525.631714463234)
0.015712697058916092, (329.5565366744995, 608.355894446373)
0.01564987748861313, (309.4066381454468, 691.9256865382195)
0.01562800258398056, (292.65992641448975, 532.0429469347)
0.015566224232316017, (386.6856098175049, 648.0507284402847)
0.01554402057081461, (181.23407363891602, 523.7061676084995)
0.015494488179683685, (217.24607944488525, 670.8220685124397)
0.015416516922414303, (253.63671779632568, 492.8766121864319)
0.015413735993206501, (127.78054475784302, 456.6044732630253)
0.015409604646265507, (342.3461675643921, 558.2169086933136)
0.015402494929730892, (250.28953552246094, 524.0403911173344)
0.015388726256787777, (415.8682346343994, 647.1093766093254)
0.01537179946899414, (291.27960205078125, 548.4271559119225)
0.015365629456937313, (422.3126411437988, 672.0300002098083)
0.01534776296466589, (278.1721353530884, 540.8039304614067)
0.015331990085542202, (201.7549991607666, 520.9092760980129)
0.01531052403151989, (314.07740116119385, 699.2086964249611)
0.015302482061088085, (326.79219245910645, 556.5925291776657)
0.015302336774766445, (209.3824863433838, 659.2757115364075)
0.015291347168385983, (347.36173152923584, 568.1158500313759)
0.015232189558446407, (20.782211422920227, 802.8496088981628)
0.015227784402668476, (300.7838726043701, 631.5826306939125)
0.01521956454962492, (274.45154190063477, 847.8109265565872)
0.015199830755591393, (392.69440174102783, 601.6264838576317)
0.01518143992871046, (212.76631355285645, 669.463603079319)
