0.10612083226442337, (187.7182388305664, 457.8637143075466)
0.09417503327131271, (186.886088848114, 456.82709112763405)
0.07894070446491241, (533.5202550888062, 715.2905724644661)
0.07341448217630386, (529.2685031890869, 716.7049151659012)
0.07200349867343903, (208.08882236480713, 681.6193481087685)
0.0642322525382042, (191.2458372116089, 457.05953085422516)
0.06296495348215103, (532.3920106887817, 715.2716626524925)
0.05788305029273033, (182.224280834198, 458.78501147031784)
0.05774807184934616, (206.85258150100708, 681.7140560746193)
0.05648678168654442, (530.6645393371582, 720.3673008084297)
0.052427951246500015, (192.58646965026855, 452.982837587595)
0.051547929644584656, (204.62971687316895, 681.605205476284)
0.04974310100078583, (200.3953242301941, 673.1598291993141)
0.048368871212005615, (529.8169612884521, 716.3097159862518)
0.04780241474509239, (530.406231880188, 714.5661200881004)
0.04457937553524971, (192.35706567764282, 459.0379103422165)
0.04341239109635353, (199.01978015899658, 672.6844619512558)
0.04179514944553375, (527.2505807876587, 717.0176421403885)
0.04132343828678131, (190.28929710388184, 456.45616483688354)
0.04103057086467743, (200.2438759803772, 673.4251227378845)
0.04038466885685921, (209.15432453155518, 683.9267424345016)
0.040069181472063065, (534.62965965271, 715.4398646354675)
0.03988365828990936, (189.66979265213013, 461.03786131739616)
0.03965986147522926, (543.7479257583618, 713.1645693182945)
0.03935268893837929, (540.9884262084961, 714.3399174213409)
0.03842281177639961, (203.4560465812683, 677.1200841069221)
0.03799181431531906, (209.84757900238037, 682.5778689980507)
0.037558358162641525, (187.07502365112305, 459.25191697478294)
0.03743888437747955, (186.9965958595276, 455.4669750928879)
0.037344880402088165, (198.31871509552002, 671.6099396944046)
0.03710770606994629, (203.24408769607544, 681.7783335447311)
0.03678527846932411, (201.6327452659607, 675.9700020551682)
0.036505699157714844, (202.3594093322754, 675.6822233200073)
0.03577319532632828, (541.1841201782227, 714.6407264471054)
0.03544646501541138, (208.0081844329834, 681.4908726215363)
0.03511554375290871, (196.76168203353882, 458.3353472650051)
0.03452344238758087, (526.7242670059204, 717.7714126706123)
0.03415800631046295, (183.9211106300354, 459.097301453352)
0.03409317880868912, (206.01940155029297, 680.0806614756584)
0.03398490697145462, (209.24105644226074, 680.9613184332848)
0.03369560465216637, (207.2400426864624, 683.1040067076683)
0.033141229301691055, (525.8332586288452, 719.0391646027565)
0.03280837833881378, (208.49568128585815, 681.9318367242813)
0.03248436748981476, (190.496084690094, 451.8127333819866)
0.03248203173279762, (210.36646842956543, 682.9771202802658)
0.03202279657125473, (193.04171562194824, 456.01118835806847)
0.03187639266252518, (184.80660438537598, 457.86979246139526)
0.03139897808432579, (199.72715377807617, 466.6329409778118)
0.031340524554252625, (191.88639163970947, 457.7077480852604)
0.03129824623465538, (173.9571762084961, 461.23418965935707)
0.03117791749536991, (523.128776550293, 736.7443897724152)
0.031167898327112198, (540.5966520309448, 715.6106091141701)
0.031158288940787315, (527.3247385025024, 718.9859310984612)
0.030897991731762886, (18.472126722335815, 218.70846197009087)
0.030685048550367355, (546.4031839370728, 713.2378249764442)
0.030646875500679016, (317.75278329849243, 606.5230025053024)
0.029875842854380608, (124.18433547019958, 676.9065144658089)
0.029827898368239403, (198.6519956588745, 676.7199588418007)
0.02980053424835205, (210.61314582824707, 684.5680075287819)
0.029076246544718742, (194.26883697509766, 462.57630959153175)
0.029053814709186554, (533.020977973938, 716.1075875759125)
0.028954382985830307, (512.2244167327881, 735.140233874321)
0.02888302318751812, (507.33065128326416, 742.1560124754906)
0.028722770512104034, (165.11165857315063, 622.0989272296429)
0.028593378141522408, (525.9677982330322, 716.8837638497353)
0.02833125740289688, (175.06043314933777, 669.4089329242706)
0.028299031779170036, (188.2879614830017, 456.2433897256851)
0.02810596488416195, (205.1896333694458, 687.716729581356)
0.02800711803138256, (530.2526807785034, 724.5786271691322)
0.027865277603268623, (168.59218955039978, 450.144856184721)
0.02777399681508541, (531.9820833206177, 722.7852936983109)
0.02775508165359497, (176.84410214424133, 451.19967409968376)
0.027720587328076363, (527.544379234314, 716.4226186871529)
0.027693139389157295, (12.364535629749298, 220.29190050065517)
0.027649378404021263, (125.17276167869568, 675.3095093369484)
0.027572020888328552, (192.85638570785522, 457.6275800168514)
0.027549220249056816, (534.4689846038818, 718.131970345974)
0.026957927271723747, (205.50604820251465, 700.3037519454956)
0.02693845145404339, (195.65744876861572, 456.8788547515869)
0.02681131660938263, (175.35338401794434, 457.60847157239914)
0.026711266487836838, (208.3323884010315, 678.00884526968)
0.026702266186475754, (167.6571822166443, 625.0165205299854)
0.026477927342057228, (530.4890155792236, 715.0669122934341)
0.02644512802362442, (312.7437472343445, 608.8884372413158)
0.026408031582832336, (375.74246406555176, 519.8478532731533)
0.026172051206231117, (309.02416706085205, 605.5703611373901)
0.02609904296696186, (166.07370257377625, 626.5016558468342)
0.02594977430999279, (315.79264640808105, 605.9481601119041)
0.025448301807045937, (521.240758895874, 759.5513709783554)
0.025266235694289207, (180.25360822677612, 456.9198922216892)
0.025191321969032288, (188.78522157669067, 672.8834916949272)
0.02513883262872696, (181.51482582092285, 450.86883184313774)
0.02468639612197876, (201.77496671676636, 676.6931037306786)
0.024671688675880432, (213.13605308532715, 687.4794829487801)
0.02464132010936737, (388.33717346191406, 746.1219085454941)
0.02457606978714466, (127.30366945266724, 676.676656961441)
0.024574700742959976, (181.41311645507812, 657.4737826287746)
0.024570629000663757, (202.3808240890503, 677.8964987397194)
0.024331768974661827, (199.33351278305054, 457.7413567006588)
0.02433098293840885, (192.56374597549438, 662.9174248874187)
0.024281417950987816, (210.93404531478882, 682.7071390151978)
0.02421119250357151, (225.4649019241333, 359.6482961475849)
0.024195104837417603, (200.23314714431763, 672.1420363783836)
0.02402513287961483, (203.95622491836548, 681.8933020234108)
0.02387523278594017, (123.25811505317688, 677.6234982609749)
0.023778541013598442, (310.24240493774414, 610.1813757717609)
0.023761462420225143, (12.35694095492363, 220.56797978281975)
0.02370009571313858, (166.37004375457764, 623.4132783412933)
0.0234390702098608, (522.3578023910522, 739.9645400643349)
0.02336627058684826, (190.53314208984375, 657.552043825388)
0.023165132850408554, (306.557092666626, 871.5426666140556)
0.023135768249630928, (309.85093116760254, 866.3663836717606)
0.02311744913458824, (377.50443935394287, 519.9431174099445)
0.02307109534740448, (520.4752349853516, 720.0214419364929)
0.02275083214044571, (193.17095518112183, 460.09531047940254)
0.022491317242383957, (222.72563695907593, 585.8931524455547)
0.022335633635520935, (19.30998980998993, 216.6535096615553)
0.022270649671554565, (231.35820865631104, 598.9110483825207)
0.022258933633565903, (315.4220724105835, 607.9900622665882)
0.022251015529036522, (190.632426738739, 457.67715868353844)
0.022086206823587418, (120.073721408844, 677.4123916625977)
0.022076519206166267, (122.30213284492493, 680.080423116684)
0.021954193711280823, (503.23596954345703, 719.7679868936539)
0.021906668320298195, (172.07475900650024, 458.60699704289436)
0.021883824840188026, (511.50914669036865, 721.1837597489357)
0.021835196763277054, (532.4821329116821, 713.9942969083786)
0.021396351978182793, (298.882520198822, 600.045796006918)
0.021264204755425453, (226.11313819885254, 360.0359075665474)
0.021141868084669113, (193.489408493042, 671.8453589081764)
0.021063484251499176, (203.82110595703125, 653.123771071434)
0.021021826192736626, (223.75292301177979, 360.4790566265583)
0.020964808762073517, (523.4701251983643, 716.0553869605064)
0.020935295149683952, (194.28982257843018, 672.2338045835495)
0.020602593198418617, (330.86657524108887, 939.6721766591072)
0.020572485402226448, (176.64164900779724, 653.3913687467575)
0.02045217528939247, (180.58427095413208, 982.1990725398064)
0.020437562838196754, (158.58155250549316, 454.8822805285454)
0.020430447533726692, (206.62798404693604, 675.1120686531067)
0.020427590236067772, (18.344234973192215, 221.27755458652973)
0.0204205010086298, (193.307683467865, 457.9094395041466)
0.0203575287014246, (12.434293180704117, 218.22427543997765)
0.020321380347013474, (12.268118262290955, 220.4179328083992)
0.02031068503856659, (236.1290431022644, 589.7697036266327)
0.020185088738799095, (195.4253625869751, 671.7112422585487)
0.02008136548101902, (134.25124526023865, 673.1763554215431)
0.020020077005028725, (522.4371528625488, 747.3319776058197)
0.01984504424035549, (25.015922784805298, 218.21037116646767)
0.019779514521360397, (100.14761209487915, 704.9919551610947)
0.019700637087225914, (524.9938774108887, 726.8585307598114)
0.019610537216067314, (200.77825784683228, 457.0649733841419)
0.01945660263299942, (204.56238269805908, 699.6999092102051)
0.019452949985861778, (215.81652402877808, 687.5898431539536)
0.019327133893966675, (215.53847551345825, 651.5316125750542)
0.019252456724643707, (19.15563941001892, 219.90013766288757)
0.019194388762116432, (514.4821929931641, 722.5153124332428)
0.019161581993103027, (372.2806119918823, 518.6229265034199)
0.019136061891913414, (187.17611074447632, 457.7580418288708)
0.019056126475334167, (545.0194215774536, 715.0414873361588)
0.01905137673020363, (180.4552674293518, 456.4430153667927)
0.018992464989423752, (519.917721748352, 755.6934515237808)
0.018878541886806488, (158.12760472297668, 866.7573718428612)
0.01887616701424122, (184.01389360427856, 456.87861639261246)
0.01881815679371357, (316.8978452682495, 607.7027205228806)
0.018704723566770554, (224.3005657196045, 582.6447566151619)
0.01865488290786743, (502.2715759277344, 843.8574306368828)
0.018642093986272812, (170.73060750961304, 629.0449858307838)
0.018630152568221092, (386.4025068283081, 745.1451929211617)
0.018628757447004318, (192.08307266235352, 665.3454685807228)
0.018609417602419853, (312.2518515586853, 611.6290092766285)
0.01860159821808338, (526.0131597518921, 748.0774055719376)
0.01858828216791153, (127.95862197875977, 677.1554406881332)
0.018582671880722046, (218.1832194328308, 702.350858271122)
0.018491297960281372, (182.6626181602478, 980.1156561970711)
0.018473640084266663, (513.8287210464478, 721.4965661764145)
0.018396500498056412, (520.7377481460571, 758.2531090974808)
0.018387600779533386, (377.03155517578125, 520.7151621282101)
0.018291397020220757, (357.0333480834961, 806.5566347241402)
0.018214229494333267, (307.9359841346741, 604.663723051548)
0.01821064203977585, (345.8809804916382, 901.5368065237999)
0.018171632662415504, (458.6800146102905, 674.357344686985)
0.01813345029950142, (527.880277633667, 717.4995245337486)
0.018111975863575935, (530.1135492324829, 719.4824328422546)
0.0180624071508646, (195.2610182762146, 669.0753098130226)
0.018017062917351723, (99.62560057640076, 706.2704332470894)
0.01792585477232933, (11.339816451072693, 1150.4663658738136)
0.017923453822731972, (496.4688205718994, 834.0362463593483)
0.017871079966425896, (217.53914594650269, 635.7833145856857)
0.017849022522568703, (203.5338306427002, 683.7168276309967)
0.017664194107055664, (525.487961769104, 730.6318327784538)
0.01759612001478672, (226.24040365219116, 699.4586899280548)
0.017586058005690575, (323.1764030456543, 855.8002481460571)
0.01739402487874031, (188.37604522705078, 462.3031502068043)
0.01734607107937336, (230.6837511062622, 582.7045847177505)
0.01730162836611271, (180.8944845199585, 980.0051370859146)
0.017257360741496086, (163.29951524734497, 674.9968618154526)
0.01723286509513855, (520.6935882568359, 859.2475545406342)
0.0172252357006073, (524.4501399993896, 769.7974698543549)
0.017125973477959633, (251.07049226760864, 596.0839123129845)
0.01709345541894436, (504.8288583755493, 752.8808950781822)
0.017083676531910896, (469.10518169403076, 691.3215118050575)
0.017073726281523705, (180.85607528686523, 453.25218322873116)
0.016994372010231018, (507.0585250854492, 720.809933423996)
0.01698591560125351, (183.78878116607666, 980.4570657014847)
0.01693066768348217, (117.01992988586426, 672.7697944641113)
0.016905590891838074, (209.17415142059326, 674.0173653364182)
0.016861923038959503, (197.17594385147095, 677.5193353891373)
0.016849013045430183, (195.6817388534546, 484.45035377144814)
0.016753751784563065, (194.31808233261108, 671.2265790104866)
0.016604799777269363, (177.10383653640747, 463.0197764635086)
0.016565702855587006, (221.95691585540771, 586.0315595567226)
0.016524000093340874, (189.62619066238403, 661.537008613348)
0.01651918701827526, (161.2113618850708, 625.0415482223034)
0.016495119780302048, (521.9991588592529, 859.7784594297409)
0.01645768992602825, (127.30899095535278, 677.2822476625443)
0.016453562304377556, (265.7044529914856, 597.5196675956249)
0.016446812078356743, (467.7681541442871, 684.3604763150215)
0.016439786180853844, (132.7591323852539, 676.0556523799896)
0.016392173245549202, (523.8470506668091, 753.2749819159508)
0.016358762979507446, (366.00518703460693, 693.4581616520882)
0.01635076105594635, (183.52472305297852, 464.05135437846184)
0.01634317822754383, (191.94183826446533, 685.9628047943115)
0.016327455639839172, (185.47574043273926, 459.44852340221405)
0.016305245459079742, (138.90870809555054, 673.0269837975502)
0.016293823719024658, (527.4234437942505, 744.0953805446625)
0.016252748668193817, (218.63889455795288, 493.40736758708954)
0.016160134226083755, (329.36198472976685, 849.9915193915367)
0.01611914113163948, (92.19024896621704, 707.0812510251999)
0.01610979624092579, (247.0050573348999, 586.9371647536755)
0.01606319099664688, (494.65298652648926, 688.8154850006104)
0.016059568151831627, (518.1192255020142, 716.8615964651108)
0.01603487879037857, (178.3322024345398, 459.78453010320663)
0.015996143221855164, (523.2820701599121, 747.9208037257195)
0.01599404774606228, (212.1517252922058, 658.7785199284554)
0.0159932691603899, (225.15496730804443, 591.1522254049778)
0.015986379235982895, (520.2584266662598, 721.844014108181)
0.01593734510242939, (170.73984503746033, 483.6958284378052)
0.01593407802283764, (470.59537410736084, 661.2313132286072)
0.015922080725431442, (316.57769680023193, 610.6618280112743)
0.015910549089312553, (194.57581043243408, 600.8964197337627)
0.01586877927184105, (508.62682342529297, 736.5509217381477)
0.015834642574191093, (197.73684740066528, 460.079022616148)
0.015797723084688187, (196.20901823043823, 664.2790505290031)
0.01577899046242237, (322.89987802505493, 855.4763977527618)
0.015759645029902458, (207.60196924209595, 684.0813579559326)
0.01572122983634472, (169.068785905838, 629.5843921899796)
0.015648555010557175, (187.00090885162354, 664.609296888113)
0.01564781181514263, (36.98888808488846, 1135.1687252521515)
0.015535952523350716, (207.23866939544678, 687.198219358921)
0.015455402433872223, (229.57059144973755, 595.520987868309)
0.015407774597406387, (205.07105827331543, 722.3587900400162)
0.015326375141739845, (473.05944442749023, 657.2518306970596)
0.015277589671313763, (459.29413318634033, 686.7682992219925)
0.015228156000375748, (193.7931203842163, 462.37163868546486)
0.015196512453258038, (7.591885328292847, 212.71631598472595)
0.015122586861252785, (311.67792320251465, 866.9851635694504)
0.015120898373425007, (209.5753026008606, 702.0354298949242)
0.01510550919920206, (289.14732456207275, 626.2943232655525)
0.015094226226210594, (217.80906200408936, 678.8406386375427)
0.015086380764842033, (201.5225386619568, 458.65506610274315)
0.015048911795020103, (97.72572755813599, 703.5412229895592)
0.015018478967249393, (174.2284655570984, 694.9285187125206)
0.01501691248267889, (515.0494050979614, 854.7084845900536)
0.01500171422958374, (182.19396114349365, 648.8625482320786)
0.014996642246842384, (514.9954175949097, 848.4628438353539)
0.014938297681510448, (470.9409284591675, 802.7840477824211)
0.014903268776834011, (209.846613407135, 689.6305137872696)
0.01485399529337883, (100.93016266822815, 695.6555930376053)
0.014822615310549736, (119.06615495681763, 672.0374762415886)
0.014804625883698463, (522.2480249404907, 744.7088370919228)
0.014747703447937965, (488.7404537200928, 835.2950201034546)
0.014664950780570507, (529.8960542678833, 724.5593995451927)
0.014643262140452862, (217.08035945892334, 575.4315770566463)
0.014640998095273972, (43.2545068860054, 1141.3832998871803)
0.014608995988965034, (175.5235755443573, 451.17309707403183)
0.014540430158376694, (180.92737913131714, 651.4309059083462)
0.014537723734974861, (12.226385772228241, 1104.1181783676147)
0.014529166743159294, (485.866756439209, 832.3618540167809)
0.014502529054880142, (504.097580909729, 774.4565932750702)
0.014482167549431324, (130.41178107261658, 677.7734260559082)
0.014415846206247807, (318.37318897247314, 845.7251321077347)
0.014401314780116081, (477.2157955169678, 718.7258814573288)
0.014392722398042679, (315.4469847679138, 603.6315889656544)
0.01438275445252657, (12.966220825910568, 1108.3807519078255)
0.014378787949681282, (542.6396799087524, 715.9919040203094)
0.014350811019539833, (274.4195508956909, 608.2819725573063)
0.014327727258205414, (161.85912609100342, 457.6838327348232)
0.01432019378989935, (313.0368375778198, 611.9220716357231)
0.014303787611424923, (198.48915338516235, 464.0534598827362)
0.014263136312365532, (244.04808282852173, 638.6415565013885)
0.014217698946595192, (26.432499289512634, 128.6561633348465)
0.014197630807757378, (202.4339747428894, 458.7460000514984)
0.014177443459630013, (531.1518430709839, 714.766977250576)
0.014153511263430119, (190.07190942764282, 461.5069517791271)
0.014124451205134392, (491.96030616760254, 737.3060429692268)
0.014081728644669056, (308.01275968551636, 637.6786656975746)
0.014078398235142231, (321.7769122123718, 789.9535019993782)
0.014047867618501186, (528.7145090103149, 712.0715345144272)
0.014040584675967693, (162.10705876350403, 451.3061013817787)
0.014025983400642872, (510.36523818969727, 849.8367449641228)
0.014018869958817959, (181.38710975646973, 981.1487039923668)
