0.1294989138841629, (549.9799680709839, 659.6475763320923)
0.12890782952308655, (551.3788095712662, 660.1892774105072)
0.07821910828351974, (548.2825503945351, 660.2871694564819)
0.06833967566490173, (81.60970142483711, 521.9520131349564)
0.062132254242897034, (559.6069124937057, 662.3511593341827)
0.06158687174320221, (507.82490706443787, 870.1611263751984)
0.05813105031847954, (28.81311245635152, 469.6964371204376)
0.05593661963939667, (34.918731816112995, 472.7635227441788)
0.05401485413312912, (72.06851021945477, 528.8637632131577)
0.05304281786084175, (550.2570573687553, 660.4444477558136)
0.04967837780714035, (72.89911521971226, 523.4703719615936)
0.04729126766324043, (55.849494367837906, 1088.4988946914673)
0.045489635318517685, (81.59484347701073, 518.3328258991241)
0.04401570186018944, (494.07517927885056, 822.6883270740509)
0.04337349534034729, (558.1511079072952, 660.754756808281)
0.04329625889658928, (180.21279208362103, 715.053601026535)
0.04268454387784004, (552.1954481005669, 663.0964250564575)
0.04259391501545906, (505.3114451766014, 870.4620273113251)
0.041783928871154785, (167.26353052258492, 707.2583613395691)
0.039025191217660904, (40.649776596575975, 477.58289980888367)
0.038914140313863754, (494.90946447849274, 892.2066056728363)
0.038495294749736786, (492.7645711302757, 882.3080763816833)
0.038369063287973404, (50.668179370462894, 1089.873114824295)
0.03779783472418785, (329.14242646098137, 860.3618388175964)
0.037750016897916794, (470.32682979106903, 886.4955217838287)
0.03742941841483116, (468.5054739713669, 760.9612390995026)
0.03742881491780281, (552.9025949835777, 660.969952583313)
0.03639252856373787, (604.040816962719, 669.3134036064148)
0.036056529730558395, (69.33331060409546, 502.75123858451843)
0.03535476326942444, (73.32558403909206, 525.3401656150818)
0.03512151166796684, (39.366395637393, 473.9083753824234)
0.034679923206567764, (27.83266219496727, 472.6087453365326)
0.034308336675167084, (503.99695110321045, 886.5140204429626)
0.03402085602283478, (508.6113268136978, 868.9221131801605)
0.0340101383626461, (82.02206090837717, 513.8188354969025)
0.03389599546790123, (76.12420423328876, 521.8610283136368)
0.03363986313343048, (546.928877055645, 662.764481306076)
0.0336090587079525, (403.99162447452545, 804.8761825561523)
0.032940901815891266, (175.33530497550964, 709.3723690509796)
0.03268465772271156, (183.54771561920643, 709.1232326030731)
0.03266682103276253, (498.3821097612381, 879.013885974884)
0.0326639786362648, (559.6771791577339, 668.0439827442169)
0.03232675418257713, (551.0166413784027, 663.0100450515747)
0.03229482099413872, (471.4780235886574, 895.217282295227)
0.03208672255277634, (490.06449341773987, 870.067045211792)
0.031970780342817307, (550.1596349477768, 661.4893044233322)
0.03178666532039642, (76.88974285125732, 506.5722438097)
0.031772270798683167, (39.73995301872492, 478.87875866889954)
0.03167280554771423, (505.9826586842537, 880.2329714298248)
0.030921736732125282, (80.5096075385809, 522.2444983720779)
0.030681584030389786, (557.0355731844902, 672.8316421508789)
0.030353641137480736, (35.198795560747385, 467.33750081062317)
0.02994484081864357, (272.78257301449776, 810.392196893692)
0.029933637008070946, (550.3134718537331, 661.4698927402496)
0.02964036352932453, (513.3585097193718, 808.4533309936523)
0.029538970440626144, (55.33874669671059, 1089.8219854831696)
0.029363421723246574, (484.299838244915, 800.4050645828247)
0.02919980324804783, (518.2461802363396, 890.6954319477081)
0.0291366558521986, (65.97286568582058, 1090.3144626617432)
0.028362253680825233, (85.3216282427311, 527.3392117023468)
0.02835341915488243, (603.4017880558968, 670.4813597202301)
0.028352143242955208, (499.07650166749954, 848.9696023464203)
0.028276190161705017, (407.7134718298912, 904.7937920093536)
0.028236983343958855, (53.93352770805359, 496.2705549001694)
0.02822568267583847, (460.94277852773666, 898.6768491268158)
0.028211932629346848, (502.119637966156, 838.508650302887)
0.027880419045686722, (90.5022060573101, 497.7891916036606)
0.027862003073096275, (35.545442912727594, 474.7379171848297)
0.027638984844088554, (493.7302463054657, 857.6581764221191)
0.027598094195127487, (558.4658221006393, 667.1970934867859)
0.02756967581808567, (48.75935024023056, 487.4452257156372)
0.027494728565216064, (87.28878624737263, 512.7184828519821)
0.027156006544828415, (501.10742312669754, 836.5231010913849)
0.02706262096762657, (516.005967438221, 891.0897789001465)
0.026909736916422844, (180.1339192390442, 710.8292376995087)
0.02677149884402752, (512.8275552392006, 864.7582476139069)
0.026676161214709282, (609.7356626391411, 670.5350296497345)
0.026634549722075462, (504.4398093819618, 869.0431880950928)
0.026342151686549187, (78.96560388803482, 531.660434961319)
0.02621329389512539, (407.48763102293015, 860.4193196296692)
0.026212995871901512, (550.3953505754471, 660.9225944280624)
0.02580481581389904, (514.736367225647, 914.4209547042847)
0.025689128786325455, (521.1434343457222, 875.5748026371002)
0.025601064786314964, (478.9590688943863, 764.3383162021637)
0.025538353249430656, (522.3498997092247, 721.7164528369904)
0.025279181078076363, (153.74547243118286, 711.3287014961243)
0.0252093356102705, (552.0656124949455, 662.7083501815796)
0.025208616629242897, (469.0942144393921, 764.7871270179749)
0.0251349825412035, (603.0041893720627, 669.566192150116)
0.025111980736255646, (520.5321097970009, 886.9087643623352)
0.02496406063437462, (506.31442523002625, 852.909499168396)
0.024926364421844482, (507.44308066368103, 883.2093501091003)
0.024894947186112404, (504.30791652202606, 876.8207230567932)
0.024753376841545105, (172.87293156981468, 715.6677882671356)
0.02470954693853855, (94.84657285362482, 498.44867277145386)
0.024611787870526314, (83.10638251155615, 522.319286942482)
0.024521324783563614, (159.16368597745895, 699.977908372879)
0.024404551833868027, (489.45275741815567, 878.2066140174866)
0.02433720789849758, (99.59327001869678, 910.8768339157104)
0.024308964610099792, (175.46661494672298, 737.7162845134735)
0.02427482232451439, (179.158117800951, 724.5254702568054)
0.024179557338356972, (177.35742595791817, 713.9978277683258)
0.023925673216581345, (277.689993172884, 1116.5622339248657)
0.02390413172543049, (178.13005067408085, 721.7951316833496)
0.023748429492115974, (552.639129281044, 660.2384219169617)
0.02356809936463833, (469.7101563811302, 906.47891664505)
0.02347841113805771, (496.4779608845711, 899.1095430850983)
0.02347840741276741, (65.85617364943027, 1088.2704799175262)
0.023424049839377403, (286.3687262237072, 903.3888466358185)
0.023366378620266914, (40.66567745804787, 473.6116029024124)
0.023272167891263962, (84.05029079318047, 528.2499729394913)
0.023119328543543816, (42.98416878283024, 1089.6106402873993)
0.02300877869129181, (493.60434234142303, 867.9724094867706)
0.02295469120144844, (523.4626914262772, 897.0373756885529)
0.02292652614414692, (182.17893289029598, 718.5211865901947)
0.02287246286869049, (549.6513102650642, 661.7585670948029)
0.02279563620686531, (177.61405700445175, 716.9209334850311)
0.022762665525078773, (377.70078295469284, 520.4178153276443)
0.022633396089076996, (485.30926436185837, 886.6667733192444)
0.02262505516409874, (525.2487081885338, 900.255348443985)
0.02249697782099247, (374.87032103538513, 903.7746984958649)
0.022365402430295944, (558.424265563488, 668.7162065505981)
0.02228320576250553, (83.78034473955631, 509.57764077186584)
0.02225269190967083, (172.66558319330215, 713.1133854389191)
0.022067522630095482, (340.1138094365597, 909.9888982772827)
0.022015683352947235, (552.8778622150421, 660.1558924913406)
0.021958911791443825, (229.99822077155113, 798.846254825592)
0.021836530417203903, (379.7616031765938, 522.0173935890198)
0.02171696163713932, (522.6825348734856, 899.6783173084259)
0.021582283079624176, (508.8852616548538, 888.0619533061981)
0.021515842527151108, (75.97259601950645, 491.2395944595337)
0.02148548699915409, (522.2563174962997, 912.8725454807281)
0.021441951394081116, (80.64396910369396, 525.8092614412308)
0.021292153745889664, (513.7221408486366, 880.031867980957)
0.02128303050994873, (29.467245038598776, 473.36520552635193)
0.02125507779419422, (27.916506737470627, 469.7308144569397)
0.021226566284894943, (484.7497826218605, 896.1518218517303)
0.021098807454109192, (63.519892789423466, 480.55919909477234)
0.021098215132951736, (318.53606897592545, 970.9851701259613)
0.021078946068882942, (549.917976140976, 663.5388844013214)
0.020856687799096107, (546.7220544219017, 662.8852386474609)
0.020836414769291878, (549.2775757312775, 662.4684233665466)
0.02073211781680584, (51.85218637436628, 1088.6801497936249)
0.020613940432667732, (165.72945883870125, 704.2368078231812)
0.020572640001773834, (532.8376907706261, 947.8316767215729)
0.020453568547964096, (41.75332495570183, 468.4697299003601)
0.020358841866254807, (277.186011582613, 1114.7568283081055)
0.02035406231880188, (548.5862011313438, 662.919893860817)
0.02027982473373413, (155.97037011384964, 698.7677149772644)
0.02025625668466091, (574.7134680747986, 663.682745218277)
0.020225707441568375, (161.7502375394106, 1043.4848291873932)
0.02002568542957306, (566.6415793299675, 734.3968470096588)
0.019875910133123398, (164.35176134109497, 699.8697745800018)
0.01972213014960289, (454.07561790943146, 543.2675496339798)
0.019716184586286545, (419.21571785211563, 887.2896938323975)
0.019580500200390816, (173.1245109140873, 715.9690067768097)
0.01940375380218029, (389.7837690114975, 527.5502790212631)
0.019401879981160164, (417.15037167072296, 888.5487141609192)
0.01937309466302395, (293.1882271170616, 899.3228731155396)
0.019321689382195473, (99.54900476336479, 909.7898590564728)
0.019302137196063995, (290.2547196149826, 930.7912359237671)
0.019285699352622032, (547.7345435619354, 663.3281346559525)
0.01925610564649105, (501.3387042284012, 894.336015701294)
0.01919824816286564, (333.1270537674427, 972.6735498905182)
0.019184080883860588, (275.86015689373016, 1114.2027418613434)
0.019140135496854782, (379.4400771856308, 931.0917398929596)
0.01913740485906601, (58.33019448071718, 1089.994348526001)
0.019119909033179283, (219.5566264986992, 846.7989871501923)
0.019050195813179016, (497.70975333452225, 870.2357561588287)
0.018909666687250137, (166.22963450849056, 1039.4455318450928)
0.018865864723920822, (287.725576877594, 875.4392781257629)
0.01886584609746933, (500.74136900901794, 844.7564334869385)
0.01883706822991371, (76.64432955533266, 530.393078327179)
0.01881013810634613, (61.17793733626604, 521.9031862020493)
0.018786294385790825, (633.335204064846, 676.8722891807556)
0.018704846501350403, (11.561146356165409, 614.1138017177582)
0.018619487062096596, (358.89697563648224, 981.1404576301575)
0.01861640065908432, (519.1007179617882, 890.0583000183105)
0.01859237439930439, (449.7757278084755, 848.316353559494)
0.018534190952777863, (551.3405446410179, 660.626536488533)
0.018525315448641777, (37.49529426544905, 1089.058618068695)
0.018430834636092186, (535.9143831729889, 674.0442173480988)
0.018397117033600807, (163.70024032890797, 1036.289724111557)
0.018336717039346695, (425.39132100343704, 524.6395983695984)
0.01831948198378086, (455.3025643825531, 541.1574321985245)
0.018314654007554054, (349.1415213942528, 981.2197716236115)
0.018291763961315155, (418.78675746917725, 889.3647193908691)
0.018286561593413353, (182.0609950721264, 709.6351611614227)
0.018278801813721657, (553.8977117538452, 662.8900022506714)
0.018262654542922974, (498.7988637685776, 783.4364748001099)
0.01825510710477829, (235.2911475300789, 1148.4085092544556)
0.018246540799736977, (73.07369039207697, 529.6806417703629)
0.01824149675667286, (616.1646738052368, 670.360681772232)
0.018204204738140106, (275.6916449069977, 1118.1258072853088)
0.018191812559962273, (179.6316977441311, 717.9555087089539)
0.018102051690220833, (27.67469935119152, 222.77855801582336)
0.018070291727781296, (223.4320821762085, 798.0680408477783)
0.01805722340941429, (488.56813806295395, 920.6471428871155)
0.018053799867630005, (457.8966249227524, 541.7094147205353)
0.01802784577012062, (67.47534708678722, 537.8038555383682)
0.017987346276640892, (499.95961236953735, 884.676381111145)
0.01798185706138611, (77.3962502926588, 526.3396092653275)
0.017960691824555397, (88.41416150331497, 513.4289345741272)
0.017887406051158905, (169.0255459845066, 1050.690572977066)
0.01788688637316227, (460.94556725025177, 764.5634758472443)
0.01786891184747219, (103.80307523906231, 491.8584659099579)
0.017840974032878876, (32.601054821163416, 466.0314795970917)
0.017833439633250237, (104.07474710047245, 501.5477936267853)
0.01775800995528698, (27.73085382208228, 377.8239977359772)
0.017684651538729668, (278.18268272280693, 1119.7797303199768)
0.01762136071920395, (454.38260596990585, 902.3867433071136)
0.017615310847759247, (280.06257885694504, 1113.472243309021)
0.01754736341536045, (72.48434989154339, 495.29084050655365)
0.017530076205730438, (348.6755761504173, 954.3312163352966)
0.01752268709242344, (397.306645154953, 785.0021917819977)
0.017507318407297134, (160.33657237887383, 788.2507309913635)
0.017482761293649673, (391.7480354309082, 526.9325587749481)
0.017437230795621872, (81.19787339866161, 531.1920536756516)
0.01739087887108326, (51.43010064959526, 1091.2066061496735)
0.01736033335328102, (282.9007440507412, 859.8013215065002)
0.017323743551969528, (73.34752808511257, 536.8492294549942)
0.017267050221562386, (527.1165122389793, 892.9178910255432)
0.017221910879015923, (469.57108598947525, 819.1130840778351)
0.017209365963935852, (549.9652472734451, 670.5930662155151)
0.017177190631628036, (256.55789971351624, 833.5541853904724)
0.016981879249215126, (524.23352175951, 892.4226350784302)
0.016973936930298805, (611.7115411162376, 670.9365220069885)
0.016967104747891426, (512.0811833739281, 883.4476890563965)
0.01695834845304489, (546.0300397872925, 660.1772890090942)
0.016930993646383286, (100.09433716535568, 499.50710570812225)
0.01690053567290306, (186.1714349091053, 710.9669852256775)
0.016880415380001068, (66.13007420301437, 463.2053529024124)
0.016880203038454056, (118.98550921678543, 487.3104554414749)
0.01685711182653904, (547.8849059939384, 662.1730005741119)
0.016840854659676552, (402.51648169755936, 526.9696354866028)
0.016812724992632866, (152.90627267956734, 1065.2571952342987)
0.016809476539492607, (422.91333532333374, 888.9497301578522)
0.016809366643428802, (550.0815507173538, 662.8492337465286)
0.016799835488200188, (94.91079919040203, 505.3764206171036)
0.01679445616900921, (459.20417004823685, 877.0708122253418)
0.016792528331279755, (423.2708861231804, 901.7978825569153)
0.016781020909547806, (74.79431504011154, 536.8305720090866)
0.016779880970716476, (226.81978571414948, 798.5976741313934)
0.016778290271759033, (178.26555515825748, 719.6723906993866)
0.016769735142588615, (61.5164013877511, 1089.950999736786)
0.01674737222492695, (68.31992427259684, 534.3379769325256)
0.01672498509287834, (384.4275016784668, 524.3511224985123)
0.016701344400644302, (27.562530416995287, 377.17332923412323)
0.01660032942891121, (380.48461377620697, 522.865910410881)
0.01658676750957966, (468.6616881489754, 900.8519897460938)
0.016565756872296333, (468.8279142975807, 925.7308602333069)
0.01655425690114498, (217.17096582055092, 1027.909990310669)
0.01651664823293686, (179.00197219848633, 715.3119471073151)
0.016506798565387726, (96.35075148940086, 923.2958650588989)
0.016482993960380554, (160.82853046059608, 726.254420042038)
0.01642548106610775, (499.4979645013809, 842.5970921516418)
0.016398178413510323, (163.37376549839973, 1049.773341178894)
0.01634856127202511, (40.48455621674657, 466.59271144866943)
0.016289789229631424, (75.51101672649384, 533.795164346695)
0.01628703810274601, (379.73721328377724, 449.5484597682953)
0.016286717727780342, (242.90401712059975, 528.6241936683655)
0.016218582168221474, (61.971991784870625, 523.7981078624725)
0.016194764524698257, (185.70937559008598, 716.3959844112396)
0.016186796128749847, (86.59583441913128, 527.0734423398972)
0.016153911128640175, (12.19428351521492, 239.63145178556442)
0.01612706668674946, (546.8276144266129, 658.4524676799774)
0.01608661748468876, (344.54227793216705, 928.3060641288757)
0.016060229390859604, (92.14165487885475, 504.3989689350128)
0.016028951853513718, (123.32415570318699, 716.8625793457031)
0.016026409342885017, (271.8493110239506, 420.98021829128265)
0.016023531556129456, (538.0509560704231, 806.5738513469696)
0.01601426862180233, (554.4123910665512, 662.9491503238678)
0.016011536121368408, (470.6350979208946, 1086.1255881786346)
0.01599837839603424, (71.97165354341269, 713.0854389667511)
0.015997951850295067, (472.02831625938416, 1087.7124238014221)
0.0159637201577425, (154.738623380661, 702.4730837345123)
0.015960708260536194, (83.74597716331482, 498.3695969581604)
0.015927335247397423, (314.0412654578686, 898.0455129146576)
0.01592695340514183, (55.08395003527403, 1086.435142993927)
0.015894625335931778, (57.386977665126324, 1090.5417659282684)
0.015889830887317657, (349.69631716609, 983.7064518928528)
0.015857279300689697, (187.9637834429741, 714.9097402095795)
0.01584220863878727, (290.04195380210876, 970.6828401088715)
0.01583288051187992, (391.60960507392883, 1138.399067401886)
0.015812179073691368, (62.08690086752176, 537.9381891489029)
0.015795929357409477, (469.52102613449097, 904.7416305541992)
0.015794379636645317, (83.99215050041676, 923.2641077041626)
0.01573682203888893, (229.09008014202118, 800.4927942752838)
0.015715528279542923, (548.5515021085739, 660.217303276062)
0.01568930596113205, (462.7905586361885, 892.9606840610504)
0.015650663524866104, (409.5580974817276, 529.2322279214859)
0.015647586435079575, (351.1239830851555, 958.6447384357452)
0.015605505555868149, (186.0667206645012, 922.257875919342)
0.015565291047096252, (88.49529161304235, 918.4539005756378)
0.015549441799521446, (494.45129108428955, 770.2320048809052)
0.0155255775898695, (455.5762706398964, 898.2763888835907)
0.01548218633979559, (525.184796154499, 896.1638896465302)
0.015469753183424473, (325.32039082050323, 983.9657506942749)
0.0154654486104846, (55.743168607354164, 1083.0897438526154)
0.0153578482568264, (564.7868959903717, 732.0001194477081)
