0.07657220959663391, (53.97874116897583, 456.83489805459976)
0.07483796030282974, (54.429274797439575, 455.95289772748947)
0.07359171658754349, (42.88410544395447, 455.96687000989914)
0.05719374120235443, (44.5708692073822, 457.9145606160164)
0.056979816406965256, (49.66628551483154, 455.4738914370537)
0.05284062400460243, (220.51711082458496, 457.85996240377426)
0.050647445023059845, (41.43446087837219, 456.18142807483673)
0.049812015146017075, (54.50133681297302, 454.3424023389816)
0.04694749787449837, (42.39508509635925, 456.51380133628845)
0.04477972909808159, (55.213892459869385, 455.26533234119415)
0.043454356491565704, (221.67608737945557, 457.98825681209564)
0.04124414548277855, (54.7798216342926, 457.54091596603394)
0.040976788848638535, (49.917495250701904, 459.19241696596146)
0.040627166628837585, (52.15142369270325, 455.14459359645844)
0.04052281752228737, (74.68401193618774, 502.45713382959366)
0.04047531262040138, (52.38627791404724, 455.6994222998619)
0.03957986831665039, (61.24148368835449, 461.0242667198181)
0.03928206488490105, (39.891403913497925, 519.6024152636528)
0.037473369389772415, (53.87912392616272, 498.0574975013733)
0.037382837384939194, (270.69880962371826, 487.3652083873749)
0.03731268644332886, (378.07531356811523, 696.906768321991)
0.0369073860347271, (220.92406749725342, 458.0813167691231)
0.036696746945381165, (52.65169143676758, 465.07919013500214)
0.03632485121488571, (77.81058549880981, 522.9745952486992)
0.03630774840712547, (60.28990149497986, 447.9697886109352)
0.03606356680393219, (47.471630573272705, 474.6469003558159)
0.03593694046139717, (275.21886825561523, 486.4084487557411)
0.035484619438648224, (65.08309841156006, 458.84584361314774)
0.035389743745326996, (266.7579650878906, 501.15687626600266)
0.034860868006944656, (49.78024363517761, 454.90926694869995)
0.03472796455025673, (36.592113971710205, 456.35479068756104)
0.03421187028288841, (270.13251781463623, 477.286180973053)
0.034163493663072586, (261.1382007598877, 469.4992533326149)
0.03300495073199272, (45.12280821800232, 457.21412402391434)
0.03262229636311531, (248.81606101989746, 523.4625240564346)
0.032013144344091415, (56.55202269554138, 469.4914318919182)
0.031839583069086075, (378.76837253570557, 698.7308346033096)
0.031795814633369446, (246.65026664733887, 530.8181713819504)
0.03173088654875755, (40.300095081329346, 528.8867691159248)
0.03141486272215843, (370.4914331436157, 692.984961271286)
0.031387124210596085, (272.36690521240234, 499.3993681669235)
0.03120829537510872, (50.429677963256836, 450.8503568768501)
0.031098168343305588, (273.6609697341919, 488.5810247659683)
0.03092454932630062, (256.5579652786255, 504.2891354560852)
0.030400069430470467, (220.5512523651123, 459.5703899860382)
0.030114218592643738, (78.71901988983154, 494.0256207585335)
0.0299201812595129, (44.262874126434326, 456.18617409467697)
0.029591891914606094, (49.26222562789917, 457.2053913474083)
0.02925492264330387, (378.5265922546387, 699.4924758672714)
0.029197532683610916, (274.9572515487671, 499.8872210383415)
0.028915073722600937, (59.16597247123718, 469.5184652209282)
0.028871428221464157, (369.01583671569824, 696.9904501438141)
0.028673702850937843, (276.5906095504761, 493.18219608068466)
0.02843600884079933, (43.77180337905884, 480.1754439473152)
0.028410309925675392, (40.77620506286621, 510.02346646785736)
0.028332697227597237, (67.07332730293274, 520.4624699950218)
0.02832946740090847, (251.0263204574585, 507.0107310414314)
0.02818330191075802, (368.71204376220703, 695.4637504816055)
0.02817731723189354, (238.42523097991943, 524.6816056966782)
0.028023989871144295, (370.73771953582764, 704.5824872255325)
0.028013894334435463, (66.33437275886536, 446.8895944952965)
0.02797934040427208, (397.54929542541504, 706.8558686971664)
0.027950376272201538, (248.3522891998291, 516.6322041749954)
0.027900639921426773, (221.28543853759766, 457.40791350603104)
0.027617214247584343, (70.5650269985199, 461.41192162036896)
0.027261778712272644, (264.55605030059814, 495.83131045103073)
0.02720513753592968, (58.194130659103394, 445.3721970319748)
0.027132205665111542, (66.6869580745697, 488.2747735977173)
0.02700403891503811, (19.992777705192566, 594.3684781193733)
0.026679163798689842, (241.7665958404541, 532.8189414739609)
0.02638690173625946, (53.456926345825195, 514.6664786934853)
0.02634251117706299, (219.1732406616211, 459.5223982334137)
0.026260828599333763, (90.71495532989502, 513.0273173451424)
0.02613532543182373, (248.1281042098999, 520.4682031869888)
0.026120897382497787, (370.486044883728, 693.4869762659073)
0.025903664529323578, (358.9802026748657, 694.0879362821579)
0.025876907631754875, (107.75378942489624, 620.1881929039955)
0.025837989524006844, (236.4126443862915, 466.4095184803009)
0.02578294835984707, (385.6321334838867, 698.4849528074265)
0.025724466890096664, (92.01490879058838, 460.6342577934265)
0.025715075433254242, (75.13930797576904, 551.6866863965988)
0.025531232357025146, (250.38859844207764, 529.6628003120422)
0.025521453469991684, (395.50890922546387, 707.5796936750412)
0.02528589591383934, (55.69981932640076, 517.9809470772743)
0.025133347138762474, (41.62264168262482, 498.0720772743225)
0.025061743333935738, (42.23453104496002, 519.6463444232941)
0.02498016320168972, (141.82106256484985, 498.68917375802994)
0.024916255846619606, (240.80686569213867, 466.252482175827)
0.024854306131601334, (257.3796510696411, 501.8926232457161)
0.024792753159999847, (241.7443037033081, 527.8765882849693)
0.02459464594721794, (39.351946115493774, 458.5274426341057)
0.024592023342847824, (258.4432363510132, 489.41651409864426)
0.024523738771677017, (250.82359313964844, 515.9337419271469)
0.024460092186927795, (279.08759117126465, 493.30650383234024)
0.024236291646957397, (105.72651624679565, 641.4217717647552)
0.02421385608613491, (66.71566367149353, 463.2301028370857)
0.02414982207119465, (265.096116065979, 465.59441804885864)
0.024134241044521332, (248.28577041625977, 518.9772315621376)
0.024119941517710686, (367.2694206237793, 697.7836049795151)
0.023956499993801117, (88.18063735961914, 451.8026742339134)
0.023951677605509758, (65.8093273639679, 460.931434571743)
0.02386937290430069, (384.1031789779663, 702.4044058322906)
0.023677095770835876, (266.20354652404785, 478.5955129265785)
0.02361929416656494, (133.63659381866455, 579.0095226168633)
0.023582885041832924, (120.18718719482422, 580.5328051447868)
0.02350861020386219, (63.295531272888184, 463.5935720205307)
0.023378917947411537, (275.1347541809082, 491.07507717609406)
0.023360438644886017, (138.12686204910278, 705.3744270801544)
0.02333250269293785, (28.358358144760132, 452.44312113523483)
0.02329065650701523, (244.99590396881104, 531.5840271115303)
0.02300036884844303, (48.71860146522522, 514.294580578804)
0.02278798818588257, (244.52247619628906, 527.1559146642685)
0.02272866480052471, (252.90544033050537, 508.3033570051193)
0.022684285417199135, (46.46105468273163, 493.0515096783638)
0.022636698558926582, (283.95354747772217, 494.5796521306038)
0.02258377894759178, (218.64726543426514, 382.8908458352089)
0.0225419569760561, (57.939279079437256, 447.07001918554306)
0.022492697462439537, (375.94876289367676, 691.5370075702667)
0.02248847298324108, (288.99989128112793, 489.52662175893784)
0.022431934252381325, (259.27627086639404, 504.4240363240242)
0.022361360490322113, (220.45588493347168, 465.5372380018234)
0.022237498313188553, (32.960084080696106, 448.2605867385864)
0.02219967171549797, (380.0527095794678, 697.2197018861771)
0.022197864949703217, (146.50367498397827, 495.2961492538452)
0.022195076569914818, (28.184470534324646, 509.0121465921402)
0.02204485423862934, (60.47350764274597, 441.837589263916)
0.021933982148766518, (60.038816928863525, 449.9074935913086)
0.021888600662350655, (37.85994052886963, 455.1382908821106)
0.021837640553712845, (263.23869228363037, 478.35156750679016)
0.02183467708528042, (25.9750634431839, 587.646861076355)
0.021833371371030807, (244.85013484954834, 534.7034910321236)
0.021831443533301353, (55.844610929489136, 491.08077239990234)
0.021749211475253105, (268.2262420654297, 456.37210416793823)
0.021746035665273666, (63.01169991493225, 462.45760267972946)
0.021702246740460396, (153.34241390228271, 677.3124647140503)
0.021663719788193703, (257.74199962615967, 471.4668012857437)
0.021570594981312752, (78.99893522262573, 514.932901263237)
0.021499769762158394, (55.92584013938904, 455.4006888270378)
0.021365925669670105, (365.0456190109253, 687.3860247135162)
0.021346164867281914, (137.76334524154663, 706.5648807287216)
0.021316079422831535, (375.6516695022583, 693.3953211307526)
0.021262140944600105, (131.30507469177246, 687.6837710142136)
0.021248696371912956, (382.7944755554199, 701.9443076848984)
0.021238021552562714, (12.028390169143677, 317.5074174106121)
0.021229714155197144, (353.0027389526367, 697.6206456422806)
0.02120697684586048, (265.02599716186523, 513.8580606579781)
0.02119355835020542, (135.95110177993774, 574.2522262334824)
0.021173670887947083, (217.37759113311768, 382.1676283478737)
0.021129688248038292, (35.79123616218567, 455.85501581430435)
0.021067121997475624, (79.71855401992798, 517.9443078041077)
0.021005019545555115, (236.23242378234863, 532.9797366261482)
0.02097914181649685, (386.2381935119629, 706.9346905946732)
0.020951498299837112, (82.77803659439087, 578.8274273276329)
0.020951461046934128, (20.761960744857788, 505.2386431694031)
0.02092757262289524, (73.81097078323364, 464.2465104460716)
0.020916679874062538, (68.15608143806458, 447.4765822291374)
0.02080933190882206, (252.40414142608643, 526.4148901104927)
0.020739244297146797, (261.62383556365967, 522.3367301821709)
0.020719990134239197, (71.40320539474487, 464.4551454782486)
0.020699653774499893, (234.297776222229, 462.3658336400986)
0.020629258826375008, (258.819055557251, 509.8131608366966)
0.02062811702489853, (252.86705493927002, 486.16621190309525)
0.02062324248254299, (76.25793814659119, 461.0711953639984)
0.020617494359612465, (33.284902572631836, 450.69802862405777)
0.0206076018512249, (144.16251182556152, 560.277134180069)
0.020596763119101524, (151.9611954689026, 495.694055557251)
0.020558634772896767, (274.1769075393677, 488.22533905506134)
0.020511625334620476, (351.7163038253784, 662.0028678178787)
0.020473910495638847, (45.49630582332611, 458.2653104662895)
0.02046140469610691, (103.90162467956543, 454.14151281118393)
0.020405417308211327, (270.69430351257324, 480.51009529829025)
0.020400337874889374, (373.1323719024658, 695.9590071439743)
0.02037426456809044, (55.923765897750854, 450.7004965543747)
0.020320579409599304, (115.27117490768433, 643.8993459939957)
0.020285552367568016, (139.94359970092773, 703.4500489234924)
0.020264150574803352, (254.95736598968506, 519.928447842598)
0.020189011469483376, (42.269790172576904, 520.4677475690842)
0.020184295251965523, (255.56342601776123, 522.7224107384682)
0.02017178013920784, (135.40118932724, 569.8490208983421)
0.0201175045222044, (19.381922483444214, 592.595972597599)
0.02009323425590992, (235.89801788330078, 637.7362025976181)
0.02005304954946041, (121.73049449920654, 545.0127193927765)
0.02005091868340969, (217.42544174194336, 385.73006677627563)
0.019981449469923973, (237.353253364563, 535.2173141241074)
0.01992017962038517, (62.902212142944336, 469.2954022884369)
0.019900845363736153, (105.77048063278198, 582.2205277681351)
0.0198935829102993, (12.668225169181824, 591.6889892220497)
0.019857939332723618, (363.88607025146484, 700.1258606910706)
0.019820529967546463, (237.63086795806885, 473.7735567688942)
0.01979357935488224, (391.14999771118164, 701.8419455289841)
0.019782237708568573, (107.45292901992798, 659.2179033756256)
0.019734416157007217, (278.1224727630615, 480.37864953279495)
0.019703036174178123, (255.86683750152588, 527.558225274086)
0.019611841067671776, (63.67189288139343, 466.556151509285)
0.019582999870181084, (131.96792602539062, 582.2333610057831)
0.01952477917075157, (129.47826385498047, 578.2413508296013)
0.01950323022902012, (242.96164512634277, 520.7126801609993)
0.019492290914058685, (253.59594821929932, 499.1674206852913)
0.019441233947873116, (69.99292373657227, 471.7733182311058)
0.019345412030816078, (72.1176266670227, 452.1628781557083)
0.019336650148034096, (132.78898000717163, 700.9906994104385)
0.019331438466906548, (41.445332765579224, 448.49443262815475)
0.019328005611896515, (109.76512432098389, 600.9123282432556)
0.01931394264101982, (141.42208099365234, 705.7070281505585)
0.019262874498963356, (222.4360704421997, 900.2485076189041)
0.01919160597026348, (125.51499605178833, 640.5303553342819)
0.019177528098225594, (186.74347400665283, 496.59488809108734)
0.01916305534541607, (132.6655626296997, 611.5974793434143)
0.019077511504292488, (243.7293291091919, 531.3246286511421)
0.019063226878643036, (221.71437740325928, 459.25905108451843)
0.019003015011548996, (138.1840467453003, 523.994837641716)
0.018987268209457397, (255.51812648773193, 502.0869063138962)
0.0189803633838892, (141.64268970489502, 698.8028981685638)
0.01897570677101612, (41.74172878265381, 530.5600638389587)
0.018928969278931618, (226.2373447418213, 372.8055916428566)
0.018920836970210075, (364.3635034561157, 699.1579004526138)
0.01887037605047226, (155.1480531692505, 484.35197937488556)
0.018856896087527275, (122.16670513153076, 682.2611585855484)
0.01884572021663189, (73.77212643623352, 469.3885761499405)
0.018830470740795135, (375.2357006072998, 681.310359954834)
0.018796594813466072, (120.53831815719604, 581.7978662252426)
0.01875867135822773, (241.7776584625244, 534.9630793333054)
0.018705297261476517, (259.20729637145996, 541.8582108616829)
0.018671371042728424, (223.82869720458984, 457.6780189871788)
0.018667645752429962, (104.96444702148438, 639.1742086410522)
0.018636517226696014, (46.30073010921478, 698.0537104606628)
0.018582062795758247, (49.146634340286255, 525.9362635016441)
0.018578654155135155, (96.94874882698059, 683.2009464502335)
0.0185434240847826, (26.389995217323303, 583.2910779714584)
0.018513372167944908, (56.70164227485657, 542.4001303911209)
0.01847829669713974, (111.57364845275879, 615.6681595444679)
0.018470674753189087, (242.44632720947266, 533.2888354063034)
0.018451018258929253, (220.95105648040771, 461.2435328364372)
0.018396081402897835, (244.37780380249023, 501.66375118494034)
0.018381426110863686, (50.00351667404175, 695.9669804573059)
0.01835760474205017, (265.66970348358154, 499.15694147348404)
0.01833208277821541, (115.66660404205322, 652.6309593915939)
0.018328942358493805, (240.61496257781982, 484.23002564907074)
0.0183212012052536, (31.943726539611816, 589.2075422406197)
0.01828150264918804, (237.3870611190796, 535.8935270309448)
0.018263185396790504, (39.866748452186584, 468.46112793684006)
0.018237492069602013, (84.94436144828796, 473.94407176971436)
0.018195126205682755, (130.88347911834717, 692.7538111209869)
0.018181489780545235, (380.5994987487793, 885.4953720569611)
0.018147006630897522, (46.7204749584198, 467.5480316877365)
0.01809433288872242, (317.77119636535645, 660.0440145730972)
0.018081001937389374, (226.13606452941895, 470.51554703712463)
0.018059469759464264, (266.8787717819214, 508.4013148546219)
0.018052520230412483, (295.3580856323242, 495.76672661304474)
0.01804608851671219, (58.47632884979248, 467.0814789533615)
0.018038282170891762, (231.5481424331665, 517.4968530535698)
0.018036851659417152, (223.73065948486328, 902.4294745922089)
0.018003100529313087, (78.2119870185852, 454.62469559907913)
0.017991358414292336, (218.373703956604, 459.7539660334587)
0.01796160824596882, (367.405104637146, 700.3653638362885)
0.0179443322122097, (157.0356249809265, 497.71137976646423)
0.01789720170199871, (132.36782550811768, 676.2520899772644)
0.017877934500575066, (116.53733253479004, 685.60258436203)
0.017875555902719498, (219.4636583328247, 383.1107574105263)
0.017832428216934204, (59.68441963195801, 478.44159001111984)
0.017792435362935066, (265.47560691833496, 487.4960466623306)
0.017790861427783966, (46.981099247932434, 482.84787076711655)
0.017762893810868263, (89.36339616775513, 501.6501965522766)
0.017751315608620644, (19.64903175830841, 591.5535188317299)
0.01773579977452755, (119.23387050628662, 663.104020357132)
0.01773129776120186, (92.13553667068481, 516.7347182035446)
0.01771107129752636, (219.5192575454712, 458.13929414749146)
0.017688006162643433, (370.7444190979004, 693.0873993635178)
0.01768103986978531, (161.27434968948364, 430.4392442703247)
0.017679963260889053, (299.22003746032715, 509.8793013691902)
0.01767500303685665, (82.73661732673645, 471.2854653596878)
0.017672330141067505, (99.40041899681091, 458.68744045495987)
0.01760707050561905, (86.49339079856873, 546.3765736222267)
0.017532769590616226, (22.91245460510254, 461.4982612133026)
0.017523417249321938, (12.557090818881989, 591.6279364228249)
0.017454607412219048, (146.37856483459473, 475.80838429927826)
0.017451543360948563, (282.6021909713745, 483.84297823905945)
0.0174427293241024, (234.28151607513428, 461.2816148996353)
0.017314905300736427, (242.98598766326904, 535.1367077231407)
0.017261961475014687, (361.82312965393066, 708.2369984388351)
0.017235709354281425, (43.41566860675812, 524.3171113729477)
0.017235636711120605, (363.40954303741455, 700.3458482027054)
0.017203712835907936, (107.4791669845581, 550.8194177150726)
0.01719062402844429, (390.64130783081055, 701.5937856435776)
0.017160600051283836, (232.36725330352783, 637.5231252908707)
0.017154080793261528, (245.85392475128174, 505.8169361948967)
0.01710393652319908, (332.23516941070557, 691.2773053646088)
0.017079103738069534, (117.80644655227661, 675.1197276115417)
0.017075493931770325, (267.3100233078003, 480.5020460486412)
0.016981258988380432, (246.97856903076172, 473.5215620994568)
0.01695224456489086, (272.57351875305176, 487.29713147878647)
0.016920242458581924, (397.2270965576172, 702.1047611236572)
0.01691247895359993, (68.70039701461792, 478.6685256958008)
0.016888631507754326, (64.78657722473145, 488.4506041407585)
0.01686832122504711, (229.28271293640137, 902.7428637742996)
0.01686032861471176, (49.78370666503906, 524.5962532758713)
0.016855917870998383, (67.68215298652649, 464.524589240551)
0.016833506524562836, (266.28222465515137, 465.32791954278946)
0.016799353063106537, (28.343749046325684, 519.1994212269783)
0.016737952828407288, (259.0935945510864, 514.5978702306747)
