0.45224180817604065, (458.7211674451828, 687.0586204528809)
0.21746324002742767, (452.1942675113678, 697.2987603545189)
0.17237800359725952, (454.26093369722366, 692.2001824378967)
0.17077547311782837, (434.75237399339676, 729.5701819062233)
0.12477850168943405, (450.69393515586853, 699.6886268854141)
0.12081799656152725, (430.3356286883354, 694.3782272934914)
0.1097993478178978, (462.40731447935104, 707.0783907175064)
0.10425285995006561, (454.02577817440033, 730.5314836502075)
0.09883774071931839, (462.50329941511154, 716.4621862769127)
0.0983489379286766, (461.8739092350006, 706.9438768029213)
0.09443812072277069, (456.5244522690773, 689.669843018055)
0.0869518592953682, (429.6538555622101, 752.5957382917404)
0.08382408320903778, (443.29851537942886, 720.4885460734367)
0.08318592607975006, (453.0885624885559, 684.5402784347534)
0.08194559067487717, (437.9614728689194, 742.2122651934624)
0.08154527097940445, (465.7572492957115, 726.4378271698952)
0.07703764736652374, (451.340092420578, 695.6666370034218)
0.07270621508359909, (460.0803989171982, 746.8295168876648)
0.07096131891012192, (455.01219749450684, 707.1009553670883)
0.07040467858314514, (459.32167887687683, 695.3906173110008)
0.06344769895076752, (437.3620590567589, 704.6380715370178)
0.061278335750103, (458.9553388953209, 689.3931082487106)
0.06085296720266342, (469.50887501239777, 704.3398844599724)
0.05955779552459717, (453.9735087752342, 694.5118672251701)
0.057777728885412216, (449.168281853199, 690.4206737875938)
0.05640726536512375, (458.7903931736946, 688.310163974762)
0.05582244321703911, (429.27865892648697, 676.4055633544922)
0.048364244401454926, (429.8914334177971, 805.8228068947792)
0.04765677452087402, (399.9538606405258, 729.8729772567749)
0.04697425290942192, (447.8121539950371, 692.6735633611679)
0.045706797391176224, (439.99449133872986, 696.0065369009972)
0.04508001357316971, (467.617903649807, 747.9181817770004)
0.044139984995126724, (434.4612020254135, 769.5829467773438)
0.042695097625255585, (427.51402735710144, 735.5505291223526)
0.04258329048752785, (477.34368324279785, 697.0586534142494)
0.04102595895528793, (465.4572206735611, 714.9590945839882)
0.03819834440946579, (457.85813570022583, 760.8658412694931)
0.03603801131248474, (447.13726937770844, 694.2489572763443)
0.0349646620452404, (414.0459707379341, 747.3735315203667)
0.03490680456161499, (565.9279382228851, 1084.1235152482986)
0.03459331765770912, (448.8919845223427, 698.3922718763351)
0.034586101770401, (457.1700417995453, 781.1718806624413)
0.03427287936210632, (475.1281949877739, 660.0140933990479)
0.03290838748216629, (409.00861620903015, 773.5354152917862)
0.03285942226648331, (451.03593826293945, 685.9867201447487)
0.032689422369003296, (576.697781085968, 1084.8208741545677)
0.031914446502923965, (449.3486699461937, 679.6364398002625)
0.030765468254685402, (391.5113118290901, 779.184681892395)
0.030497541651129723, (567.6025649905205, 1084.8193645477295)
0.030488673597574234, (500.89700877666473, 716.9745786190033)
0.02995319664478302, (463.40190917253494, 694.9974044561386)
0.02994924783706665, (455.21260768175125, 750.6442933678627)
0.029512209817767143, (499.916607439518, 709.6007053852081)
0.028593646362423897, (532.3872211575508, 720.9993493556976)
0.028397733345627785, (462.28597074747086, 760.5194262266159)
0.028353655710816383, (566.8055039644241, 1088.8004361391068)
0.027898108586668968, (434.375284910202, 693.2845568656921)
0.027078434824943542, (470.20249485969543, 697.8892549872398)
0.027014803141355515, (499.7930306196213, 740.4837653636932)
0.026491358876228333, (509.4614690542221, 680.6253911852837)
0.026299770921468735, (467.6018178462982, 817.4648948311806)
0.0262824185192585, (576.5451741218567, 1084.6313787698746)
0.02620355784893036, (611.082416176796, 181.91209323704243)
0.025961169973015785, (577.9398700594902, 1081.6459326148033)
0.025830551981925964, (452.4075463414192, 691.9827196002007)
0.025761110708117485, (466.52225226163864, 691.4250390529633)
0.02572857216000557, (573.8283008337021, 1087.3693288564682)
0.0255067627876997, (402.64810025691986, 795.5376171469688)
0.025362670421600342, (475.8194303512573, 697.3999834656715)
0.025228602811694145, (610.3773280978203, 191.18854780495167)
0.02518649585545063, (453.3326882123947, 738.5007776021957)
0.02459097094833851, (439.20587062835693, 724.5412048101425)
0.02450140193104744, (462.59054124355316, 694.2410914301872)
0.02371061034500599, (441.79799377918243, 803.7702183127403)
0.023663517087697983, (433.56755048036575, 831.268580853939)
0.023587666451931, (479.55035269260406, 788.763455092907)
0.023574987426400185, (479.3469524383545, 782.4433668851852)
0.023498477414250374, (473.51624608039856, 756.3647498488426)
0.02300112508237362, (520.5182826519012, 777.7772516012192)
0.02296212688088417, (452.8581002354622, 722.8933497667313)
0.02293473109602928, (615.2798268198967, 783.175844013691)
0.022745361551642418, (399.53801423311234, 826.2811576724052)
0.022423189133405685, (466.3013279438019, 687.5710127949715)
0.022196881473064423, (397.1217751502991, 823.1809813976288)
0.021474970504641533, (579.1848734021187, 1088.255309164524)
0.021460598334670067, (491.6232591867447, 779.904605448246)
0.021429644897580147, (456.34213387966156, 683.7989025712013)
0.021310968324542046, (615.4090052843094, 708.365846991539)
0.021234529092907906, (455.2982598543167, 682.4745801091194)
0.02114768512547016, (522.2364735603333, 637.083801150322)
0.021021133288741112, (442.5620883703232, 744.5540626645088)
0.02097088098526001, (442.7331656217575, 686.5769764184952)
0.020951589569449425, (467.54095673561096, 698.6771903038025)
0.020766057074069977, (576.3227358460426, 1089.0171838998795)
0.020629603415727615, (416.73691749572754, 810.4902728796005)
0.02034483291208744, (465.91125667095184, 787.7335059642792)
0.020256968215107918, (614.983620941639, 712.8987990617752)
0.020070480182766914, (464.4552454352379, 678.083133816719)
0.02001548372209072, (614.204803109169, 185.28133706748486)
0.019942913204431534, (397.85305470228195, 832.5701003074646)
0.019870122894644737, (600.9300789237022, 193.39175939559937)
0.019850293174386024, (461.9220530986786, 698.2668950557709)
0.019506318494677544, (469.81060683727264, 692.5353946089745)
0.019482113420963287, (614.3756154179573, 175.52941593527794)
0.01942664012312889, (437.4897614121437, 675.5484244823456)
0.01933552697300911, (467.9523369669914, 695.0910795331001)
0.019270634278655052, (466.24902069568634, 698.9386700987816)
0.01884252391755581, (430.27711421251297, 814.773265838623)
0.018813280388712883, (530.1410374045372, 687.7813248634338)
0.018803192302584648, (386.138237118721, 838.0266139507294)
0.018703708425164223, (579.1287434101105, 1085.2105910778046)
0.018693869933485985, (459.58196610212326, 686.6178947091103)
0.018617507070302963, (483.0084219574928, 702.3936834335327)
0.01856095716357231, (376.51358991861343, 773.5150753259659)
0.018456118181347847, (573.7922686338425, 1086.9668994545937)
0.01842954382300377, (457.31753915548325, 677.5354643464088)
0.01826290972530842, (455.22373527288437, 687.7879989147186)
0.018251970410346985, (428.924657702446, 971.1868084669113)
0.018244240432977676, (431.84050291776657, 791.9870218634605)
0.018226757645606995, (446.1362025141716, 708.633365213871)
0.018189268186688423, (437.39195972681046, 849.543404519558)
0.018159672617912292, (446.9475704431534, 820.8694555163383)
0.018114490434527397, (405.1151704788208, 787.5376543402672)
0.018114032223820686, (384.04961854219437, 793.143062889576)
0.01795290596783161, (574.2895659804344, 1087.1854746341705)
0.017935646697878838, (462.58656710386276, 695.8817957043648)
0.01788056269288063, (463.1005936861038, 722.5988175272942)
0.017849808558821678, (383.9114698767662, 693.5578751564026)
0.01784593053162098, (499.2645835876465, 790.3239912986755)
0.01782386377453804, (438.5091093182564, 763.582736313343)
0.017759399488568306, (570.1246297359467, 1086.3109355568886)
0.017740745097398758, (330.5216282606125, 762.0788500905037)
0.017717842012643814, (611.3782814145088, 177.62921945750713)
0.017700454220175743, (464.20593440532684, 708.4382286667824)
0.017628906294703484, (448.94781172275543, 778.8445436358452)
0.017563827335834503, (388.11811566352844, 842.5312807559967)
0.0175322275608778, (405.7425546646118, 809.6622932553291)
0.01752193085849285, (444.481597840786, 737.0335986614227)
0.01750107668340206, (456.8565011024475, 689.2401612401009)
0.01748512126505375, (508.874431848526, 666.0269368886948)
0.01748109795153141, (548.5994780063629, 1085.7175011634827)
0.017430638894438744, (453.42030853033066, 683.3986184000969)
0.01742621324956417, (596.8456852436066, 718.7099908590317)
0.017364254221320152, (509.67864632606506, 699.3767738938332)
0.017325064167380333, (592.3994934558868, 1066.346941292286)
0.017316332086920738, (336.2976807355881, 766.4850746393204)
0.017306160181760788, (441.72566443681717, 717.8163036108017)
0.01729576662182808, (587.0113927125931, 1081.5558329224586)
0.017282553017139435, (449.49790835380554, 834.6702812314034)
0.017206527292728424, (388.93326848745346, 846.1951760053635)
0.017180701717734337, (437.0351576805115, 779.4599070549011)
0.01706847734749317, (478.7884533405304, 725.0305557847023)
0.01705119013786316, (467.15921223163605, 742.851623415947)
0.017026128247380257, (445.2554953098297, 712.31823605299)
0.017016315832734108, (467.7096873521805, 684.8399751186371)
0.016999032348394394, (461.0357064008713, 702.5926337242126)
0.01698865368962288, (469.33393716812134, 757.0002148747444)
0.016979172825813293, (457.07761466503143, 682.8808232545853)
0.016976045444607735, (393.01277965307236, 841.6171740889549)
0.016897747293114662, (461.44485354423523, 694.8284079432487)
0.016867751255631447, (455.8771973848343, 711.9494152665138)
0.01680760271847248, (613.8084489107132, 758.7094076275826)
0.01671662926673889, (480.3164154291153, 667.8853423595428)
0.016684483736753464, (441.85927122831345, 683.7664857506752)
0.01668422669172287, (449.55543875694275, 686.1623907089233)
0.016665929928421974, (416.45081728696823, 823.9565220475197)
0.016589287668466568, (424.52698826789856, 742.0566167831421)
0.01657148264348507, (461.032792031765, 820.0928819775581)
0.01656407117843628, (523.5646310448647, 639.7721725702286)
0.016490789130330086, (607.6209405064583, 786.2016522884369)
0.016490016132593155, (408.72603595256805, 781.4432126283646)
0.01648479700088501, (465.73412358760834, 694.1660878062248)
0.01641983538866043, (584.1408148407936, 783.5543580651283)
0.01640603505074978, (573.2537916302681, 1080.2504202723503)
0.01639474928379059, (462.3781707882881, 701.9841032624245)
0.016385002061724663, (544.5773836970329, 1075.5164521336555)
0.016359269618988037, (449.9166691303253, 795.9373451471329)
0.016336319968104362, (526.2827911973, 778.5904529690742)
0.01632498949766159, (459.2205086350441, 709.5600254535675)
0.016316324472427368, (455.2649527788162, 698.4006938934326)
0.016255363821983337, (614.2745965719223, 179.3459602445364)
0.016247984021902084, (358.1482198834419, 872.4236413836479)
0.0162380188703537, (449.2371669411659, 787.7196811437607)
0.016171511262655258, (458.2734900712967, 699.3344254493713)
0.016162924468517303, (614.89687114954, 787.1339536905289)
0.016161181032657623, (607.0483615994453, 634.8720682263374)
0.016157550737261772, (614.1752052307129, 179.4917366206646)
0.016147593036293983, (418.51078420877457, 784.6490613818169)
0.016131464391946793, (614.7727644443512, 1047.9974318146706)
0.01609901338815689, (623.0298155546188, 591.0734080374241)
0.0160322617739439, (475.3108161687851, 698.9082396030426)
0.01602928340435028, (623.7538281083107, 816.5976654291153)
0.015950318425893784, (445.66615641117096, 674.68866366148)
0.015909310430288315, (451.70412361621857, 683.5163677334785)
0.015907198190689087, (461.9020688533783, 693.6216759085655)
0.015854651108384132, (402.5174456834793, 838.9133093357086)
0.015849698334932327, (615.0171172618866, 1041.9064065814018)
0.015840187668800354, (468.2732203602791, 694.1821373105049)
0.015811549499630928, (451.54125958681107, 712.6110203266144)
0.01578533835709095, (474.96366560459137, 696.0037560462952)
0.015750255435705185, (464.4306814670563, 698.0480020642281)
0.01573125459253788, (325.62579095363617, 763.7416422963142)
0.015717217698693275, (393.76275658607483, 834.8449189066887)
0.01564987748861313, (454.6430566906929, 717.4272223114967)
0.015616760589182377, (615.1369470357895, 1059.2459096312523)
0.015589113347232342, (450.5849301815033, 711.7499088048935)
0.01555574219673872, (390.8835870027542, 840.3133504986763)
0.015529680997133255, (612.5620451569557, 649.0523614287376)
0.015519325621426105, (607.7501568198204, 634.3556635081768)
0.015507599338889122, (411.09776467084885, 659.0096089541912)
0.01549466047435999, (431.745123565197, 667.7583764791489)
0.015493440441787243, (402.6356101036072, 731.6796588301659)
0.015467175282537937, (446.34985983371735, 785.3145596385002)
0.015437629073858261, (615.6069931387901, 576.780649125576)
0.015369822271168232, (507.86197245121, 748.9686297774315)
0.015339276753365993, (446.648071706295, 681.8237012028694)
0.01533698569983244, (438.76300007104874, 647.1074316501617)
0.015334481373429298, (323.4337690472603, 763.2539598345757)
0.015324410982429981, (451.5081796050072, 711.9893006682396)
0.015324124135077, (615.2651035785675, 715.2168400883675)
0.015312859788537025, (455.3464415669441, 686.8049270510674)
0.015276807360351086, (446.566658616066, 688.4349051713943)
0.01526521984487772, (431.27715915441513, 753.1921918988228)
0.015231238678097725, (459.5204237103462, 794.7682738304138)
0.015182273462414742, (451.09543681144714, 685.8579268455505)
0.015158203430473804, (460.64798176288605, 687.5901609659195)
0.015099935233592987, (453.88914346694946, 691.1459206938744)
0.015099069103598595, (487.9394966363907, 768.1130664348602)
0.015068698674440384, (500.64077138900757, 762.1471002101898)
0.015063909813761711, (475.1520398259163, 682.8583380579948)
0.015028943307697773, (450.0320327281952, 686.0355837345123)
0.015022089704871178, (457.45572566986084, 695.2739008665085)
0.015014635398983955, (505.6390658020973, 746.8276894688606)
0.01500432938337326, (455.98938167095184, 713.8280017971992)
0.015000572428107262, (489.7686606645584, 725.4089109301567)
0.01499155629426241, (446.1655354499817, 833.152331829071)
0.014981414191424847, (457.184462249279, 704.8281230926514)
0.01497628539800644, (398.47093880176544, 829.0663028359413)
0.014925757423043251, (482.80468106269836, 698.6324582695961)
0.01489169616252184, (612.9830768704414, 773.7264202833176)
0.014886154793202877, (442.7492892742157, 662.4080914855003)
0.014882499352097511, (496.3956332206726, 960.0015752315521)
0.014882191084325314, (477.3791855573654, 707.7221983075142)
0.01487977895885706, (451.5408432483673, 694.6923844218254)
0.014874190092086792, (614.413312971592, 815.7725461125374)
0.014862791635096073, (510.8957928419113, 707.7566014528275)
0.0148434704169631, (440.89904338121414, 671.9544478654861)
0.014823533594608307, (440.15046685934067, 674.9526064991951)
0.01481206901371479, (459.7846472263336, 687.3958984017372)
0.014791347086429596, (453.8716572523117, 666.0595126152039)
0.014775851741433144, (578.9553952217102, 1078.2905533313751)
0.014764486812055111, (473.1203082203865, 710.806722342968)
0.01475479919463396, (614.4849610328674, 635.009283542633)
0.01474559772759676, (608.3343553543091, 190.2028937190771)
0.01472802460193634, (386.69329196214676, 819.7003841996193)
0.014706059359014034, (390.0796374678612, 826.5810927152634)
0.014664619229733944, (449.5954829454422, 689.4345827102661)
0.014641528017818928, (454.85928773880005, 656.8298558592796)
0.01456114836037159, (528.5475587844849, 737.3550654649734)
0.01454599853605032, (454.11900013685226, 700.2574308514595)
0.01452868152409792, (598.8704904913902, 206.00752387940884)
0.014518083073198795, (608.5542577505112, 193.21535389125347)
0.014516712166368961, (455.92708230018616, 675.0846573710442)
0.014484820887446404, (473.799204826355, 638.5118097662926)
0.014483493752777576, (447.53540247678757, 666.1823469400406)
0.014458604156970978, (488.7504482269287, 1044.7456592321396)
0.014443615451455116, (494.3296483159065, 957.6710600852966)
0.014429891481995583, (400.1208880543709, 547.3268292844296)
0.014428040944039822, (614.4643333554268, 1081.7949069738388)
0.014389746822416782, (608.0928412079811, 1032.7883812785149)
0.014380085282027721, (419.52441692352295, 756.7329350113869)
0.01437947154045105, (381.87777012586594, 839.358246088028)
0.014376374892890453, (491.37103378772736, 698.1636856198311)
0.01436932384967804, (570.5135276913643, 1085.6957310438156)
0.014336059801280499, (579.5909547805786, 1082.645610153675)
0.014332953840494156, (567.7750426530838, 1084.8613951802254)
0.014312348328530788, (451.78023785352707, 693.2253643870354)
0.014281940646469593, (472.73091822862625, 695.9776160120964)
0.014261574484407902, (431.45875841379166, 715.6896648406982)
0.01424477156251669, (449.33807224035263, 715.6433437466621)
0.014233767054975033, (463.8835749030113, 687.2159373760223)
0.014205887913703918, (423.6471137404442, 768.2356624007225)
0.01420315820723772, (418.58383268117905, 810.2636729478836)
0.014200294390320778, (450.80971509218216, 707.378564119339)
0.014180628582835197, (412.602903842926, 778.8803769350052)
0.014161444269120693, (615.0629901885986, 708.341137111187)
0.01415722444653511, (462.6903110742569, 693.3829991221428)
0.01415007933974266, (608.2063502073288, 705.3512415885925)
0.014136607758700848, (390.8785530924797, 760.6587073206902)
0.014120972715318203, (503.5212278366089, 702.4338071942329)
0.014108723029494286, (473.63327503204346, 699.0613455176353)
0.014097890816628933, (449.9821478128433, 676.0287972688675)
0.01409109216183424, (432.0237675309181, 967.702318072319)
0.014075196348130703, (447.2155410051346, 647.7366198897362)
0.014066530391573906, (598.8195836544037, 624.6843275725842)
0.014050549827516079, (497.3322054743767, 961.9248143434525)
0.01400369219481945, (608.8664358854294, 178.60329326987267)
0.01399080641567707, (390.29742032289505, 839.5533826351166)
0.013941826298832893, (455.74620217084885, 675.6917576789856)
0.013930883258581161, (390.1742598414421, 866.3593918085098)
