0.07130330801010132, (273.18835258483887, 780.6911956071854)
0.06813929975032806, (273.96233081817627, 780.8568661808968)
0.06076452508568764, (272.94228076934814, 781.5187557935715)
0.060213807970285416, (273.55191707611084, 780.0868114829063)
0.05933687090873718, (273.26953411102295, 781.5581737160683)
0.05427611991763115, (274.3149518966675, 781.2202028632164)
0.052475593984127045, (272.9388236999512, 780.9465113282204)
0.05130668729543686, (275.19729137420654, 780.2054976224899)
0.04783386364579201, (275.296950340271, 780.2776317000389)
0.04712776467204094, (271.3176965713501, 782.137264072895)
0.04281353950500488, (274.61018562316895, 780.7895602583885)
0.03948833420872688, (273.052716255188, 777.0470194816589)
0.03908125311136246, (268.0670976638794, 784.0106602907181)
0.038169555366039276, (71.99704647064209, 813.7749390006065)
0.03647155687212944, (272.45168685913086, 781.6148144602776)
0.0354350209236145, (276.0026693344116, 779.7874658703804)
0.03465586155653, (277.05867290496826, 780.1330032348633)
0.03254857286810875, (272.81110286712646, 784.959500849247)
0.03143620491027832, (274.31838512420654, 774.2582915425301)
0.031249918043613434, (273.3844757080078, 782.5991095304489)
0.03063127025961876, (276.6724109649658, 781.0133848786354)
0.030291428789496422, (303.2151937484741, 545.5482629835606)
0.029851267114281654, (69.42577362060547, 815.535197854042)
0.029336947947740555, (313.3744955062866, 553.6228478550911)
0.027858730405569077, (274.57737922668457, 779.2926880717278)
0.026480337604880333, (64.68377709388733, 811.7417092323303)
0.02508234791457653, (272.45612144470215, 784.1618463993073)
0.024495745077729225, (70.40092945098877, 814.1937634348869)
0.024141041561961174, (310.81652641296387, 556.2810714840889)
0.0241361316293478, (269.41211223602295, 780.2010297775269)
0.023554731160402298, (80.03833293914795, 820.454799592495)
0.02346186898648739, (475.28061866760254, 631.075606584549)
0.023336399346590042, (306.3204765319824, 549.0770678222179)
0.023174390196800232, (271.36805057525635, 784.0634096860886)
0.02295644022524357, (267.79472827911377, 782.0322697162628)
0.022939283400774002, (131.96768760681152, 453.04567658901215)
0.022903259843587875, (57.749468088150024, 816.6804794669151)
0.02287871576845646, (69.70939040184021, 820.4963073134422)
0.022823290899395943, (225.9735107421875, 369.8381173610687)
0.022482456639409065, (268.32306385040283, 784.7831650972366)
0.022188283503055573, (309.7220182418823, 558.3882368803024)
0.022166257724165916, (277.0122766494751, 782.3190044760704)
0.02182292751967907, (273.02258014678955, 780.2920441031456)
0.02177964709699154, (133.9745044708252, 452.6031077206135)
0.021582558751106262, (311.5504264831543, 558.5954151749611)
0.021524008363485336, (306.8220853805542, 553.9617915451527)
0.021430348977446556, (314.84227180480957, 551.8474559783936)
0.021394917741417885, (226.1986494064331, 371.52364790439606)
0.021303897723555565, (280.2786588668823, 785.9989233613014)
0.021290142089128494, (60.978543758392334, 814.6157585978508)
0.021225055679678917, (277.17554569244385, 784.0541857481003)
0.02121540531516075, (258.03511142730713, 781.0032241344452)
0.021125812083482742, (281.1692237854004, 782.0341433286667)
0.021052131429314613, (268.51580142974854, 784.954240322113)
0.020832054316997528, (449.0879535675049, 705.6792494058609)
0.020750297233462334, (483.3345413208008, 626.9483267068863)
0.020588049665093422, (468.2544231414795, 491.20622500777245)
0.020586198195815086, (267.3854351043701, 784.0618243217468)
0.02035325951874256, (276.2540102005005, 777.9535596370697)
0.02034195326268673, (264.81266021728516, 786.6523096561432)
0.02027398906648159, (489.86616134643555, 618.0788617730141)
0.02024001069366932, (291.89255237579346, 290.83550284802914)
0.020185621455311775, (69.26277279853821, 812.2061489224434)
0.020138632506132126, (461.34033203125, 477.9520386457443)
0.02007230743765831, (71.19900584220886, 815.2546604275703)
0.020050693303346634, (59.36164855957031, 813.3146068453789)
0.020025551319122314, (486.98158264160156, 623.3185629844666)
0.02000957913696766, (493.01061630249023, 612.5233127474785)
0.0199963990598917, (468.7216281890869, 757.5972653031349)
0.019738180562853813, (259.82396602630615, 791.9084410071373)
0.019680358469486237, (313.88230323791504, 562.0195499360561)
0.019679632037878036, (311.1182928085327, 549.6815600395203)
0.019459357485175133, (267.81697273254395, 779.5713518857956)
0.019371794536709785, (488.11020851135254, 619.9830284714699)
0.019356731325387955, (131.7772388458252, 452.37996768951416)
0.019348930567502975, (228.5658597946167, 370.3798435628414)
0.019288688898086548, (453.7311553955078, 648.9010108709335)
0.019259395077824593, (315.27838706970215, 560.2974118888378)
0.019120169803500175, (135.00304222106934, 452.2102256119251)
0.019111182540655136, (451.7930030822754, 600.1804946959019)
0.01905151456594467, (228.42674255371094, 370.9591501057148)
0.01888236403465271, (314.6465539932251, 550.9382134974003)
0.018741313368082047, (74.08279776573181, 815.0893501639366)
0.018604857847094536, (449.28855895996094, 705.0263675451279)
0.01849929429590702, (246.20075225830078, 933.9441869258881)
0.018357131630182266, (489.2321586608887, 658.0344389677048)
0.01825685054063797, (452.82559394836426, 707.0285385847092)
0.018166719004511833, (315.23962020874023, 552.5082646608353)
0.018133709207177162, (279.6755790710449, 789.1343416571617)
0.018066391348838806, (313.56568336486816, 563.1150366961956)
0.01802421547472477, (62.56881356239319, 812.0606557130814)
0.01793566159904003, (452.7883529663086, 706.7937605381012)
0.017766937613487244, (306.6398859024048, 552.320795327425)
0.017663003876805305, (485.4201316833496, 627.6889801025391)
0.017595145851373672, (487.23301887512207, 629.158180475235)
0.01753140613436699, (292.19651222229004, 296.520439222455)
0.01734768971800804, (360.98549365997314, 587.0645232796669)
0.017308220267295837, (491.558837890625, 656.9923501610756)
0.017251184210181236, (55.628758668899536, 811.0513551235199)
0.017191527411341667, (251.14459991455078, 887.9044137597084)
0.01709623634815216, (491.4158344268799, 667.3062261343002)
0.01709253527224064, (227.09224224090576, 368.63284412026405)
0.016942711547017097, (275.2657651901245, 778.7698781490326)
0.016906891018152237, (320.3413724899292, 557.1384653449059)
0.016846027225255966, (134.18972492218018, 454.44973289966583)
0.016842639073729515, (312.58740425109863, 568.0507082641125)
0.016817012801766396, (27.263730764389038, 211.94939459860325)
0.016748622059822083, (494.60787773132324, 663.9179422259331)
0.01667308248579502, (466.26601219177246, 480.23027926683426)
0.016640186309814453, (455.4150581359863, 603.2945826351643)
0.016603920608758926, (326.0118007659912, 565.2451538443565)
0.016585104167461395, (297.14908599853516, 548.7630936205387)
0.016582706943154335, (306.0976266860962, 558.7501683533192)
0.016571732237935066, (375.8503198623657, 661.5244744420052)
0.016561267897486687, (450.2518653869629, 709.9235579967499)
0.016517747193574905, (294.718074798584, 564.4353209137917)
0.01646292395889759, (471.85988426208496, 616.3449776172638)
0.016433818265795708, (473.0652332305908, 493.34873682260513)
0.016394132748246193, (353.9818286895752, 513.4528141021729)
0.01636662147939205, (198.5084056854248, 288.79456244409084)
0.01630253903567791, (307.0939779281616, 559.8999898731709)
0.01620154269039631, (470.16658782958984, 752.9399693012238)
0.016087258234620094, (492.7865505218506, 665.2177968621254)
0.01607680134475231, (480.1155090332031, 633.3446953296661)
0.016060756519436836, (480.69896697998047, 630.1198480725288)
0.016036324203014374, (263.9552593231201, 788.0451242923737)
0.01602840982377529, (491.5702819824219, 622.3844230771065)
0.01598571240901947, (318.7065362930298, 548.7153525352478)
0.015967870131134987, (457.86781311035156, 483.0759001672268)
0.01593271642923355, (461.79308891296387, 712.300163269043)
0.015904435887932777, (244.6998119354248, 929.9268016219139)
0.01584644801914692, (85.83496809005737, 502.77214246988297)
0.01581733115017414, (513.3976936340332, 589.5383402109146)
0.015812193974852562, (65.23038744926453, 815.53829652071)
0.015738772228360176, (534.3570709228516, 596.6816676557064)
0.01572132669389248, (462.76988983154297, 483.9367169737816)
0.01571848802268505, (534.4883918762207, 595.7114246785641)
0.01564820110797882, (448.4805107116699, 597.9791082143784)
0.015633217990398407, (454.56647872924805, 600.4013647735119)
0.015575763769447803, (239.35110569000244, 937.3494054079056)
0.015514329075813293, (324.3868350982666, 541.2286495864391)
0.015440471470355988, (303.3926010131836, 568.2003450393677)
0.015285984613001347, (448.94518852233887, 483.6512793302536)
0.015284929424524307, (305.85639476776123, 549.9935885667801)
0.015270446427166462, (317.9661989212036, 564.9302788674831)
0.015178518369793892, (293.7912940979004, 286.1885657608509)
0.01514586340636015, (447.87325859069824, 593.5959721505642)
0.015140644274652004, (402.19011306762695, 583.6963086426258)
0.015135006047785282, (136.04038953781128, 453.4890381395817)
0.015117468312382698, (490.0528907775879, 665.0604134202003)
0.01511325128376484, (311.02941036224365, 541.5833748579025)
0.015100592747330666, (405.79090118408203, 606.0799596905708)
0.015096099115908146, (292.00456142425537, 539.3161236941814)
0.015095453709363937, (459.75379943847656, 475.4443165361881)
0.015068466775119305, (205.3795576095581, 618.4789500832558)
0.015047214925289154, (83.46195816993713, 816.2027803659439)
0.015003214590251446, (348.25611114501953, 516.8768768012524)
0.014988734386861324, (461.8053913116455, 645.4916127920151)
0.014974772930145264, (479.2839050292969, 617.9339450597763)
0.01495634950697422, (271.5144634246826, 804.5878967642784)
0.014944873750209808, (480.55663108825684, 634.0316625237465)
0.014911005273461342, (493.62168312072754, 612.0833020806313)
0.014881841838359833, (210.48266887664795, 286.6688951253891)
0.014876529574394226, (474.92260932922363, 510.1488787829876)
0.014856376685202122, (324.48408603668213, 538.6865178644657)
0.014852810651063919, (296.27652168273926, 554.4747650027275)
0.014830764383077621, (225.7593870162964, 594.4925677478313)
0.014816509559750557, (477.3016929626465, 628.5408972501755)
0.014732944779098034, (476.6695499420166, 630.7361224293709)
0.014677184633910656, (284.60636138916016, 296.29119193553925)
0.014654123224318027, (449.37000274658203, 705.9639664292336)
0.014623953960835934, (455.86514472961426, 648.6418758630753)
0.01461902167648077, (454.1328430175781, 595.8808064460754)
0.014572270214557648, (489.09687995910645, 654.6940762996674)
0.014570084400475025, (475.29077529907227, 501.08315294981)
0.014535020105540752, (215.93327522277832, 283.34957456588745)
0.014526032842695713, (469.45481300354004, 716.8420879840851)
0.01450534537434578, (299.8974323272705, 541.1022167801857)
0.01449156180024147, (90.21753072738647, 505.930152207613)
0.014472635462880135, (88.9276385307312, 503.5776877105236)
0.01445641741156578, (82.41797685623169, 826.879560649395)
0.01441026572138071, (60.29837131500244, 817.7792810797691)
0.014409479685127735, (486.33532524108887, 626.4044026136398)
0.014409000054001808, (331.24279975891113, 532.7403566837311)
0.014319298788905144, (78.11998128890991, 812.9930661320686)
0.014315645210444927, (489.005184173584, 600.0116894245148)
0.014314769767224789, (195.72575092315674, 289.79080179333687)
0.014308965764939785, (312.8234624862671, 555.4004015922546)
0.014238184317946434, (311.5755558013916, 556.7486458718777)
0.014221844263374805, (139.78394269943237, 454.32636272907257)
0.014194747433066368, (204.0743350982666, 595.964434415102)
0.014114568009972572, (316.2201166152954, 675.096274137497)
0.014104342088103294, (307.5125217437744, 545.4202087819576)
0.01409363653510809, (446.8864917755127, 603.3549345731735)
0.014070320874452591, (348.4853267669678, 510.4729776978493)
0.014060638844966888, (58.79480242729187, 814.721689760685)
0.014039203524589539, (191.63408279418945, 289.10704135894775)
0.014032494276762009, (356.058144569397, 583.7695236504078)
0.014031992293894291, (535.3593349456787, 598.1287089586258)
0.014018922112882137, (293.2421684265137, 553.6200014054775)
0.014017928391695023, (470.84059715270996, 498.99944373965263)
0.014004114083945751, (57.08414316177368, 815.2309520244598)
0.01400089543312788, (505.7701110839844, 592.387852460146)
0.013921590521931648, (465.16551971435547, 757.1663344502449)
0.013917108997702599, (479.17633056640625, 501.6768718957901)
0.013908970169723034, (343.9794063568115, 525.7966770529747)
0.013900541700422764, (314.15953636169434, 542.886292129755)
0.013895655050873756, (459.99088287353516, 648.3542763590813)
0.013891635462641716, (318.9277410507202, 542.4885098040104)
0.013890910893678665, (480.3447723388672, 498.7799788713455)
0.013888194225728512, (27.588528394699097, 212.4524054825306)
0.013884113170206547, (52.54911184310913, 813.0974839925766)
0.013882938772439957, (320.0432538986206, 557.5322482287884)
0.013862168416380882, (488.9740467071533, 619.6345365643501)
0.013861756771802902, (485.5794429779053, 623.1959854960442)
0.013860479928553104, (537.3634338378906, 591.0768642425537)
0.01380739826709032, (289.60886001586914, 776.173555791378)
0.013799024745821953, (455.36184310913086, 605.8010076284409)
0.013792477548122406, (290.98658561706543, 307.8195290565491)
0.013781106099486351, (503.8320064544678, 555.0910753905773)
0.013772249221801758, (445.166015625, 597.1432248651981)
0.013771673664450645, (73.47232699394226, 610.746984064579)
0.013744859956204891, (314.1479015350342, 562.9584459364414)
0.013728509657084942, (68.01445484161377, 611.191822886467)
0.01371394470334053, (352.18894481658936, 518.9504973292351)
0.013684874400496483, (56.64195418357849, 615.5364418029785)
0.013588406145572662, (245.36516666412354, 581.5263772308826)
0.013580182567238808, (484.4259738922119, 643.2189930081367)
0.013570049777626991, (194.26238536834717, 289.9713531732559)
0.013550646603107452, (76.03387832641602, 813.1191025972366)
0.013541067950427532, (496.3311195373535, 670.1296159029007)
0.013485298492014408, (427.4204730987549, 699.0838454961777)
0.013470696285367012, (456.3251495361328, 648.10486972332)
0.013416125439107418, (309.9205255508423, 569.3121538460255)
0.013410092331469059, (288.96002769470215, 542.4713230133057)
0.013374620117247105, (485.1353168487549, 645.2135254740715)
0.013373074121773243, (447.5149154663086, 654.814924299717)
0.013344507664442062, (534.9746227264404, 600.3480028510094)
0.01331575307995081, (323.2381343841553, 525.9366214871407)
0.013315207324922085, (249.97437000274658, 887.0246806740761)
0.013304687105119228, (499.89962577819824, 603.0898904800415)
0.013225746341049671, (394.14591789245605, 604.6737415194511)
0.01322514284402132, (536.6519927978516, 597.1073740124702)
0.013217522762715816, (511.04912757873535, 561.6727514863014)
0.013206313364207745, (449.1188049316406, 487.8638446033001)
0.013178354129195213, (85.4798972606659, 502.36718997359276)
0.013171701692044735, (451.9289970397949, 652.5441781282425)
0.013141843490302563, (481.9977283477783, 640.2427597045898)
0.013108767569065094, (150.81074237823486, 615.1710153222084)
0.01309850625693798, (458.9027404785156, 469.4052313864231)
0.013031008653342724, (393.9082622528076, 384.477443754673)
0.013024908490478992, (137.969970703125, 453.5416434109211)
0.01301628164947033, (58.74024033546448, 822.1840717792511)
0.013007315807044506, (28.152456879615784, 461.3699563443661)
0.012977944687008858, (488.05480003356934, 613.813871383667)
0.01293821819126606, (449.79705810546875, 706.9411273598671)
0.01292878296226263, (417.18454360961914, 686.5908862352371)
0.012916271574795246, (450.71778297424316, 714.5832320451736)
0.012880560010671616, (440.1212215423584, 699.5441055893898)
0.012873227708041668, (460.09435653686523, 629.7627087235451)
0.012844301760196686, (193.16283464431763, 290.06443928182125)
0.012837719172239304, (336.81864738464355, 550.230996876955)
0.012825952842831612, (476.6862392425537, 637.3397414088249)
0.012820973061025143, (232.28886127471924, 371.06338781118393)
0.012792939320206642, (484.3123435974121, 617.817060470581)
0.01278962753713131, (312.9176139831543, 554.855432599783)
0.012788375839591026, (373.51512908935547, 660.7493754029274)
0.012770965695381165, (172.00863361358643, 619.2046866416931)
0.012743364088237286, (513.699197769165, 566.695113658905)
0.012722594663500786, (462.42518424987793, 651.2526106238365)
0.012715079821646214, (480.3004264831543, 640.6229588985443)
0.012699823826551437, (299.69308376312256, 561.1622641682625)
0.012671612203121185, (200.05114078521729, 625.5797249078751)
0.012654168531298637, (514.8838996887207, 572.8242763280869)
0.012648789212107658, (466.23311042785645, 561.0059976875782)
0.012647164054214954, (241.3027048110962, 929.3923897147179)
0.012638258747756481, (195.07161378860474, 630.670618057251)
0.012617705389857292, (218.20571422576904, 284.874749109149)
0.012572938576340675, (482.03277587890625, 652.6709352135658)
0.0125660365447402, (478.51080894470215, 638.1456109285355)
0.012546254321932793, (506.80294036865234, 567.4004566669464)
0.012505718506872654, (233.1845760345459, 608.2658888697624)
0.012501914985477924, (251.30152702331543, 940.1537708044052)
0.012481345795094967, (75.77106952667236, 816.1653081178665)
0.012460708618164062, (256.63132667541504, 925.8488842248917)
0.01245151087641716, (299.6809959411621, 543.6296838819981)
0.012450897134840488, (342.68155097961426, 499.81900504231453)
0.012437336146831512, (358.3848714828491, 590.5771141648293)
0.012357911095023155, (366.69018268585205, 586.492242783308)
0.012351924553513527, (536.7743968963623, 597.7816582918167)
0.012320807203650475, (216.95396900177002, 438.459928303957)
0.012241378426551819, (356.9959878921509, 586.1429221630096)
0.012238254770636559, (399.3993282318115, 606.0450816750526)
0.012224359437823296, (460.3503704071045, 550.9143970012665)
0.012192576192319393, (72.07503318786621, 819.6600996851921)
0.012188276275992393, (463.079833984375, 486.81314438581467)
0.012153728865087032, (461.7724418640137, 551.5379135906696)
0.012145991437137127, (469.2765712738037, 608.6803895831108)
0.012141838669776917, (52.12912559509277, 811.5271085500717)
0.012127570807933807, (171.88327312469482, 595.2300864458084)
