0.0860523134469986, (402.5199890136719, 710.9752019643784)
0.08062823116779327, (401.9617557525635, 709.3093472123146)
0.0675743892788887, (402.3857593536377, 709.4806839823723)
0.0644676610827446, (400.7627487182617, 712.4586215019226)
0.06177223473787308, (401.85508728027344, 712.9543520212173)
0.0575820617377758, (396.1620330810547, 701.5817106962204)
0.05440407618880272, (402.00719833374023, 704.5785083174706)
0.05371130630373955, (402.40392684936523, 711.9768184423447)
0.05286545306444168, (399.39966201782227, 705.3102802634239)
0.04670494422316551, (395.7855224609375, 713.3342379927635)
0.04116128012537956, (394.96312141418457, 698.352788746357)
0.038927625864744186, (415.8891201019287, 711.3077926039696)
0.037235360592603683, (411.6450786590576, 714.7493984699249)
0.03686923906207085, (407.1056842803955, 708.3714198470116)
0.03557521477341652, (397.82729148864746, 714.4200720787048)
0.03317522630095482, (225.90503692626953, 879.3190189599991)
0.033049385994672775, (377.6309013366699, 702.9404359459877)
0.03201008588075638, (392.70663261413574, 713.5709322690964)
0.03190934285521507, (413.1166458129883, 712.7954919338226)
0.03184087574481964, (230.94449043273926, 688.2043130993843)
0.03181031346321106, (408.68520736694336, 709.1549845337868)
0.03177546709775925, (225.91395378112793, 880.6911638975143)
0.031253136694431305, (396.40064239501953, 697.8211514949799)
0.0307411327958107, (400.3453731536865, 715.4982895851135)
0.03045394830405712, (392.3823118209839, 695.911130964756)
0.03040342964231968, (413.02032470703125, 716.0690252780914)
0.03024457022547722, (392.94912815093994, 692.2985510230064)
0.029535967856645584, (401.7374038696289, 702.759233891964)
0.02946736477315426, (405.5290222167969, 720.6682061553001)
0.029084011912345886, (418.36719512939453, 710.8801760673523)
0.028970640152692795, (387.64281272888184, 695.7680843472481)
0.028896009549498558, (407.26566314697266, 706.8475961685181)
0.027882812544703484, (383.0312252044678, 722.5631386041641)
0.02738000825047493, (404.3638229370117, 698.9483327269554)
0.027358781546354294, (391.3910388946533, 700.6452341079712)
0.027297789230942726, (406.8246364593506, 715.3305797576904)
0.027244044467806816, (391.27352237701416, 694.1657736301422)
0.027138900011777878, (244.43914890289307, 592.5418151021004)
0.027112282812595367, (414.76168632507324, 712.4007354974747)
0.02708224579691887, (412.73603439331055, 688.3913182616234)
0.02702248841524124, (399.1270065307617, 707.3563111424446)
0.02690400369465351, (388.3680820465088, 685.7020853757858)
0.026874039322137833, (568.5341835021973, 896.123804807663)
0.026860205456614494, (406.75501823425293, 705.7283216714859)
0.026757502928376198, (389.03422355651855, 697.5457940101624)
0.02643526718020439, (398.69136810302734, 698.6149441599846)
0.02610722929239273, (404.886531829834, 701.0736485719681)
0.025867603719234467, (325.2570629119873, 682.9682410955429)
0.02584974467754364, (399.0781545639038, 695.2223745584488)
0.02564055472612381, (406.69422149658203, 701.4179905056953)
0.02562943659722805, (389.38136100769043, 695.6609444618225)
0.02479395642876625, (432.2455406188965, 658.743020772934)
0.024756450206041336, (398.0952739715576, 696.2348718643188)
0.02474937029182911, (390.93332290649414, 697.4132655262947)
0.024620208889245987, (155.5511474609375, 775.663972556591)
0.024558529257774353, (399.2809295654297, 691.0448620319366)
0.024486977607011795, (325.6573677062988, 703.7389436364174)
0.02436153031885624, (408.9252471923828, 723.1761644482613)
0.024224454537034035, (398.55828285217285, 699.5636798143387)
0.0241269301623106, (445.83144187927246, 614.4239579439163)
0.023993905633687973, (389.0194892883301, 694.20182543993)
0.02389867790043354, (231.14347457885742, 683.6501788496971)
0.023678097873926163, (412.16320991516113, 702.540674328804)
0.023551909253001213, (383.88516902923584, 694.8326233029366)
0.023170005530118942, (401.5610694885254, 687.4599919319153)
0.02300987020134926, (636.2034320831299, 594.0549030303955)
0.022932399064302444, (401.24874114990234, 675.7463454604149)
0.022929515689611435, (231.72600269317627, 687.015909075737)
0.02290385775268078, (234.08923149108887, 685.2088937163353)
0.022818101570010185, (566.4708614349365, 907.234363257885)
0.02280227467417717, (356.9443464279175, 684.583898961544)
0.022763347253203392, (422.5654602050781, 717.8079266548157)
0.02271944470703602, (564.2064094543457, 909.6776894330978)
0.022693874314427376, (425.21166801452637, 712.1459065079689)
0.022569384425878525, (378.7580966949463, 672.4005634188652)
0.022557396441698074, (395.9613800048828, 697.8589442372322)
0.022518562152981758, (416.257381439209, 720.5229108333588)
0.02249748446047306, (388.84267807006836, 719.3570663928986)
0.022456981241703033, (156.93384408950806, 774.9271954298019)
0.02242567017674446, (242.95587539672852, 595.7600013017654)
0.022284751757979393, (416.26925468444824, 716.6143723726273)
0.02219206653535366, (413.47336769104004, 660.9849790930748)
0.02211797423660755, (409.90428924560547, 712.1280619502068)
0.022014262154698372, (569.63210105896, 902.3423430323601)
0.021983254700899124, (155.5627703666687, 776.5171745419502)
0.021773235872387886, (407.43536949157715, 708.1933369636536)
0.02176492102444172, (194.7879672050476, 737.5695412158966)
0.021754436194896698, (234.99624729156494, 684.1954534053802)
0.021673336625099182, (416.0783290863037, 668.5844394564629)
0.02129410207271576, (230.7760238647461, 687.6935670375824)
0.02124890312552452, (228.03876399993896, 688.1081265807152)
0.021148493513464928, (419.79174613952637, 657.5813110470772)
0.021115269511938095, (383.77931118011475, 689.0321264863014)
0.021104080602526665, (154.88609075546265, 779.2056095004082)
0.021057050675153732, (400.03743171691895, 725.3719155192375)
0.02092990092933178, (408.9049816131592, 645.9648666381836)
0.020856620743870735, (385.3970527648926, 693.8452969789505)
0.020737089216709137, (543.5749053955078, 930.523977458477)
0.020735792815685272, (399.49445724487305, 695.8053693175316)
0.020707793533802032, (552.4557113647461, 921.2670043110847)
0.020678047090768814, (231.8582534790039, 686.9094220399857)
0.020657286047935486, (153.32778692245483, 776.6185838580132)
0.020523129031062126, (240.58058261871338, 598.0176280140877)
0.020397203043103218, (394.6903705596924, 684.4885829091072)
0.020386220887303352, (393.9606189727783, 686.9342303276062)
0.02036568522453308, (400.1584053039551, 694.6404678821564)
0.020323075354099274, (392.85600185394287, 707.6415339112282)
0.020062750205397606, (402.6031017303467, 724.2886928319931)
0.0200482290238142, (400.3012180328369, 698.8771721124649)
0.020033376291394234, (190.90014696121216, 743.692255616188)
0.020003924146294594, (248.1525421142578, 586.8245203495026)
0.019948648288846016, (387.90478706359863, 674.6231538653374)
0.019855786114931107, (225.36659240722656, 881.5657648444176)
0.019810782745480537, (568.9906120300293, 898.2679807543755)
0.01963409036397934, (242.12963581085205, 596.3040789663792)
0.0195219274610281, (230.94236850738525, 691.4359189867973)
0.01950012519955635, (542.6519393920898, 935.7235624194145)
0.019479122012853622, (224.83057975769043, 882.073319196701)
0.01943015679717064, (395.95160484313965, 706.7073060274124)
0.019414527341723442, (336.2546920776367, 728.1764126420021)
0.01938842423260212, (438.753080368042, 625.3575215935707)
0.01936173625290394, (243.87528896331787, 593.2727891206741)
0.019327860325574875, (402.8450012207031, 721.2569314837456)
0.019132204353809357, (416.49169921875, 703.1131509542465)
0.01912151277065277, (410.1141929626465, 717.2856469154358)
0.019104283303022385, (389.4305229187012, 707.5651504993439)
0.01898382231593132, (401.57389640808105, 724.7572938203812)
0.018918104469776154, (383.46729278564453, 698.0849753022194)
0.01887008734047413, (399.1145133972168, 697.1017836928368)
0.018868159502744675, (421.96035385131836, 709.9603834152222)
0.018847815692424774, (197.0098853111267, 904.2077521681786)
0.018826395273208618, (762.5473499298096, 658.9753627181053)
0.01881607435643673, (405.77664375305176, 709.6720414757729)
0.018701307475566864, (240.66593647003174, 593.8319911360741)
0.01864822767674923, (544.2899703979492, 934.4274381995201)
0.018636029213666916, (489.31970596313477, 629.4337698817253)
0.018615854904055595, (408.9940547943115, 644.1787424683571)
0.018587160855531693, (419.848108291626, 711.1014921069145)
0.018445884808897972, (222.32098579406738, 961.3984717130661)
0.018386542797088623, (222.34244346618652, 957.3631353378296)
0.018365442752838135, (226.66351795196533, 882.2246352434158)
0.018343642354011536, (568.8065528869629, 889.3134220838547)
0.018296895548701286, (399.127197265625, 639.9274579286575)
0.018296681344509125, (401.6757011413574, 736.9651474952698)
0.01829029805958271, (575.8439540863037, 879.8418064713478)
0.01826241984963417, (186.20061874389648, 744.1117478013039)
0.018243782222270966, (401.34239196777344, 724.8757497668266)
0.01824352703988552, (206.59453868865967, 899.9150479435921)
0.018231363967061043, (541.4958953857422, 937.6998834609985)
0.018211327493190765, (761.0973834991455, 657.5775390267372)
0.01819194108247757, (241.1257028579712, 596.5507110655308)
0.018075721338391304, (399.137020111084, 728.0272002220154)
0.01783130131661892, (780.2043437957764, 71.45965591073036)
0.01782902143895626, (188.10526132583618, 742.5596339702606)
0.01778169721364975, (400.5173683166504, 742.2947946190834)
0.01773986406624317, (540.8010005950928, 937.19893014431)
0.01773270219564438, (414.56737518310547, 722.6757914423943)
0.017652522772550583, (565.3471946716309, 904.2443842887878)
0.01765245757997036, (247.85759449005127, 585.0107951462269)
0.01764991134405136, (632.4886322021484, 599.2052703797817)
0.017588166519999504, (621.5451717376709, 586.8677172362804)
0.017573721706867218, (378.37138175964355, 716.5802065730095)
0.017409907653927803, (203.7691593170166, 901.9206021428108)
0.01738697662949562, (405.7257652282715, 703.6577001214027)
0.017184197902679443, (406.2516689300537, 689.5629658102989)
0.01715547777712345, (155.9243083000183, 775.1081798672676)
0.01711568608880043, (413.08488845825195, 647.5234364271164)
0.01700575090944767, (406.66494369506836, 687.0313598513603)
0.01694491319358349, (228.52275371551514, 611.5338649749756)
0.016939757391810417, (410.91270446777344, 723.6219882369041)
0.01686493679881096, (414.37554359436035, 711.0917719006538)
0.016864920035004616, (232.45282173156738, 685.4407278895378)
0.01685846969485283, (762.3339176177979, 654.7802957892418)
0.016724860295653343, (149.7504711151123, 777.0459827780724)
0.016700169071555138, (229.05035018920898, 880.697837471962)
0.016692090779542923, (371.3335990905762, 685.9165102243423)
0.01667696051299572, (209.70282554626465, 626.2697702050209)
0.016661273315548897, (180.12138605117798, 753.5000888109207)
0.01661567948758602, (425.8364200592041, 671.3610091209412)
0.016611551865935326, (167.3275351524353, 767.1357972621918)
0.01659383252263069, (394.0159797668457, 660.4970102310181)
0.016530578956007957, (154.8075795173645, 775.5386979579926)
0.016521714627742767, (552.4758815765381, 924.989045381546)
0.016474666073918343, (391.0536766052246, 730.9894693493843)
0.01646406017243862, (245.61796188354492, 594.1486957669258)
0.016391649842262268, (584.2807769775391, 869.6071546673775)
0.016280759125947952, (418.54352951049805, 637.475354552269)
0.016271108761429787, (409.3824863433838, 724.1385374069214)
0.01621071808040142, (421.008825302124, 359.7906419932842)
0.01618959754705429, (407.81702995300293, 680.5788838267326)
0.016186119988560677, (158.03707838058472, 772.8094961643219)
0.016170570626854897, (630.7027816772461, 594.11431235075)
0.016025658696889877, (400.4903316497803, 716.5693982839584)
0.01599101535975933, (770.5389976501465, 658.1252799034119)
0.015986312180757523, (238.56852054595947, 673.2867705821991)
0.015983132645487785, (360.57915687561035, 621.4044442772865)
0.01597861759364605, (400.73537826538086, 692.2290588021278)
0.01594865694642067, (224.36649799346924, 881.6128425598145)
0.015879208222031593, (383.7467432022095, 676.6267495155334)
0.01582629233598709, (402.75607109069824, 711.1508185267448)
0.015815459191799164, (404.3651580810547, 726.5257910490036)
0.015700487419962883, (287.06634044647217, 640.081893146038)
0.01568145863711834, (593.4395790100098, 860.8503369092941)
0.01566423662006855, (575.139331817627, 874.0185324549675)
0.015661105513572693, (403.6555290222168, 722.2155324220657)
0.015581379644572735, (584.1562747955322, 896.5148617625237)
0.01554297748953104, (405.40146827697754, 669.6343668103218)
0.015538562089204788, (378.9155960083008, 723.2841022610664)
0.015532349236309528, (199.34786558151245, 730.1830549240112)
0.015511984005570412, (414.95375633239746, 694.5967269539833)
0.015497899614274502, (392.61040687561035, 716.1386625766754)
0.015496306121349335, (393.7445640563965, 704.746145606041)
0.015425124205648899, (392.86413192749023, 725.8353662490845)
0.015417753718793392, (225.89128017425537, 961.7156841158867)
0.015411162748932838, (399.5387554168701, 731.1554382443428)
0.015406407415866852, (227.4775505065918, 695.0315248370171)
0.015321942046284676, (207.42311477661133, 626.958091378212)
0.015303033404052258, (251.75378322601318, 677.7554540634155)
0.015280172228813171, (410.0687026977539, 639.8083491325378)
0.015259106643497944, (596.3979244232178, 859.0937360525131)
0.015218721702694893, (396.7525243759155, 649.9123584628105)
0.015212890692055225, (153.54641675949097, 777.0548325181007)
0.015164467506110668, (194.8862075805664, 743.7459343671799)
0.015150637365877628, (201.39660835266113, 742.950763463974)
0.015150175429880619, (427.1903991699219, 624.7138843536377)
0.015116899274289608, (243.22025775909424, 588.5872870087624)
0.015087387524545193, (416.6394233703613, 636.9864426851273)
0.015079077333211899, (393.9688205718994, 722.6340816020966)
0.015053704380989075, (569.7614669799805, 883.4369045495987)
0.015040439553558826, (236.69188022613525, 691.3389345407486)
0.015035679563879967, (770.903730392456, 650.854638159275)
0.015028548426926136, (274.33438301086426, 510.30176132917404)
0.01498698815703392, (494.0452575683594, 290.7998459339142)
0.01495253387838602, (568.2821750640869, 907.4041767120361)
0.014891814440488815, (148.2882022857666, 778.0674749016762)
0.014891296625137329, (197.7750301361084, 748.1359131932259)
0.01482285838574171, (224.41916465759277, 695.9713382124901)
0.014812144450843334, (424.22471046447754, 661.8366577625275)
0.014800132252275944, (217.29440689086914, 624.3303714394569)
0.014752012677490711, (401.1935234069824, 735.9636760950089)
0.014670201577246189, (422.41554260253906, 685.5321268439293)
0.014639299362897873, (276.0143518447876, 506.09846124053)
0.014630132354795933, (369.26136016845703, 703.5669540166855)
0.014610527083277702, (235.89413166046143, 681.1512879133224)
0.014583785086870193, (586.5619659423828, 865.953372657299)
0.014522933401167393, (756.3692569732666, 658.0033420920372)
0.014521684497594833, (199.82481002807617, 903.5393791794777)
0.014515123330056667, (565.4232501983643, 897.4844886064529)
0.014501718804240227, (224.6232271194458, 883.0705108046532)
0.014490955509245396, (571.36549949646, 898.4022501707077)
0.014480240643024445, (392.33899116516113, 677.7836716771126)
0.014472464099526405, (206.53047561645508, 626.4053453207016)
0.014339031651616096, (427.73051261901855, 653.6693632602692)
0.014311668463051319, (191.75758361816406, 730.0688787698746)
0.01430146861821413, (197.42224216461182, 746.9705039858818)
0.014282376505434513, (575.3479957580566, 905.4782701730728)
0.014278087764978409, (755.6428909301758, 657.426077902317)
0.014276765286922455, (156.07296228408813, 773.5340142250061)
0.014269527047872543, (390.4088258743286, 685.9416086673737)
0.014219257049262524, (671.2840557098389, 100.0040934085846)
0.014142950065433979, (404.35452461242676, 755.3394564986229)
0.014140111394226551, (155.1189661026001, 782.5571946501732)
0.014116133563220501, (308.32886695861816, 933.6514900922775)
0.01410428062081337, (243.34166049957275, 594.2859030067921)
0.014057732187211514, (372.8755474090576, 659.4034870266914)
0.014052662067115307, (226.07150077819824, 878.4300553202629)
0.014048917219042778, (213.34028244018555, 903.7931200861931)
0.014024076983332634, (396.4740514755249, 652.5611146688461)
0.013991675339639187, (332.123327255249, 652.3144825696945)
0.013966028578579426, (198.46327304840088, 745.4729393720627)
0.01395331509411335, (539.2208099365234, 663.5064296126366)
0.013950750231742859, (237.50345706939697, 683.2303239703178)
0.013942154124379158, (402.6196479797363, 685.4434843659401)
0.013932050205767155, (249.51493740081787, 577.4423451423645)
0.013902476988732815, (418.2955265045166, 678.4944073557854)
0.013823483139276505, (325.66394805908203, 449.1331561803818)
0.013790006749331951, (406.98490142822266, 656.3149277567863)
0.013726425357162952, (431.4427852630615, 666.0402117371559)
0.013716300018131733, (619.0125465393066, 583.6218574643135)
0.013668150641024113, (382.3507785797119, 684.2319404482841)
0.013658402487635612, (755.6689262390137, 653.7757777571678)
0.013655981048941612, (619.9092864990234, 585.3495153188705)
0.013653572648763657, (224.39210414886475, 699.4273067712784)
0.013635759241878986, (446.9612121582031, 339.2526803612709)
0.013632507063448429, (192.52363443374634, 758.3834769129753)
0.013620867393910885, (245.61448097229004, 688.1108105182648)
0.013609078712761402, (409.5726490020752, 674.7210087776184)
0.013597989454865456, (560.6961250305176, 919.2039268016815)
0.013597951270639896, (207.91873931884766, 623.9949517846107)
0.013590969145298004, (196.89478874206543, 750.5090942978859)
0.013522317633032799, (336.85624599456787, 758.8049276471138)
0.01350201666355133, (410.3088855743408, 669.5919315814972)
0.013496770523488522, (183.2927703857422, 731.7029615044594)
0.013488240540027618, (275.7143974304199, 648.3709803819656)
0.013414029963314533, (405.2630424499512, 634.0585569739342)
0.01340464223176241, (151.6873836517334, 776.1803766489029)
0.013387123122811317, (327.55441665649414, 451.48160153627396)
0.013379492796957493, (413.00268173217773, 631.6498318314552)
0.013321987353265285, (223.7487554550171, 958.9442647099495)
0.013275749050080776, (381.8026065826416, 663.7912896871567)
