0.08634119480848312, (184.4276630282402, 679.0566713213921)
0.08169746398925781, (180.87319695949554, 677.8771916627884)
0.07897574454545975, (184.216168820858, 679.1116527915001)
0.07106465101242065, (190.42084112763405, 681.958294570446)
0.06547325849533081, (117.5342429280281, 795.8396179676056)
0.06163330376148224, (118.2325960546732, 796.0382504463196)
0.05270406976342201, (177.54584297537804, 680.3749553561211)
0.05120383948087692, (114.24848574399948, 792.9283014535904)
0.05078661069273949, (183.19700482487679, 679.3614529967308)
0.04786120727658272, (183.07638597488403, 679.7089803814888)
0.04688806086778641, (19.213511936366558, 914.0997546315193)
0.0467405691742897, (187.35044446587563, 681.3685150146484)
0.046718012541532516, (125.54599350690842, 808.9778057336807)
0.04488168656826019, (108.18207658827305, 819.1136238574982)
0.04479594528675079, (12.288922894746065, 914.9332959651947)
0.04376549646258354, (186.41793340444565, 680.4562357664108)
0.043518099933862686, (171.27829217910767, 667.3021574020386)
0.042831726372241974, (123.35469171404839, 804.260363817215)
0.04190583899617195, (113.85039944946766, 796.358843266964)
0.041552137583494186, (108.47589108347893, 808.6166124343872)
0.04095081984996796, (107.2805977910757, 788.7012434005737)
0.03957574442028999, (185.3434878885746, 675.8188030123711)
0.038826581090688705, (119.58289805054665, 794.7322816252708)
0.03788936510682106, (144.73639658093452, 820.5754794478416)
0.037464872002601624, (172.4117329120636, 674.070678293705)
0.03686663135886192, (139.5181178599596, 814.3975326418877)
0.036575254052877426, (185.87417352199554, 681.1129147410393)
0.03627042472362518, (114.03655064105988, 790.1677072644234)
0.035714734345674515, (182.07484084367752, 679.1511409282684)
0.03566918522119522, (192.93447148799896, 684.1679617166519)
0.03539768606424332, (193.73262810707092, 680.8011412024498)
0.03517520800232887, (18.523548543453217, 841.2516108751297)
0.03512232005596161, (105.25778593122959, 797.8084630966187)
0.035001739859580994, (111.71253928542137, 789.0649791955948)
0.03488459438085556, (142.54341599345207, 814.9389253258705)
0.034811556339263916, (111.77855491638184, 791.7055199146271)
0.03411770612001419, (160.59883520007133, 971.9400228261948)
0.03408209607005119, (191.7654708325863, 683.5346419215202)
0.03402891010046005, (25.088078532367945, 916.5718550086021)
0.03389836847782135, (121.56986171007156, 796.3408074378967)
0.03385412320494652, (105.2565565109253, 799.2908175587654)
0.03384353592991829, (129.52673774957657, 793.2651026844978)
0.03316721320152283, (113.76765522360802, 793.5080699324608)
0.03256150707602501, (116.86866021156311, 804.0678492188454)
0.03250100091099739, (194.17698299884796, 680.6935618519783)
0.03246244043111801, (176.47297450900078, 668.888356924057)
0.03164268657565117, (106.708281442523, 783.9138828516006)
0.031485315412282944, (155.6828497350216, 970.5051017999649)
0.0313095897436142, (147.9413342177868, 820.9421550035477)
0.031036650761961937, (108.85361987352371, 788.6386344432831)
0.030583012849092484, (160.73173129558563, 969.4996241927147)
0.03049122728407383, (179.08277097344398, 678.2401329278946)
0.030010245740413666, (171.83841606974602, 676.3218993544579)
0.029634466394782066, (126.56241038441658, 800.900773525238)
0.029312066733837128, (150.5194540321827, 820.1814720630646)
0.02918601781129837, (162.60465562343597, 969.2903450131416)
0.029141170904040337, (106.50104357302189, 798.5958422422409)
0.02907719276845455, (78.38660070300102, 817.5925757884979)
0.028749950230121613, (197.19006323814392, 686.7273809313774)
0.02824711985886097, (25.072015520185232, 915.1147665977478)
0.028176531195640564, (158.71604159474373, 974.9346060752869)
0.02809867449104786, (156.10422718524933, 973.5359156131744)
0.028053022921085358, (147.03298762440681, 824.2836300134659)
0.02793572098016739, (152.12192285060883, 790.4091649055481)
0.027696937322616577, (160.20252096652985, 787.6689106822014)
0.027690637856721878, (24.78200798854232, 915.3976192474365)
0.02762322686612606, (195.75947585701942, 685.692902982235)
0.027304690331220627, (143.35252717137337, 819.8624683022499)
0.0272082407027483, (144.3592273890972, 823.1230601668358)
0.027027489617466927, (110.52753072977066, 794.579493522644)
0.027002403512597084, (159.588404327631, 789.444605588913)
0.02695544622838497, (18.62973442301154, 917.2863757610321)
0.026776358485221863, (184.18530613183975, 676.5504061579704)
0.026633480563759804, (131.75479497015476, 815.4267666935921)
0.02641451545059681, (190.35156965255737, 681.7518756985664)
0.026195717975497246, (131.05506828427315, 783.616808116436)
0.026000481098890305, (103.91473327577114, 791.4267988204956)
0.025776278227567673, (114.7255177795887, 786.5935144424438)
0.025713708251714706, (159.91626104712486, 789.2679815888405)
0.025328967720270157, (177.0039145052433, 677.7905084490776)
0.025291243568062782, (71.96839928627014, 810.8705348968506)
0.025166427716612816, (109.3869593590498, 784.7206485271454)
0.025162624195218086, (24.93153941258788, 911.6724657416344)
0.024897033348679543, (162.42614379525185, 973.003103852272)
0.024851011112332344, (158.32227098941803, 976.4318976998329)
0.024676918983459473, (172.85825836658478, 664.7137775719166)
0.024587593972682953, (162.17783480882645, 972.1948285698891)
0.024574391543865204, (180.78896895051003, 671.486310839653)
0.02453654445707798, (191.67362889647484, 682.1496173739433)
0.024503905326128006, (72.9614826142788, 817.5614302158356)
0.02427995391190052, (187.5731306374073, 681.9261955618858)
0.023813914507627487, (19.05691770464182, 915.4848586320877)
0.02375563234090805, (179.61501669883728, 677.0294282436371)
0.02372201532125473, (22.323559522628784, 912.5257908701897)
0.02344583347439766, (117.52222852408886, 795.048583984375)
0.02339610457420349, (132.97315049171448, 808.6485525369644)
0.023359280079603195, (207.65393924713135, 859.0104668140411)
0.02312161587178707, (126.10724507272243, 794.4753306508064)
0.02288806065917015, (199.56131824851036, 687.8576791882515)
0.02283933199942112, (153.87390613555908, 800.2286806702614)
0.02282637357711792, (136.09620025753975, 808.0394659042358)
0.02282612957060337, (140.88907411694527, 814.3004410862923)
0.022726455703377724, (154.39111053943634, 966.9103306531906)
0.022495942190289497, (18.919854298233986, 842.3789693713188)
0.022411197423934937, (161.79793545603752, 792.2751184105873)
0.022283531725406647, (197.42524710297585, 690.5097405910492)
0.022127017378807068, (199.67322093248367, 687.71426653862)
0.022089684382081032, (19.39028985798359, 839.9651080369949)
0.02206452749669552, (146.20907253026962, 84.5655729919672)
0.022009775042533875, (183.4480439722538, 682.4960324168205)
0.02196463756263256, (131.6043902337551, 796.0140172839165)
0.021925808861851692, (174.44773772358894, 667.0869987010956)
0.021719206124544144, (197.38080143928528, 684.5162041783333)
0.02167600765824318, (58.29267545044422, 803.2775303125381)
0.021594734862446785, (159.25876706838608, 788.5799186825752)
0.021578989923000336, (65.58469794690609, 827.940215587616)
0.02147507481276989, (12.437759060412645, 916.1722064614296)
0.021381227299571037, (161.99784767627716, 972.2159630656242)
0.0213764775544405, (184.7925719320774, 682.5978911519051)
0.02137543447315693, (93.44341291487217, 824.8220034837723)
0.021292535588145256, (169.4069449007511, 665.7938615381718)
0.021235456690192223, (182.55573919415474, 660.0069426298141)
0.021089298650622368, (195.66719302535057, 682.6308641433716)
0.021080441772937775, (150.44765588641167, 821.8251955509186)
0.021059777587652206, (114.51984848082066, 791.6319464445114)
0.021008243784308434, (41.08633206039667, 826.2461983561516)
0.020965103060007095, (62.46153795719147, 810.0879229307175)
0.020924270153045654, (160.8726143836975, 647.3334754109383)
0.02090761438012123, (137.3973000049591, 813.317528128624)
0.02086488902568817, (133.47379587590694, 810.7987888455391)
0.02085088938474655, (63.89560163021088, 809.4182931184769)
0.0208436306566, (128.75676453113556, 796.2741463780403)
0.020744653418660164, (176.6293398141861, 359.01871064305305)
0.02073516696691513, (101.88439227640629, 788.4922025799751)
0.020630013197660446, (115.62352028489113, 113.37026189267635)
0.020592516288161278, (108.29767601191998, 790.6023945808411)
0.020583201199769974, (96.19028550386429, 793.7131381034851)
0.02053922787308693, (204.88146927952766, 680.1597172021866)
0.020459279417991638, (165.818360298872, 648.0292452573776)
0.02045072428882122, (20.005661353468895, 913.8244500160217)
0.020328577607870102, (154.3270789384842, 975.3164571523666)
0.020158009603619576, (137.1821514517069, 82.60458377748728)
0.020103687420487404, (155.34627684950829, 658.417922526598)
0.02009676583111286, (154.8856427371502, 974.9322224855423)
0.020014576613903046, (145.80599224567413, 79.68942869082093)
0.0199886541813612, (154.7716881930828, 975.8231288790703)
0.019919104874134064, (120.75991113483906, 792.2037696242332)
0.01989646814763546, (18.92901559919119, 840.9556484818459)
0.01986299827694893, (84.6675564199686, 802.7594173550606)
0.01984303444623947, (120.90748396515846, 858.0314470529556)
0.01975431479513645, (56.67686106264591, 817.2819940447807)
0.019590163603425026, (158.91488549113274, 973.0247150659561)
0.019512757658958435, (19.122322864830494, 916.1006987690926)
0.019505273550748825, (135.84368580579758, 830.4037350416183)
0.0193757526576519, (189.94096022844315, 685.9264947772026)
0.019330697134137154, (106.75935749709606, 798.8986375927925)
0.019321931526064873, (201.45861053466797, 684.7644947767258)
0.019230257719755173, (125.57756841182709, 788.6439577937126)
0.019222794100642204, (140.22698464989662, 821.1550095677376)
0.01920979470014572, (157.85215762257576, 829.9223293662071)
0.019180038943886757, (139.0799778997898, 817.1653570532799)
0.019166050478816032, (203.74760460853577, 683.6872711181641)
0.019088076427578926, (149.66699942946434, 823.0902460813522)
0.01905936188995838, (116.34487628936768, 776.6053994297981)
0.01903657056391239, (171.5304335653782, 705.0322378277779)
0.018906503915786743, (79.95593452453613, 820.2857143878937)
0.018885063007473946, (154.88993299007416, 827.0757670402527)
0.01880985125899315, (144.13755866885185, 828.6473472118378)
0.01872969977557659, (139.25687876343727, 814.7923345565796)
0.018700474873185158, (119.77400931715965, 798.8536671996117)
0.01868429407477379, (179.4488669037819, 838.9872800707817)
0.018681447952985764, (32.428232833743095, 829.961738049984)
0.018663115799427032, (109.65183584392071, 778.1919167637825)
0.018635788932442665, (83.18022917211056, 820.7956436872482)
0.018606245517730713, (193.50595691800117, 672.3651403784752)
0.01859448105096817, (97.5397820174694, 114.0371207818389)
0.018501561135053635, (85.838498711586, 828.7832118272781)
0.01843741349875927, (52.80626440048218, 798.2384626865387)
0.018392430618405342, (140.23581951856613, 758.6775469779968)
0.018369663506746292, (163.07339543104172, 836.3455475568771)
0.018361931666731834, (146.14344692230225, 796.8286488056183)
0.018266476690769196, (150.81948345899582, 84.3467693850398)
0.01826491951942444, (201.7749870121479, 691.2401519417763)
0.01824052445590496, (66.03882884979248, 821.2563121318817)
0.018204009160399437, (122.62801952660084, 799.0903576612473)
0.01806957647204399, (170.17103385925293, 654.3304633796215)
0.017997369170188904, (186.73592084646225, 678.2611085176468)
0.017941676080226898, (175.7347288131714, 679.9664080739021)
0.017786486074328423, (181.55761948227882, 673.1031792163849)
0.017785221338272095, (185.15040954947472, 666.9926085472107)
0.017767861485481262, (108.17726065218449, 795.3285763263702)
0.017758501693606377, (178.64742052555084, 680.9964366555214)
0.01775146648287773, (70.83109223842621, 822.0699902176857)
0.017641784623265266, (19.246943689882755, 917.6638569235802)
0.017627742141485214, (142.62886494398117, 76.04352457821369)
0.017577344551682472, (153.07700437307358, 826.9879714846611)
0.01755598932504654, (172.7823056280613, 667.2540088891983)
0.017542317509651184, (12.180604606866837, 972.0690544843674)
0.01749393716454506, (165.26339149475098, 833.24052464962)
0.017488978803157806, (124.36450363695621, 796.4146192669868)
0.01747950352728367, (128.4822900891304, 794.3801459670067)
0.017450986430048943, (192.52109798789024, 681.2512423992157)
0.01741529256105423, (190.6341158747673, 845.6196185350418)
0.017391465604305267, (11.710429769009352, 217.521136328578)
0.01724773272871971, (112.34240946173668, 798.1504287719727)
0.017230790108442307, (164.60459178686142, 779.7884451746941)
0.01720976084470749, (180.03873428702354, 839.421729028225)
0.017187226563692093, (163.52292236685753, 830.819591999054)
0.01715724542737007, (157.42381063103676, 798.0148819684982)
0.017154335975646973, (72.72946132719517, 812.0964945554733)
0.017148837447166443, (137.9910506606102, 709.791789829731)
0.01712467148900032, (154.39111053943634, 822.7076799273491)
0.01705632172524929, (157.94142201542854, 961.858153283596)
0.017032131552696228, (168.9760881960392, 646.5922584533691)
0.017001885920763016, (169.62659567594528, 642.5773001611233)
0.01696944236755371, (146.80372193455696, 803.109805047512)
0.01689874567091465, (12.190711289644241, 70.6968944221735)
0.01684482768177986, (140.6057648062706, 854.7729209661484)
0.01683490350842476, (94.79959917068481, 816.0963170528412)
0.01680566370487213, (100.63451272249222, 794.176984667778)
0.016804080456495285, (124.33382748067379, 850.6817275285721)
0.016797401010990143, (117.77036793529987, 850.0650928616524)
0.01679249480366707, (47.97083988040686, 782.6782299280167)
0.016779739409685135, (120.5715469866991, 854.2175445556641)
0.01677630841732025, (204.96591773629189, 856.4315816164017)
0.01674296148121357, (79.94059644639492, 815.6981781125069)
0.016738958656787872, (127.27728013694286, 800.7360674738884)
0.016703976318240166, (43.514288783073425, 830.5559669733047)
0.016656002029776573, (170.119228631258, 962.9344235062599)
0.016625959426164627, (152.36672163009644, 843.8630717992783)
0.016614411026239395, (179.9747874736786, 842.1377500891685)
0.016552254557609558, (84.46883970499039, 818.3179816007614)
0.01654217392206192, (11.154585532844067, 1058.5739756822586)
0.01653171144425869, (113.9341102540493, 798.0011366009712)
0.016517778858542442, (108.93783940374851, 772.9514358043671)
0.01651112549006939, (168.84829631447792, 832.256340444088)
0.016481002792716026, (19.051192421466112, 969.8218060731888)
0.01647663488984108, (105.89900916814804, 771.8253485560417)
0.016474764794111252, (156.8002825677395, 789.3638018965721)
0.016383826732635498, (93.79568846523762, 825.1352866292)
0.01629507727921009, (117.20332537591457, 758.5150656104088)
0.01629010960459709, (91.14748321473598, 815.631278693676)
0.016286266967654228, (115.91863203048706, 817.0551557540894)
0.016261350363492966, (169.86600196361542, 652.6065718233585)
0.0162451583892107, (12.080815952271223, 218.57569602131844)
0.01622980833053589, (227.87025541067123, 828.2154407501221)
0.016218720003962517, (192.06561896204948, 682.554192006588)
0.016183434054255486, (119.14636905491352, 834.1775137782097)
0.016177216544747353, (140.40290197730064, 821.4993588328362)
0.01616181805729866, (116.19074937701225, 837.308756172657)
0.01614721305668354, (18.9267136156559, 910.4743940830231)
0.016141390427947044, (92.01942200958729, 806.4938668608665)
0.016123875975608826, (157.7562289237976, 974.8267089128494)
0.016113167628645897, (175.9720154106617, 674.6343178153038)
0.01610843650996685, (159.8461586534977, 786.9241977930069)
0.01609054207801819, (98.66568513214588, 800.7115164995193)
0.016077343374490738, (141.97286322712898, 804.1902068257332)
0.016066011041402817, (146.03958210349083, 839.9290363788605)
0.016059530898928642, (78.71245643496513, 828.1749197244644)
0.01601666584610939, (155.00173392891884, 812.2955242991447)
0.016012955456972122, (193.7004596889019, 860.8667270541191)
0.01599661447107792, (11.894039452075958, 835.5317105650902)
0.0159768033772707, (32.83944213017821, 836.8477699160576)
0.015958178788423538, (143.10011446475983, 71.16626793518662)
0.015954328700900078, (94.86965917050838, 800.9005351662636)
0.015944436192512512, (166.00243419408798, 657.0891506969929)
0.0159063171595335, (195.82484710216522, 706.3521903753281)
0.015843234956264496, (180.68785125017166, 358.130902916193)
0.015839310362935066, (146.91543808579445, 821.594066798687)
0.01577000506222248, (127.01417571306229, 862.1926385760307)
0.015763550996780396, (59.576520919799805, 803.3998084664345)
0.015759941190481186, (168.41944059729576, 667.6294242739677)
0.01572398468852043, (157.50424015522003, 671.616216480732)
0.015712009742856026, (111.91345199942589, 124.83368984609842)
0.01570006087422371, (30.84130558371544, 906.1230715513229)
0.01569746807217598, (35.67744655907154, 885.6204654574394)
0.01567785255610943, (95.97617983818054, 807.5955620408058)
0.01567663811147213, (174.74415519833565, 656.7302218079567)
0.01566675864160061, (208.28207975625992, 694.653531908989)
0.01563333533704281, (12.363435303792357, 967.7543597817421)
0.015620441175997257, (146.3474119901657, 76.30174680054188)
0.015588929876685143, (56.06637333333492, 811.5024245381355)
0.01551553700119257, (136.91167898476124, 783.2719821333885)
0.015493928454816341, (201.75058513879776, 692.1664943695068)
0.015448366291821003, (31.05728505551815, 834.9185718297958)
0.01544459629803896, (205.12857428193092, 856.8314685225487)
0.01540579367429018, (179.49015846848488, 658.1474248170853)
0.015329167246818542, (31.829392801970243, 907.0652251243591)
0.015295390971004963, (71.94630363583565, 792.6675367355347)
0.015263320878148079, (192.95331129431725, 851.7765897512436)
0.015244505368173122, (196.58844429254532, 697.1361995339394)
0.01524338684976101, (44.008986316621304, 832.3516840338707)
0.015224345959722996, (153.74095916748047, 684.6638278365135)
0.015150275081396103, (85.33930319547653, 794.6088911294937)
0.01514658983796835, (121.60136878490448, 802.6947426199913)
0.015142002142965794, (131.9583106637001, 87.47527065128088)
0.015087401494383812, (166.22661262750626, 835.6823534369469)
0.015055457130074501, (41.930664010345936, 822.8858929872513)
0.015047427266836166, (86.4323850274086, 819.476008951664)
0.015030263923108578, (121.28618781268597, 797.2654018998146)
