0.10078433901071548, (43.25830042362213, 354.6631417274475)
0.07842787355184555, (38.212651014328, 355.53969636559486)
0.07821182161569595, (41.37488901615143, 352.9222220778465)
0.07563746720552444, (46.98781669139862, 353.47762966156006)
0.057602521032094955, (43.18239092826843, 355.5199236571789)
0.052770573645830154, (39.905813336372375, 354.79379042983055)
0.05059843510389328, (35.26827692985535, 357.6384028196335)
0.04957875236868858, (42.844414710998535, 356.3640907406807)
0.04596732556819916, (36.427053809165955, 355.22343933582306)
0.03805159032344818, (20.254656672477722, 19.557414449751377)
0.03733028098940849, (46.86623811721802, 353.78095293045044)
0.03662074729800224, (60.73402762413025, 672.6330266594887)
0.03464685007929802, (18.82736384868622, 219.93002852797508)
0.03371807560324669, (53.95922064781189, 351.39019152522087)
0.03328351303935051, (34.01511907577515, 434.30913493037224)
0.032688673585653305, (38.92976641654968, 437.62499687075615)
0.03216404467821121, (12.406738102436066, 219.62379959225655)
0.0321427620947361, (19.12289261817932, 219.23079043626785)
0.031239956617355347, (60.641419887542725, 673.0411665439606)
0.02989559806883335, (20.498862862586975, 12.295579442754388)
0.028854986652731895, (203.08847427368164, 671.1072680950165)
0.028537843376398087, (205.1438808441162, 673.3717038631439)
0.028095275163650513, (203.99296283721924, 671.1197412014008)
0.026938416063785553, (203.74581813812256, 675.4172933101654)
0.026426728814840317, (198.52280616760254, 531.6472727954388)
0.026426563039422035, (134.2960000038147, 439.78454515337944)
0.026146776974201202, (34.007567167282104, 374.48074623942375)
0.025956394150853157, (65.57281613349915, 671.6858501434326)
0.025869514793157578, (199.42846298217773, 675.5864598155022)
0.025866542011499405, (205.9840440750122, 674.1147750020027)
0.025842420756816864, (137.8434181213379, 436.9767496883869)
0.025717739015817642, (19.167068600654602, 558.0868211388588)
0.025610053911805153, (145.6240177154541, 434.2070822417736)
0.025378216058015823, (18.939390778541565, 557.2600880563259)
0.025233937427401543, (44.18136477470398, 435.39521649479866)
0.025228651240468025, (147.67255783081055, 439.0335720181465)
0.024304181337356567, (20.335689187049866, 422.7672238945961)
0.024180935695767403, (33.82769823074341, 444.083975315094)
0.02410709485411644, (55.61192035675049, 351.99499544501305)
0.02398771047592163, (138.44553232192993, 435.35744282603264)
0.023252012208104134, (197.34461307525635, 533.0829556882381)
0.02321692742407322, (12.574906647205353, 214.54549126327038)
0.02310960553586483, (201.27763748168945, 667.8313767910004)
0.02304733358323574, (143.89259815216064, 436.5967451632023)
0.02290714718401432, (211.0976219177246, 667.5905607938766)
0.022792289033532143, (29.498392343521118, 358.47647508978844)
0.022336669266223907, (129.6783685684204, 516.160422950983)
0.022232282906770706, (144.2806363105774, 439.41828939318657)
0.02212626300752163, (52.28344798088074, 351.8028670847416)
0.022125685587525368, (205.66468238830566, 567.617868989706)
0.022026972845196724, (19.025833904743195, 856.4352340698242)
0.021945081651210785, (110.18799543380737, 417.27788773179054)
0.02190573327243328, (111.34675741195679, 398.0004537701607)
0.02167351543903351, (134.39061641693115, 421.5075110197067)
0.021522492170333862, (41.94969832897186, 346.6132398247719)
0.021484991535544395, (20.17788290977478, 217.9746564924717)
0.021412018686532974, (51.19144320487976, 766.6351046562195)
0.02139856293797493, (19.864290952682495, 449.8506609201431)
0.021361161023378372, (26.750081777572632, 357.0905428826809)
0.02116861194372177, (124.8676061630249, 516.7243703603745)
0.02093362808227539, (203.00650596618652, 675.6938277482986)
0.020844407379627228, (12.312690168619156, 561.4924044013023)
0.020760536193847656, (193.988037109375, 524.8244127333164)
0.020596513524651527, (27.909353375434875, 443.6799458861351)
0.020587386563420296, (36.90786957740784, 356.8275800347328)
0.02049971930682659, (134.42295789718628, 433.50741893053055)
0.020479006692767143, (206.51369094848633, 674.0327785015106)
0.02041907049715519, (28.23798954486847, 360.7116770148277)
0.020367121323943138, (29.7999769449234, 358.21386659145355)
0.020366936922073364, (149.70014095306396, 439.71881330013275)
0.020336385816335678, (51.37435793876648, 768.7887707352638)
0.020090237259864807, (158.49592685699463, 417.83868142962456)
0.019949637353420258, (212.2180700302124, 571.1599122881889)
0.01994260959327221, (37.52187490463257, 458.2798232138157)
0.019878776744008064, (51.63569450378418, 438.899202644825)
0.019857309758663177, (148.19519519805908, 443.1515397429466)
0.019848527386784554, (120.03206014633179, 431.4193429648876)
0.019661955535411835, (27.31127142906189, 381.49516770243645)
0.019588986411690712, (134.37761068344116, 437.4138753712177)
0.019584793597459793, (128.68791818618774, 517.4989431798458)
0.019551552832126617, (207.18564987182617, 668.5620456933975)
0.019541852176189423, (197.55687713623047, 574.1040614843369)
0.019505806267261505, (132.14104175567627, 396.49202290177345)
0.019415054470300674, (76.83522701263428, 665.4086884856224)
0.01935015246272087, (117.3912525177002, 399.35821518301964)
0.019341327250003815, (56.031644344329834, 767.4046102762222)
0.019259298220276833, (147.28312492370605, 429.7725031375885)
0.019257403910160065, (19.24017369747162, 493.2472202181816)
0.019019149243831635, (47.26894497871399, 439.21223509311676)
0.018985264003276825, (47.06278443336487, 438.6090966165066)
0.01887352764606476, (160.8367919921875, 460.91058561205864)
0.018770258873701096, (175.1044750213623, 578.350126594305)
0.018732089549303055, (51.434457302093506, 432.90222522616386)
0.018716130405664444, (72.39651083946228, 667.0953926444054)
0.018689706921577454, (49.48521852493286, 440.12525230646133)
0.018648626282811165, (149.34478998184204, 452.44364964962006)
0.01860061101615429, (202.65464782714844, 562.9442456364632)
0.018572896718978882, (147.74961471557617, 432.00068894028664)
0.018555499613285065, (129.70679998397827, 508.5360594987869)
0.01855413056910038, (194.99239921569824, 519.9590508043766)
0.01851806417107582, (122.95966148376465, 515.7327584028244)
0.01844051107764244, (45.31280994415283, 345.9643902480602)
0.0184269268065691, (85.41485071182251, 657.043415427208)
0.01830928772687912, (41.312700510025024, 438.4914879798889)
0.018268899992108345, (55.78433871269226, 768.1941720843315)
0.0182258989661932, (198.23641777038574, 564.9593610167503)
0.018219580873847008, (211.6461992263794, 669.0480007529259)
0.018205279484391212, (135.39873361587524, 435.9179530441761)
0.018065588548779488, (193.49602460861206, 531.8085018694401)
0.018031354993581772, (214.84551429748535, 571.8640758395195)
0.0179855115711689, (210.0346326828003, 570.4808366894722)
0.017954444512724876, (71.33728861808777, 666.2212121486664)
0.017936542630195618, (12.33186423778534, 485.36634308099747)
0.017834708094596863, (172.18862771987915, 495.72947469353676)
0.01771254651248455, (81.16551637649536, 391.25441670417786)
0.017685232684016228, (138.08387517929077, 446.2056436240673)
0.01750561222434044, (151.70949697494507, 442.70179921388626)
0.017472535371780396, (210.29493808746338, 671.6879762411118)
0.01739552430808544, (145.717191696167, 607.9756323099136)
0.01737138256430626, (70.59040069580078, 675.6139573454857)
0.017352916300296783, (131.8189024925232, 518.2778390645981)
0.017337173223495483, (107.00428485870361, 474.5013815462589)
0.017329156398773193, (118.06074380874634, 419.9049648940563)
0.017262982204556465, (54.98310327529907, 435.81476643681526)
0.017185967415571213, (104.29644584655762, 449.4781331717968)
0.017181813716888428, (210.7874870300293, 575.8420754671097)
0.01713762991130352, (20.21256387233734, 408.75510627031326)
0.016859710216522217, (166.12664461135864, 478.07372173666954)
0.016775820404291153, (83.18666219711304, 394.0792918205261)
0.016749517992138863, (201.05416774749756, 672.5995051860809)
0.016716033220291138, (98.71984124183655, 353.88878151774406)
0.016663525253534317, (178.37529182434082, 496.8811818063259)
0.016600284725427628, (156.50653839111328, 397.1870442330837)
0.016545696184039116, (55.814993381500244, 438.9089472591877)
0.016502145677804947, (19.41400319337845, 784.1648508906364)
0.016397101804614067, (153.31127643585205, 419.85514333844185)
0.016388313844799995, (74.86642599105835, 419.38460248708725)
0.016371697187423706, (35.21728813648224, 448.5867312848568)
0.01621166802942753, (19.37369555234909, 480.8897735476494)
0.01619723252952099, (131.67943954467773, 416.6234394311905)
0.016162104904651642, (45.89070975780487, 422.4142208099365)
0.016146212816238403, (81.71615600585938, 753.278250336647)
0.016140911728143692, (19.62995082139969, 559.3526996970177)
0.016109442338347435, (34.88900065422058, 365.8364228606224)
0.016092821955680847, (35.24503707885742, 440.5015361607075)
0.015991542488336563, (64.65963125228882, 673.477583527565)
0.015959953889250755, (107.26203918457031, 352.9987261593342)
0.015954524278640747, (138.23118209838867, 377.8069906234741)
0.015953056514263153, (61.47837042808533, 434.45820981264114)
0.015894416719675064, (723.6070156097412, 114.41653127968311)
0.015867937356233597, (37.72003948688507, 468.556528955698)
0.01585298404097557, (190.9552812576294, 526.3093502223492)
0.015852203592658043, (198.54505062103271, 541.2904014289379)
0.01575407013297081, (23.23150783777237, 204.36398154497147)
0.015669701620936394, (166.75233840942383, 424.2069109380245)
0.01565718837082386, (194.74468231201172, 516.790527433157)
0.015596015378832817, (169.4691777229309, 483.78768011927605)
0.015591433271765709, (19.28711235523224, 950.684152007103)
0.015580276027321815, (58.53192210197449, 673.8041521310806)
0.015554405748844147, (128.50782871246338, 511.90907803177834)
0.01554214395582676, (145.86145877838135, 612.0168479084969)
0.015506080351769924, (27.395188808441162, 453.99835857748985)
0.01548298355191946, (214.53673839569092, 570.31528455019)
0.015433693304657936, (12.704963982105255, 499.7451771199703)
0.015420496463775635, (130.59909343719482, 515.5515794456005)
0.015399046242237091, (155.32681941986084, 442.18207463622093)
0.015368587337434292, (211.57712936401367, 565.3224985003471)
0.015360544435679913, (217.49777793884277, 649.6299962997437)
0.015305333770811558, (12.949448823928833, 447.27255487442017)
0.015213939361274242, (40.50639271736145, 443.68841484189034)
0.015151754952967167, (188.2933497428894, 553.9541479051113)
0.015148930251598358, (11.356465518474579, 784.073712170124)
0.015127772465348244, (31.444749236106873, 359.52538537979126)
0.01510355994105339, (54.93486523628235, 344.4463919401169)
0.015093319118022919, (12.472665309906006, 416.79278311133385)
0.015071185305714607, (126.66994333267212, 515.1703346967697)
0.015065939165651798, (12.000007927417755, 450.0525338947773)
0.015061653219163418, (154.45547103881836, 598.8670755028725)
0.015021604485809803, (132.8591823577881, 438.95185899734497)
0.014866211451590061, (166.64410829544067, 449.7995991408825)
0.014861185103654861, (117.4765944480896, 511.12826865911484)
0.014849990606307983, (197.70818948745728, 537.0161300897598)
0.014833265915513039, (11.97599321603775, 565.8996985852718)
0.014808792620897293, (211.08262538909912, 473.5260342359543)
0.014758327975869179, (125.03000497817993, 520.4343045055866)
0.0147361159324646, (19.74034309387207, 405.20796033740044)
0.014722193591296673, (197.55783081054688, 526.7955533266068)
0.014679979532957077, (33.17399621009827, 18.774899769574404)
0.014669586904346943, (54.000163078308105, 426.56432804465294)
0.014639018103480339, (92.96034574508667, 358.2189692258835)
0.01462340448051691, (126.73157453536987, 402.92215728759766)
0.014616790227591991, (205.72011470794678, 659.3989899158478)
0.014605550095438957, (87.75506019592285, 659.0363485217094)
0.01457262597978115, (139.31231498718262, 753.2503984570503)
0.014549479819834232, (20.031683146953583, 447.7666954100132)
0.01454539131373167, (127.50667333602905, 430.2059081494808)
0.014484493993222713, (34.84864830970764, 385.22193345427513)
0.014433757402002811, (182.8473925590515, 672.9554848074913)
0.014415399171411991, (212.97969818115234, 653.9094765782356)
0.014401998370885849, (28.174594044685364, 426.4264506101608)
0.014377930201590061, (64.61873054504395, 11.695361028425395)
0.01436722930520773, (187.1179461479187, 576.5969464480877)
0.014301407150924206, (185.76531410217285, 534.5489709079266)
0.014270338229835033, (181.84566497802734, 482.2445938587189)
0.014222565107047558, (50.51965117454529, 448.3179216682911)
0.014200706966221333, (210.0088596343994, 575.991079479456)
0.014189137145876884, (80.58075904846191, 657.0206661820412)
0.014188257046043873, (27.601659297943115, 390.3866145014763)
0.014156525954604149, (165.45411348342896, 466.04039865732193)
0.01412503607571125, (201.10719203948975, 547.7191184163094)
0.014079597778618336, (185.7600450515747, 569.9447057247162)
0.01407577097415924, (60.01579165458679, 675.2403311133385)
0.0140585508197546, (91.5410041809082, 364.6110110282898)
0.014041561633348465, (60.03316640853882, 355.43222212791443)
0.014024090953171253, (77.59538292884827, 391.77630281448364)
0.014019581489264965, (91.75624251365662, 659.5051530599594)
0.013983961194753647, (19.672328233718872, 635.493147611618)
0.013930411078035831, (19.586947560310364, 382.5205846130848)
0.01391220185905695, (141.31505489349365, 432.0587314069271)
0.013906027190387249, (46.47282361984253, 452.072149515152)
0.013871856965124607, (38.37515115737915, 431.9629152715206)
0.013858362101018429, (75.02133846282959, 372.7541068792343)
0.013852393254637718, (125.65268278121948, 380.67885249853134)
0.013848179951310158, (214.85767364501953, 575.6286861300468)
0.013846208341419697, (201.98280811309814, 554.6366252601147)
0.01384617481380701, (715.3848171234131, 114.78691521286964)
0.013828281313180923, (114.53847885131836, 493.9542185664177)
0.013782959431409836, (51.84983015060425, 438.16966766119003)
0.01378107350319624, (209.33258533477783, 580.155927658081)
0.013778332620859146, (197.97871112823486, 557.1254706382751)
0.013744252733886242, (197.5575089454651, 525.309942573309)
0.013742851093411446, (27.62121558189392, 785.1128778457642)
0.013663138262927532, (143.0622935295105, 418.8836938738823)
0.013641229830682278, (168.30103397369385, 475.07897141575813)
0.013627026230096817, (166.93071126937866, 463.3502472639084)
0.01361649390310049, (166.4459466934204, 460.89768728613853)
0.013608425855636597, (203.23879718780518, 576.5971236228943)
0.013570086099207401, (186.0909938812256, 510.76757618784904)
0.013566003181040287, (54.35149073600769, 679.7088214755058)
0.013547828420996666, (194.44634914398193, 604.8528200387955)
0.013542872853577137, (79.1163444519043, 442.517466545105)
0.013526394963264465, (33.632564544677734, 395.8265897631645)
0.013513593003153801, (89.77257013320923, 695.8086961507797)
0.013503788970410824, (144.26194429397583, 442.1595734357834)
0.0135021498426795, (27.584609389305115, 452.27834555506706)
0.01344994641840458, (106.8829894065857, 427.77514067292213)
0.013440231792628765, (109.83967781066895, 354.84308046102524)
0.013416621834039688, (45.310789346694946, 434.4190541803837)
0.013409794308245182, (188.46662044525146, 528.5683290064335)
0.013406709767878056, (181.74173831939697, 589.9108181595802)
0.0134050277993083, (207.08277225494385, 479.7307313978672)
0.013397456146776676, (166.54051542282104, 476.33443209528923)
0.013385643251240253, (167.4875259399414, 490.21947994828224)
0.013382532633841038, (118.30167770385742, 519.1228565871716)
0.013380569405853748, (35.8464241027832, 435.95579758286476)
0.013374218717217445, (190.42729139328003, 539.9346243739128)
0.013362412340939045, (173.20287227630615, 493.8415708243847)
0.01335964072495699, (196.7300295829773, 680.8451498150826)
0.013338839635252953, (146.87148332595825, 597.7062970399857)
0.013330898247659206, (46.26331627368927, 770.252872467041)
0.01332288421690464, (204.69210147857666, 548.4532599449158)
0.01330634020268917, (118.6813473701477, 513.4976273477077)
0.013289622962474823, (130.32033443450928, 520.8725286722183)
0.013246067799627781, (115.71791172027588, 366.57492288947105)
0.013245929963886738, (18.29693168401718, 1177.6092190742493)
0.013237525708973408, (178.77004146575928, 625.1340910196304)
0.013228658586740494, (54.00156378746033, 456.16967126727104)
0.01320682279765606, (12.108097970485687, 445.7714944779873)
0.013204261660575867, (178.672456741333, 630.6033355593681)
0.01318479236215353, (20.123696327209473, 855.2850152254105)
0.013140135444700718, (151.63016319274902, 610.0259700417519)
0.013101618736982346, (89.07194137573242, 383.8036845624447)
0.013094949536025524, (102.10133790969849, 495.44347912073135)
0.013050292618572712, (204.239821434021, 534.2211975157261)
0.013049998320639133, (143.60874891281128, 604.1653817892075)
0.013047657907009125, (12.30459213256836, 642.7702130079269)
0.013037653639912605, (34.735432267189026, 417.9755312502384)
0.013032707385718822, (198.47997426986694, 587.6757934093475)
0.01298812497407198, (28.31999957561493, 416.7792823910713)
0.012976420111954212, (70.26567459106445, 682.0081961154938)
0.012972523458302021, (67.57835745811462, 441.1198408007622)
0.012945577502250671, (27.758124470710754, 395.05998980998993)
0.012937651947140694, (37.841689586639404, 352.4680521786213)
0.012917724438011646, (103.03066968917847, 386.1850202679634)
0.012888765893876553, (158.31990242004395, 445.33539640903473)
0.012869713827967644, (219.51942443847656, 646.665436565876)
0.012863807380199432, (77.44722366333008, 754.6390237212181)
0.01283986959606409, (192.92795658111572, 520.9673171937466)
0.012817243114113808, (164.92745876312256, 625.5742641091347)
0.012788260355591774, (87.81739473342896, 659.3371204733849)
0.012780594639480114, (67.75399446487427, 385.2237760722637)
0.012771242298185825, (196.6777801513672, 539.4002651572227)
0.012765586376190186, (42.424845695495605, 449.52288752794266)
0.012724200263619423, (52.29027271270752, 238.0354157090187)
0.01271058525890112, (26.54455304145813, 664.2585405111313)
0.012693035416305065, (40.892910957336426, 416.4880070090294)
0.012691452167928219, (20.219644904136658, 378.3276010751724)
0.012691217474639416, (108.80879163742065, 360.8216316998005)
0.01267769280821085, (154.6858787536621, 389.52579298615456)
0.012655258178710938, (721.4925289154053, 115.6985858976841)
