0.561711311340332, (69.10438537597656, 448.4292452931404)
0.09314829111099243, (72.14954495429993, 446.94189620018005)
0.09216581284999847, (77.24112868309021, 449.73981606960297)
0.08456755429506302, (73.71695041656494, 453.85940659046173)
0.07645218074321747, (64.47829604148865, 450.5483651161194)
0.07522471994161606, (70.19277811050415, 447.1037836074829)
0.06848535686731339, (68.77113580703735, 450.8619963526726)
0.06288472563028336, (58.902788162231445, 451.40916895866394)
0.051969725638628006, (48.89107048511505, 455.3258196115494)
0.05115773528814316, (19.687199592590332, 467.5674106478691)
0.04907448589801788, (20.38789540529251, 462.60323917865753)
0.04542634263634682, (70.21970748901367, 447.7065580487251)
0.043755993247032166, (116.05345010757446, 471.0196425318718)
0.04204591363668442, (45.505380630493164, 466.27880054712296)
0.03829028457403183, (75.02987384796143, 457.90235674381256)
0.03819955512881279, (74.5790958404541, 446.7259097099304)
0.03766205161809921, (11.471781134605408, 471.55691063404083)
0.03615596517920494, (201.81386470794678, 573.8685908317566)
0.036111798137426376, (62.48561143875122, 478.1396829485893)
0.03394535928964615, (70.10393738746643, 448.04986864328384)
0.03378946706652641, (19.510746002197266, 460.31977289915085)
0.032509695738554, (196.8187928199768, 564.6913849711418)
0.031615402549505234, (20.00739872455597, 481.9850894808769)
0.030783798545598984, (35.517340898513794, 480.39825135469437)
0.02979717031121254, (63.68405222892761, 451.7062699198723)
0.029093530029058456, (65.52310585975647, 492.67269802093506)
0.02860657311975956, (48.34578037261963, 484.8644653558731)
0.028569640591740608, (70.86642980575562, 457.15576207637787)
0.02679237350821495, (256.9803714752197, 590.154395699501)
0.02596099302172661, (52.41708755493164, 463.98853772878647)
0.024512384086847305, (67.59474873542786, 450.8130544424057)
0.024498820304870605, (74.47036504745483, 448.3407878279686)
0.02411939948797226, (226.75471305847168, 579.7282319068909)
0.024114493280649185, (211.01455688476562, 600.6087702512741)
0.023962173610925674, (28.33765745162964, 471.46435475349426)
0.023892555385828018, (221.08659744262695, 551.0109769105911)
0.02380664274096489, (69.80823874473572, 455.16765493154526)
0.02362488955259323, (218.53086948394775, 550.5636007189751)
0.023131851106882095, (12.324502319097519, 473.93546015024185)
0.02307085692882538, (50.73281526565552, 448.76285630464554)
0.023040510714054108, (196.53831720352173, 565.5960077047348)
0.02294781059026718, (60.22728085517883, 456.42631244659424)
0.022858986631035805, (216.5529489517212, 567.3249925374985)
0.02276586927473545, (56.28576874732971, 457.7360293865204)
0.022753741592168808, (34.01951789855957, 495.3196254372597)
0.02269691601395607, (218.90852451324463, 567.9823783636093)
0.022580327466130257, (177.21706628799438, 558.2657868862152)
0.02238459885120392, (29.648500680923462, 471.11417931318283)
0.022383254021406174, (225.3903865814209, 574.3771358728409)
0.022132139652967453, (112.54723072052002, 492.20042395591736)
0.021965602412819862, (84.21645164489746, 458.79570883512497)
0.021902509033679962, (206.00624084472656, 557.6896521449089)
0.021877869963645935, (104.38147783279419, 472.33817106485367)
0.021824423223733902, (763.8886451721191, 1133.2929997444153)
0.021797215566039085, (217.90461540222168, 560.1260576248169)
0.02167217805981636, (192.65886545181274, 568.1184457540512)
0.021616050973534584, (101.70445442199707, 481.14030361175537)
0.021400440484285355, (178.3141851425171, 576.79902613163)
0.021395457908511162, (30.9847354888916, 463.3638367652893)
0.021297726780176163, (245.39921283721924, 604.2136681079865)
0.02111392840743065, (81.67319297790527, 450.2832659482956)
0.021096980199217796, (217.75968074798584, 550.1421470046043)
0.02088375762104988, (34.36155915260315, 441.2270658016205)
0.020715968683362007, (88.48169445991516, 526.1194218993187)
0.020606543868780136, (258.4402799606323, 673.605441570282)
0.020540131255984306, (249.75643157958984, 589.0705014467239)
0.02045113407075405, (74.91540908813477, 447.47288006544113)
0.02025911957025528, (71.32048010826111, 449.1485513448715)
0.02021948993206024, (263.229775428772, 586.6359061002731)
0.02021052874624729, (78.41004133224487, 441.12125837802887)
0.01997709460556507, (42.867106199264526, 461.454043507576)
0.019835850223898888, (88.75095248222351, 491.08934354782104)
0.019763795658946037, (91.47546887397766, 517.281359910965)
0.019750287756323814, (65.12331962585449, 453.4738481640816)
0.019693929702043533, (267.7429676055908, 595.4470210075378)
0.01948278211057186, (20.943760871887207, 477.0668202638626)
0.01946733146905899, (84.40439105033875, 484.1818059682846)
0.019341042265295982, (63.23397159576416, 453.6696158051491)
0.019247010350227356, (114.55397605895996, 472.3386833667755)
0.01915564015507698, (82.92779326438904, 512.6575959920883)
0.01912822760641575, (79.00394201278687, 443.84988087415695)
0.01904439553618431, (51.043105125427246, 476.9103632569313)
0.019028760492801666, (27.673247456550598, 486.45567512512207)
0.01902017556130886, (220.47438621520996, 547.090979218483)
0.018870605155825615, (60.542064905166626, 476.64048260450363)
0.018727168440818787, (88.65674138069153, 513.6975688934326)
0.018726153299212456, (236.50712966918945, 568.5151723623276)
0.018699832260608673, (70.69510221481323, 451.73137271404266)
0.018691446632146835, (254.42099571228027, 589.054859161377)
0.018690716475248337, (298.75335693359375, 658.3106335401535)
0.01867864280939102, (167.91181564331055, 566.9480066299438)
0.018588311970233917, (215.65463542938232, 546.5216751694679)
0.018581625074148178, (159.17057991027832, 598.6165305376053)
0.018528787419199944, (89.52319622039795, 512.7435944080353)
0.018506871536374092, (79.7706663608551, 503.2874572277069)
0.018313061445951462, (83.85064601898193, 450.227834880352)
0.018265612423419952, (67.90390014648438, 451.093386054039)
0.01824445277452469, (199.7356653213501, 566.4680821895599)
0.018181229010224342, (179.30409908294678, 573.8030161857605)
0.01815321296453476, (45.464664697647095, 458.9068100452423)
0.01810193806886673, (244.65835094451904, 579.887523651123)
0.01809733174741268, (112.40957975387573, 454.5617725253105)
0.017977705225348473, (43.91336441040039, 458.21506583690643)
0.017950156703591347, (265.22557735443115, 588.6899635791779)
0.017945677042007446, (215.7397985458374, 556.665423989296)
0.017927030101418495, (71.54566049575806, 462.0600283741951)
0.017898518592119217, (154.7283172607422, 547.992835521698)
0.01784765161573887, (77.23560929298401, 449.19291669130325)
0.01781606860458851, (267.71223545074463, 587.2476629018784)
0.017814191058278084, (262.40429878234863, 676.8696244955063)
0.017813079059123993, (239.78173732757568, 614.5250079631805)
0.017786843702197075, (78.82637977600098, 459.4128618836403)
0.01775018498301506, (104.93916273117065, 512.7565727233887)
0.017726898193359375, (327.77347564697266, 593.3260910511017)
0.01769249700009823, (76.07266902923584, 521.7197046875954)
0.017634456977248192, (84.55663919448853, 466.6897691488266)
0.01761479116976261, (85.97772717475891, 449.8996884226799)
0.017514405772089958, (77.64701843261719, 451.4218740463257)
0.01749122515320778, (218.914532661438, 551.4743710756302)
0.017490750178694725, (89.63398933410645, 448.2832050919533)
0.017467794939875603, (74.50411915779114, 483.06809574365616)
0.017444634810090065, (168.58583688735962, 570.3993846774101)
0.0174315944314003, (104.89554405212402, 496.2405735254288)
0.017421020194888115, (90.88417291641235, 463.16301441192627)
0.017406875267624855, (57.812392711639404, 480.45047199726105)
0.017399894073605537, (159.77835655212402, 531.8063830733299)
0.01739496923983097, (73.60517382621765, 450.0032417178154)
0.017359698191285133, (95.08710503578186, 508.5922070145607)
0.017263540998101234, (42.84484684467316, 490.3407679796219)
0.017261452972888947, (58.103227615356445, 494.25663310289383)
0.017221393063664436, (770.3850746154785, 1133.5617191791534)
0.017111273482441902, (45.72650194168091, 458.97836154699326)
0.017080089077353477, (252.41975784301758, 586.9652820825577)
0.017077015712857246, (80.20577430725098, 484.27087819576263)
0.017057938501238823, (136.67880296707153, 555.52667927742)
0.017047923058271408, (192.2226905822754, 540.9630968570709)
0.01703573204576969, (215.79222679138184, 572.168499827385)
0.017001384869217873, (211.7021083831787, 566.1957424879074)
0.016950489953160286, (167.28253364562988, 561.2334153056145)
0.016874726861715317, (254.03048992156982, 600.0470824241638)
0.016819465905427933, (254.82239723205566, 607.2395281791687)
0.016776330769062042, (255.20319938659668, 601.1688870191574)
0.01663765124976635, (297.77891635894775, 620.6648440361023)
0.016590788960456848, (140.24004936218262, 551.6912455558777)
0.016538232564926147, (67.94018745422363, 458.049319088459)
0.016514509916305542, (208.42759609222412, 608.5946009159088)
0.016513681039214134, (247.17414379119873, 603.3359241485596)
0.016488507390022278, (26.597434282302856, 497.704561650753)
0.016484063118696213, (46.89134359359741, 458.6702290177345)
0.016416287049651146, (145.56652307510376, 497.18413120508194)
0.01637956127524376, (246.6465711593628, 580.8354871273041)
0.0163127351552248, (49.10385608673096, 502.5896337032318)
0.0162774920463562, (315.6008720397949, 666.6668243408203)
0.01626591943204403, (152.1470546722412, 577.5994466543198)
0.016236860305070877, (236.87787055969238, 584.2381964921951)
0.01622924581170082, (258.1345558166504, 592.8360571861267)
0.01616261526942253, (88.45188617706299, 442.76731860637665)
0.01614462211728096, (75.72859525680542, 469.20192700624466)
0.016130616888403893, (164.8406982421875, 545.2724098563194)
0.01605517417192459, (259.9142789840698, 675.5435138940811)
0.016053413972258568, (91.51902198791504, 435.885737657547)
0.01600165292620659, (301.8890142440796, 659.4133805036545)
0.015994731336832047, (96.00456953048706, 463.11963951587677)
0.015977095812559128, (251.7770767211914, 603.1830532550812)
0.01594870164990425, (133.49497318267822, 531.0309628844261)
0.015894094482064247, (225.75864791870117, 541.5725312232971)
0.01588824950158596, (210.47594547271729, 575.5671790838242)
0.015879595652222633, (228.96041870117188, 578.1206967830658)
0.015862688422203064, (216.60749912261963, 544.8510927557945)
0.015777554363012314, (77.36143469810486, 451.0373402237892)
0.015728086233139038, (242.7004098892212, 603.4295729398727)
0.015727555379271507, (75.45613646507263, 488.03937113285065)
0.01572730578482151, (193.43538284301758, 557.2081907987595)
0.015718000009655952, (200.5383014678955, 575.3088423013687)
0.015701454132795334, (80.94714879989624, 463.5614828467369)
0.015690816566348076, (214.8761510848999, 708.7416347265244)
0.015673497691750526, (104.85159158706665, 472.39056247472763)
0.01565978117287159, (49.290889501571655, 459.0640525817871)
0.015644295141100883, (292.23647117614746, 652.6037950515747)
0.015638474375009537, (42.4826979637146, 498.25911140441895)
0.015625016763806343, (263.3522033691406, 601.4326883554459)
0.015490560792386532, (215.74065685272217, 561.2605331540108)
0.015487897209823132, (208.8057041168213, 575.9784550666809)
0.015485178679227829, (139.98990058898926, 548.1756248474121)
0.015424877405166626, (68.66291165351868, 453.2768168449402)
0.015417746268212795, (139.4307017326355, 559.8164223432541)
0.015409142710268497, (258.38348865509033, 600.5280314683914)
0.015398315154016018, (112.03005313873291, 512.5334823131561)
0.015395063906908035, (127.98290252685547, 445.83610957860947)
0.015329520218074322, (64.9067759513855, 453.0672170519829)
0.015317856334149837, (252.4322748184204, 586.1899985074997)
0.015307360328733921, (77.63834595680237, 451.02067333459854)
0.015281843021512032, (330.18951416015625, 595.6018044948578)
0.01527851540595293, (45.07986307144165, 470.803792655468)
0.015221649780869484, (267.58594512939453, 674.812083363533)
0.015202272683382034, (263.6723756790161, 671.6494045257568)
0.015188406221568584, (218.46816539764404, 565.4780416488647)
0.015170173719525337, (108.45985412597656, 490.11023211479187)
0.01516310777515173, (54.759812355041504, 463.0013660788536)
0.0151522820815444, (216.7313814163208, 538.7334222793579)
0.015131331980228424, (293.15407276153564, 670.9103236198425)
0.0151185542345047, (244.8119878768921, 586.7309210300446)
0.015048888511955738, (234.34791564941406, 569.7662478089333)
0.015036364085972309, (201.8998622894287, 548.7815072536469)
0.015017194673418999, (151.10650062561035, 493.8326178789139)
0.015004822053015232, (266.63060188293457, 664.90860414505)
0.014989189803600311, (195.04367113113403, 569.2510086894035)
0.014962524175643921, (161.39150857925415, 532.2037927508354)
0.014941469766199589, (116.04998111724854, 472.4606795310974)
0.01493423618376255, (147.2454309463501, 469.9269708395004)
0.014909520745277405, (253.78844738006592, 612.7465006113052)
0.014903669245541096, (91.83836579322815, 483.07537043094635)
0.014852970838546753, (73.89062643051147, 450.82678413391113)
0.014843177981674671, (234.68143939971924, 606.7828280925751)
0.01484155934303999, (201.15156173706055, 524.9811553359032)
0.014820651151239872, (265.3735637664795, 590.810142159462)
0.014796358533203602, (208.1009864807129, 551.9447325468063)
0.014788303524255753, (122.31936454772949, 490.66997319459915)
0.014768717810511589, (299.1375923156738, 662.7658159732819)
0.014759756624698639, (248.4147310256958, 594.7799355983734)
0.014709969982504845, (212.21320629119873, 707.2794567346573)
0.014694754034280777, (85.23436784744263, 439.8271837234497)
0.014675400219857693, (137.66868114471436, 572.0553835630417)
0.014672413468360901, (241.10710620880127, 608.9504116773605)
0.014663598500192165, (28.6487877368927, 469.0674648284912)
0.014658563770353794, (96.44061923027039, 494.7278484106064)
0.014652241952717304, (78.42776775360107, 449.21231585741043)
0.014615924097597599, (138.26695680618286, 476.8060244321823)
0.014591441489756107, (63.110512495040894, 440.1759930253029)
0.014582379721105099, (213.76428604125977, 707.6206498146057)
0.014512245543301105, (74.14815425872803, 477.11548894643784)
0.014472967945039272, (89.28487300872803, 445.1789969801903)
0.014450174756348133, (12.750744819641113, 465.105321764946)
0.014404043555259705, (143.02297830581665, 490.0363581776619)
0.01439922396093607, (201.38018131256104, 585.2375267744064)
0.014364811591804028, (187.07505464553833, 546.5457533597946)
0.014344889670610428, (278.1836271286011, 636.7594578266144)
0.014342928305268288, (217.80691146850586, 548.5009707212448)
0.014285714365541935, (118.57221126556396, 497.4037721157074)
0.014240830205380917, (143.9608335494995, 438.86204105615616)
0.014226049184799194, (89.56875801086426, 450.2648230791092)
0.014224591664969921, (67.27352142333984, 453.10789382457733)
0.014212173409759998, (272.7709770202637, 638.3008035421371)
0.014212066307663918, (243.64535808563232, 641.8556324243546)
0.014169207774102688, (265.15283584594727, 594.320708155632)
0.014140929095447063, (267.6300287246704, 612.4943114519119)
0.01412661001086235, (246.9231367111206, 593.8565626144409)
0.014094815589487553, (296.93331718444824, 627.1686193943024)
0.014065789058804512, (260.2454900741577, 596.7112455368042)
0.014042532071471214, (78.2839834690094, 468.35420393943787)
0.013976283371448517, (278.4187078475952, 607.5695189237595)
0.013964368030428886, (127.84210443496704, 525.4488869905472)
0.013962038792669773, (116.08865261077881, 508.343057513237)
0.0139587027952075, (259.8107576370239, 608.7400263547897)
0.01395510695874691, (256.94754123687744, 673.0422509908676)
0.013932422734797001, (88.2172703742981, 496.9216618537903)
0.013895915821194649, (150.695538520813, 518.1975948214531)
0.01387110073119402, (230.824875831604, 561.9369083046913)
0.013789702206850052, (71.02248072624207, 448.75776743888855)
0.013785702176392078, (262.4670743942261, 677.8302930593491)
0.013774329796433449, (18.315544724464417, 511.03271090984344)
0.013754785992205143, (269.3896532058716, 716.6292400360107)
0.0137493209913373, (259.6748113632202, 675.0674829483032)
0.0137467160820961, (188.07615041732788, 566.625939488411)
0.01373511552810669, (116.57447814941406, 493.37530303001404)
0.013714093714952469, (243.61395835876465, 582.3710267543793)
0.013708856888115406, (760.9057426452637, 1123.3002433776855)
0.01369880884885788, (149.27377700805664, 566.923245370388)
0.013686155900359154, (101.17850303649902, 517.7260038256645)
0.013644624501466751, (115.02041816711426, 559.1338312625885)
0.01363856066018343, (20.18986940383911, 483.047125518322)
0.013628499582409859, (207.98931121826172, 539.1605454683304)
0.013626154512166977, (757.3681831359863, 1126.6316403150558)
0.013603638857603073, (130.4334044456482, 468.7800976037979)
0.013601002283394337, (178.51009368896484, 568.9590990543365)
0.01359561737626791, (93.68666410446167, 450.7559840083122)
0.013562927953898907, (148.4910249710083, 526.5538880825043)
0.013554948382079601, (283.2674264907837, 656.3950341939926)
0.013511572033166885, (92.31809973716736, 455.361270904541)
0.01350423414260149, (166.13649129867554, 558.7735805511475)
0.013485404662787914, (108.52317810058594, 525.7484811544418)
0.013484167866408825, (257.94475078582764, 675.5611370801926)
0.013460681773722172, (67.87274479866028, 463.5256900191307)
0.013449782505631447, (270.56636810302734, 585.4679260253906)
0.013443538919091225, (60.7507050037384, 459.79199945926666)
0.01343952864408493, (268.31417083740234, 602.9696624279022)
0.0134288864210248, (86.86681985855103, 480.26775097846985)
0.01342590432614088, (71.20245695114136, 476.74987614154816)
0.01342201977968216, (83.9974045753479, 476.952030479908)
0.013421907089650631, (95.00287771224976, 438.4005936384201)
0.013384900987148285, (156.39922618865967, 571.6072559952736)
0.013344356790184975, (35.40363311767578, 465.8580640554428)
0.013313810341060162, (297.6848840713501, 660.0543726682663)
0.013307447545230389, (181.5025806427002, 577.0648083686829)
0.013301219791173935, (136.75423860549927, 538.7590373754501)
0.013278472237288952, (61.79717779159546, 463.24344581365585)
0.013275761157274246, (245.12102603912354, 611.269636631012)
0.013249814510345459, (96.52544856071472, 504.47900319099426)
0.013215475715696812, (281.7312240600586, 607.447181224823)
0.013161659240722656, (257.7589988708496, 645.042355298996)
