0.2747393250465393, (163.95416259765625, 487.7927429974079)
0.22343683242797852, (161.08174324035645, 487.7899684011936)
0.16395743191242218, (156.18088245391846, 487.0431274175644)
0.1593053787946701, (166.880202293396, 485.68945303559303)
0.1558448225259781, (166.88354015350342, 485.3237174451351)
0.13496606051921844, (165.00351428985596, 484.3823626637459)
0.12659220397472382, (159.93802547454834, 487.0110735297203)
0.11598581075668335, (168.2332158088684, 488.1764769554138)
0.09849431365728378, (142.6609754562378, 474.22164529561996)
0.08558983355760574, (156.50383234024048, 489.56132903695107)
0.08153112977743149, (168.13132762908936, 490.5102774500847)
0.07898230105638504, (175.61489343643188, 489.32932168245316)
0.07411813735961914, (171.12047672271729, 486.53092235326767)
0.06280488520860672, (166.33204221725464, 490.2914859354496)
0.061200566589832306, (200.6622552871704, 485.49468368291855)
0.05879184603691101, (172.1491575241089, 480.2309460937977)
0.055577974766492844, (173.51232767105103, 503.9788246154785)
0.05447296425700188, (146.22254371643066, 483.1006087362766)
0.054156333208084106, (159.52515602111816, 489.9953342974186)
0.05292787402868271, (148.27799797058105, 472.13869020342827)
0.052204377949237823, (164.92756605148315, 485.8603097498417)
0.05215070769190788, (164.05630111694336, 484.7191110253334)
0.04640980437397957, (160.36916971206665, 480.44134080410004)
0.04620607569813728, (159.72745418548584, 481.21187537908554)
0.04520287364721298, (202.33306884765625, 459.92984622716904)
0.04481755942106247, (159.66436862945557, 489.161130040884)
0.044201046228408813, (204.0175437927246, 506.80617466568947)
0.042607832700014114, (151.66053771972656, 481.9637179374695)
0.042407914996147156, (155.20793199539185, 482.99765661358833)
0.04190818592905998, (155.02419471740723, 487.397837638855)
0.041494254022836685, (155.8497190475464, 497.8368178009987)
0.040999047458171844, (156.22034072875977, 486.34765297174454)
0.0409383550286293, (151.66962146759033, 489.1823776066303)
0.040714867413043976, (166.51304960250854, 476.16820707917213)
0.039723675698041916, (165.44389724731445, 481.62707909941673)
0.03709104657173157, (234.50942039489746, 509.5201313495636)
0.03555065765976906, (164.68298435211182, 485.702595859766)
0.035442668944597244, (207.9085111618042, 564.4729807972908)
0.035408467054367065, (179.76245880126953, 493.57682690024376)
0.03505250811576843, (162.048602104187, 486.9726672768593)
0.03462160378694534, (190.42723178863525, 472.3282754421234)
0.034042537212371826, (206.81192874908447, 533.3073288202286)
0.033608030527830124, (150.49453973770142, 482.65054002404213)
0.03246242552995682, (195.0899600982666, 456.61723390221596)
0.03235591575503349, (225.3457546234131, 503.9128549396992)
0.03176034614443779, (224.7349977493286, 508.4767736494541)
0.03126467019319534, (147.4831223487854, 476.69709622859955)
0.03092331625521183, (150.24893283843994, 492.7579194307327)
0.030255088582634926, (179.27448749542236, 569.497299939394)
0.02934883162379265, (237.26189136505127, 510.2735072374344)
0.02905753068625927, (137.64957189559937, 473.9407539367676)
0.028817789629101753, (177.9604434967041, 562.044807523489)
0.028738314285874367, (192.20173358917236, 479.1550599038601)
0.02838880382478237, (170.62937021255493, 483.25605913996696)
0.028264028951525688, (237.5422239303589, 541.0269126296043)
0.027560092508792877, (142.8415060043335, 487.82045245170593)
0.027416523545980453, (169.98965740203857, 486.8313819169998)
0.02733555994927883, (171.61401510238647, 481.93703070282936)
0.02669472061097622, (174.8669147491455, 483.9722700417042)
0.026612628251314163, (178.5670042037964, 534.0170413255692)
0.026232324540615082, (153.7546992301941, 486.74748688936234)
0.025969602167606354, (196.6414213180542, 617.5287365913391)
0.02554936707019806, (203.48758697509766, 610.6282062828541)
0.025468258187174797, (249.2893934249878, 516.2104494869709)
0.0254080668091774, (183.10234546661377, 571.3482841849327)
0.025222264230251312, (247.5468397140503, 539.7313587367535)
0.025197938084602356, (165.6316041946411, 488.89593705534935)
0.024798894301056862, (204.16877269744873, 465.4161721467972)
0.024608802050352097, (209.87324714660645, 609.1889210045338)
0.024593651294708252, (148.10069799423218, 467.08666160702705)
0.024437222629785538, (159.3655228614807, 490.76944664120674)
0.02439766749739647, (145.8183765411377, 504.76144328713417)
0.0242982879281044, (169.6704626083374, 487.21120953559875)
0.024278931319713593, (171.6165065765381, 484.21815037727356)
0.023426363244652748, (165.08662700653076, 488.68663758039474)
0.023375065997242928, (217.36822128295898, 607.8394085168839)
0.0232380498200655, (263.8721466064453, 544.4111168384552)
0.023206017911434174, (126.1037826538086, 459.42925065755844)
0.02318638190627098, (122.54986763000488, 441.8825216591358)
0.023091640323400497, (134.01801586151123, 486.87975481152534)
0.023005010560154915, (210.19747257232666, 615.7566457986832)
0.022921297699213028, (144.96302604675293, 597.6745657622814)
0.02286735363304615, (80.72037696838379, 456.8702697753906)
0.022572914138436317, (147.04537391662598, 529.1746407747269)
0.022554507479071617, (213.7099266052246, 574.5826967060566)
0.02176477015018463, (151.66776180267334, 684.0949505567551)
0.021744057536125183, (231.93953037261963, 431.68818056583405)
0.02158173732459545, (246.56696319580078, 526.6376011073589)
0.021575728431344032, (217.8050994873047, 593.8441261649132)
0.021574469283223152, (183.903169631958, 604.8117399215698)
0.021478069946169853, (183.81211757659912, 586.9656100869179)
0.02146225795149803, (105.36810159683228, 436.9762323796749)
0.02145213447511196, (168.54991912841797, 569.3877033889294)
0.02138889953494072, (169.63809728622437, 586.5762904286385)
0.021312115713953972, (154.01427745819092, 486.1223265528679)
0.02125227078795433, (279.10475730895996, 558.8289774954319)
0.021204877644777298, (181.60980939865112, 476.69884860515594)
0.02110966295003891, (243.28713417053223, 548.323480039835)
0.021053770557045937, (142.86643266677856, 474.14676770567894)
0.021024486050009727, (174.90955591201782, 489.93378207087517)
0.02098013088107109, (232.27314949035645, 540.5396059155464)
0.020700760185718536, (246.2275266647339, 511.0848940908909)
0.02068203128874302, (203.33635807037354, 617.5505682826042)
0.020680882036685944, (215.51556587219238, 539.7191286087036)
0.020659904927015305, (206.52709007263184, 603.719936311245)
0.020452231168746948, (215.27414321899414, 589.4053928554058)
0.020407328382134438, (263.02950382232666, 528.2189019024372)
0.020103681832551956, (133.7937831878662, 480.6268371641636)
0.019873959943652153, (175.37996768951416, 667.3483639955521)
0.01982654258608818, (183.81006717681885, 552.6746675372124)
0.019785964861512184, (111.5239143371582, 456.70905113220215)
0.019633028656244278, (142.9250717163086, 478.36729362607)
0.019521137699484825, (276.08628273010254, 574.43513199687)
0.01948685571551323, (237.41049766540527, 672.0920473337173)
0.019331559538841248, (195.80191373825073, 489.39846754074097)
0.01923142559826374, (48.92200231552124, 453.7189856171608)
0.019169000908732414, (175.33295154571533, 637.9051521420479)
0.01908513531088829, (35.74701547622681, 1084.9655449390411)
0.019053345546126366, (138.71103525161743, 456.13288432359695)
0.01893257349729538, (171.0477113723755, 508.8982932269573)
0.01892462559044361, (242.69821643829346, 664.8644432425499)
0.018778499215841293, (144.2829132080078, 484.0467095375061)
0.0186100322753191, (199.01748895645142, 605.4899096488953)
0.01860475167632103, (88.13610076904297, 414.5845837891102)
0.018530946224927902, (215.18023014068604, 605.4049924015999)
0.018504289910197258, (202.72338390350342, 605.536712706089)
0.018442299216985703, (246.98293209075928, 495.5070696771145)
0.01840675249695778, (275.07073879241943, 548.5089398920536)
0.01834479719400406, (248.6849069595337, 674.6962979435921)
0.018320266157388687, (235.78636646270752, 668.1882634758949)
0.018313845619559288, (257.4899435043335, 542.4944549798965)
0.018303342163562775, (275.57213306427, 514.5525187253952)
0.018263351172208786, (105.04941940307617, 418.40498372912407)
0.018255682662129402, (251.6951084136963, 547.5472502410412)
0.017955241724848747, (215.20006656646729, 629.6860679984093)
0.017943911254405975, (81.34703636169434, 482.3609232902527)
0.01789652369916439, (143.63089799880981, 485.31017303466797)
0.017892131581902504, (145.56221961975098, 632.839323580265)
0.017890464514493942, (151.04527473449707, 670.9346026182175)
0.017827093601226807, (138.2335901260376, 505.5487349629402)
0.01780610904097557, (130.82842826843262, 453.34266275167465)
0.0177536029368639, (210.22992134094238, 513.8839140534401)
0.01773577742278576, (264.06288146972656, 559.3571729958057)
0.01772753708064556, (159.29174423217773, 489.83940929174423)
0.01769513264298439, (247.1238613128662, 658.4223419427872)
0.017684413120150566, (72.86993265151978, 432.55476728081703)
0.017538266256451607, (250.5493402481079, 663.4125992655754)
0.017526619136333466, (194.79830265045166, 757.9075336456299)
0.01745316945016384, (262.86120414733887, 512.4699287116528)
0.017437761649489403, (199.81093406677246, 554.9833506345749)
0.01743338257074356, (129.16078567504883, 484.4695433974266)
0.017412714660167694, (92.78972148895264, 516.3130730390549)
0.017322005704045296, (101.76279544830322, 438.4838603436947)
0.017292387783527374, (229.57065105438232, 510.4767829179764)
0.01693679764866829, (199.6992588043213, 616.6015833616257)
0.016853002831339836, (153.73151302337646, 510.9702229499817)
0.016760805621743202, (117.29857921600342, 590.4796361923218)
0.016597528010606766, (166.5426731109619, 684.0773537755013)
0.01659689098596573, (151.4886498451233, 655.7222217321396)
0.016502680256962776, (280.7981014251709, 544.4831103086472)
0.01649080403149128, (120.3615665435791, 608.5489384829998)
0.016383640468120575, (120.5825924873352, 593.1336104869843)
0.016380077227950096, (136.75689697265625, 670.3144803643227)
0.01636066474020481, (262.5297546386719, 571.3236048817635)
0.016305215656757355, (72.09186553955078, 419.1084899008274)
0.016303671523928642, (206.44595623016357, 634.30555164814)
0.01629687286913395, (239.1096591949463, 572.8602200746536)
0.016102375462651253, (92.9955542087555, 475.3743439912796)
0.016051944345235825, (167.61099100112915, 670.7591459155083)
0.016029637306928635, (135.8636498451233, 710.6314808130264)
0.01602424494922161, (88.5449230670929, 435.3392571210861)
0.016010679304599762, (151.6515016555786, 698.070153594017)
0.015958568081259727, (276.0826587677002, 546.0242159664631)
0.01594335213303566, (90.67316055297852, 450.22496581077576)
0.015823662281036377, (133.06554555892944, 478.67388650774956)
0.015754491090774536, (212.59350776672363, 477.75158882141113)
0.01573522761464119, (206.53629302978516, 668.0028766393661)
0.015711287036538124, (136.80754899978638, 698.6948758363724)
0.015706297010183334, (281.9544792175293, 550.2559132874012)
0.01569935493171215, (59.78521704673767, 464.06724378466606)
0.015617677941918373, (31.209468841552734, 514.9013511836529)
0.015607938170433044, (247.40774631500244, 570.7635745406151)
0.01547323353588581, (185.1582169532776, 529.9238547682762)
0.015405235812067986, (92.08452701568604, 455.8710500597954)
0.015307762660086155, (30.590367317199707, 453.507824242115)
0.015264897607266903, (128.5477876663208, 452.9819652438164)
0.015228558331727982, (230.1929235458374, 494.03244480490685)
0.015226054936647415, (231.95457458496094, 671.372477710247)
0.015126786194741726, (295.180606842041, 543.0621154606342)
0.01510294247418642, (134.5942497253418, 492.5072565674782)
0.015098758041858673, (151.6620397567749, 640.0473594665527)
0.015091562643647194, (83.36266875267029, 461.1496828496456)
0.015074100345373154, (121.95309400558472, 484.9310025572777)
0.01505745854228735, (72.47453927993774, 448.73033463954926)
0.015021201223134995, (43.62722039222717, 1083.4807708859444)
0.0150132542476058, (230.88598251342773, 656.637692451477)
0.014997635036706924, (135.66213846206665, 640.8796653151512)
0.014887330122292042, (161.4223837852478, 490.94537794589996)
0.01482885517179966, (294.21701431274414, 559.7953766584396)
0.014814851805567741, (242.57941246032715, 667.5396651029587)
0.014783350750803947, (179.29859161376953, 490.16677513718605)
0.014779990538954735, (144.9057698249817, 669.4977268576622)
0.01463241595774889, (273.7734317779541, 555.5417746305466)
0.014575139619410038, (135.8323097229004, 655.9684306383133)
0.014473307877779007, (187.06284761428833, 754.8334270715714)
0.014468126930296421, (264.1458988189697, 432.08257481455803)
0.014457577839493752, (147.10822105407715, 487.6480259001255)
0.014431491494178772, (193.98572444915771, 757.1970909833908)
0.014341363683342934, (136.6403579711914, 685.6398165225983)
0.014201034791767597, (167.26505756378174, 654.6168372035027)
0.014182482846081257, (261.73222064971924, 674.7139677405357)
0.014180775731801987, (279.2870759963989, 529.2504675686359)
0.014104055240750313, (108.72551202774048, 628.6312833428383)
0.014071987010538578, (88.20604085922241, 400.86515471339226)
0.014020952396094799, (119.84025239944458, 624.4173288345337)
0.013875596225261688, (116.02047681808472, 620.1624855399132)
0.013811800628900528, (75.77800750732422, 462.1903754770756)
0.013797448016703129, (269.23160552978516, 544.4187104701996)
0.0137147456407547, (232.5385570526123, 682.5854241847992)
0.013709153980016708, (202.13873386383057, 760.4846224188805)
0.013709058053791523, (137.28158473968506, 484.58870500326157)
0.013707296922802925, (111.62912845611572, 506.2444284558296)
0.01370612345635891, (192.56274700164795, 482.1220889687538)
0.013660998083651066, (122.95886278152466, 595.7347944378853)
0.013651659712195396, (198.85083436965942, 761.3714709877968)
0.013614321127533913, (136.34469509124756, 606.6368401050568)
0.013525504618883133, (133.561372756958, 483.77819433808327)
0.013456737622618675, (35.80652475357056, 1090.5485436320305)
0.01345621794462204, (136.79125308990479, 487.477096170187)
0.013436677865684032, (227.738618850708, 688.3789271116257)
0.013250649906694889, (120.11212110519409, 636.7814406752586)
0.013234087266027927, (311.2678527832031, 497.13933542370796)
0.01322746928781271, (270.17502784729004, 570.874010771513)
0.01321772113442421, (176.14641189575195, 727.9191866517067)
0.013212386518716812, (107.89024829864502, 618.7477335333824)
0.013169657438993454, (183.63016843795776, 668.6398655176163)
0.01315048336982727, (101.44659280776978, 484.9826246500015)
0.01308997068554163, (136.54370307922363, 622.6288825273514)
0.013042262755334377, (279.8668384552002, 668.5475006699562)
0.013017475605010986, (217.02618598937988, 692.1239748597145)
0.013005590066313744, (176.19755268096924, 700.2098053693771)
0.012903140857815742, (198.9414095878601, 750.619326531887)
0.012876699678599834, (264.0911340713501, 685.110379755497)
0.012847675941884518, (184.62084531784058, 697.4921613931656)
0.012845432385802269, (59.728699922561646, 468.75291615724564)
0.01264790166169405, (247.29247093200684, 685.0226148962975)
0.012633571401238441, (238.8615846633911, 668.6884939670563)
0.012614569626748562, (133.0331802368164, 461.1224114894867)
0.012515638023614883, (282.8061103820801, 555.4995350539684)
0.01251385360956192, (120.90024948120117, 671.2525859475136)
0.0125105120241642, (121.84723615646362, 652.3873761296272)
0.012496483512222767, (232.25750923156738, 698.1214106082916)
0.012433488853275776, (56.16801381111145, 447.566756606102)
0.012344400398433208, (207.43610858917236, 699.3550837039948)
0.012307845056056976, (148.00372123718262, 302.3312296718359)
0.012301736511290073, (166.33358001708984, 697.3365649580956)
0.012262171134352684, (72.75152206420898, 464.6710105240345)
0.012223138473927975, (120.8409309387207, 713.1488427519798)
0.012206901796162128, (152.62465476989746, 570.7147270441055)
0.012183201499283314, (115.28652906417847, 767.6503092050552)
0.012158802710473537, (184.93754863739014, 500.37856698036194)
0.012125006876885891, (183.40590000152588, 684.5290288329124)
0.012052546255290508, (119.94187831878662, 702.452190220356)
0.012021704576909542, (279.005765914917, 572.0657363533974)
0.011964356526732445, (123.11209440231323, 618.776647746563)
0.011947429738938808, (289.15162086486816, 555.8880880475044)
0.011885646730661392, (177.32326984405518, 757.6990738511086)
0.011884583160281181, (267.0332431793213, 680.1052272319794)
0.011859126389026642, (294.67718601226807, 572.1553266048431)
0.011829541996121407, (208.87372493743896, 756.5536767244339)
0.011730086989700794, (107.04629421234131, 766.4523407816887)
0.011673849076032639, (281.67574405670166, 682.6590240001678)
0.011666500009596348, (239.2087697982788, 699.0117639303207)
0.011663010343909264, (35.55067181587219, 158.9016180485487)
0.011599224992096424, (107.50861167907715, 624.7099757194519)
0.011564192362129688, (120.44469118118286, 762.4423190951347)
0.011490944772958755, (270.42949199676514, 667.3155799508095)
0.01146442350000143, (112.66282796859741, 605.5249206721783)
0.011362758465111256, (143.84957551956177, 728.1653225421906)
0.011325248517096043, (112.5005841255188, 481.1066962778568)
0.011288930661976337, (216.85168743133545, 700.2428814768791)
0.011270083487033844, (183.88972282409668, 762.7226263284683)
0.011217141523957253, (80.02657890319824, 421.12616896629333)
0.01117115467786789, (155.3682804107666, 688.2398322224617)
0.011106153950095177, (110.89824438095093, 468.4347867965698)
0.011053296737372875, (90.66615104675293, 464.79280069470406)
0.011030261404812336, (127.41856575012207, 491.7367950081825)
0.011016110889613628, (271.07136249542236, 512.7993755042553)
0.010894530452787876, (303.85589599609375, 574.4608700275421)
0.01087652426213026, (115.9917950630188, 628.5947024822235)
0.010819311253726482, (56.34050965309143, 434.7281523048878)
0.010809166356921196, (328.50520610809326, 495.06722316145897)
0.010750066488981247, (207.74106979370117, 729.2385071516037)
0.010732448659837246, (302.5776147842407, 543.2170182466507)
0.010729867033660412, (51.49751901626587, 1082.3700562119484)
0.010702296160161495, (179.86383438110352, 503.09102684259415)
0.010629002004861832, (120.72335481643677, 689.8710027337074)
0.010600808076560497, (120.0429916381836, 744.972950220108)
0.010571167804300785, (56.152915954589844, 418.1230701506138)
0.010532748885452747, (154.29450273513794, 631.2794163823128)
