0.11958896368741989, (446.1489346027374, 768.8070088624954)
0.09243359416723251, (448.9874336719513, 757.9555576443672)
0.08693908154964447, (458.0646044611931, 633.616869866848)
0.08626455813646317, (436.21266651153564, 771.7137965559959)
0.0857124775648117, (455.12861227989197, 635.9983938336372)
0.0856272354722023, (480.9065179824829, 744.3335806131363)
0.07700666040182114, (434.8738371729851, 772.9527865052223)
0.07547849416732788, (482.0421627163887, 762.491052210331)
0.07353349775075912, (457.73620438575745, 764.5214734077454)
0.0715629830956459, (476.54848712682724, 718.1775763630867)
0.06990228593349457, (453.4944722056389, 763.4439319372177)
0.06626859307289124, (459.57864248752594, 759.7636693716049)
0.06613645702600479, (452.97590351104736, 746.1947669386864)
0.06589261442422867, (501.2281901836395, 724.2059926390648)
0.06254208832979202, (510.4893174171448, 763.2654805183411)
0.062380868941545486, (507.65250873565674, 738.8571242690086)
0.06180848553776741, (450.0883831977844, 630.0019573867321)
0.06039080023765564, (450.5938091278076, 635.3880756795406)
0.06013166531920433, (589.3137029409409, 758.7174323797226)
0.05651339516043663, (450.8272939324379, 627.0742338299751)
0.05600329861044884, (505.33181768655777, 715.4327933192253)
0.05582444369792938, (481.7654462456703, 783.1836304068565)
0.05410574749112129, (436.3822124004364, 767.2444863319397)
0.0531914196908474, (448.3055735230446, 775.1425904035568)
0.05222804471850395, (448.5290427803993, 724.8799923658371)
0.050607915967702866, (452.4686604142189, 632.449943780899)
0.04913242533802986, (437.9795865416527, 775.0215040445328)
0.04880641773343086, (538.098884999752, 743.9287676215172)
0.04689812660217285, (422.6140888929367, 769.3033517003059)
0.046371202915906906, (461.04885721206665, 637.9039149284363)
0.044882044196128845, (419.59391540288925, 765.0673154592514)
0.044311653822660446, (460.9555055499077, 770.4353979229927)
0.04342293366789818, (440.6476100087166, 787.5604573488235)
0.04291916266083717, (446.5088604092598, 634.8686120212078)
0.041562922298908234, (450.6764690876007, 780.2558671236038)
0.041422341018915176, (454.7636153101921, 784.2070643901825)
0.04031772539019585, (451.6855883002281, 773.8376544713974)
0.03979209065437317, (497.8979573249817, 697.0138419270515)
0.039383646100759506, (476.06355714797974, 683.7764173746109)
0.03927409648895264, (424.23001503944397, 767.372644007206)
0.03891124948859215, (421.4575678706169, 774.1153426766396)
0.038795169442892075, (423.2779464125633, 778.7056598067284)
0.03859991207718849, (508.75185239315033, 698.3314903378487)
0.038365550339221954, (465.374897480011, 645.4402298033237)
0.03677941486239433, (474.33843195438385, 628.7698003947735)
0.036475226283073425, (510.0160511136055, 700.6851263046265)
0.03646169602870941, (586.7551743388176, 753.6276737451553)
0.036337245255708694, (448.62421160936356, 718.7981042265892)
0.03629617020487785, (438.3659669160843, 781.6876100301743)
0.03615677356719971, (462.00117939710617, 630.8142450451851)
0.03614696487784386, (444.451785326004, 772.5485296845436)
0.035486314445734024, (449.94220691919327, 766.0260747075081)
0.03505147621035576, (450.11492228507996, 637.4055460393429)
0.034519802778959274, (511.57340532541275, 789.4954555034637)
0.03447530418634415, (497.18567019701004, 696.0039944052696)
0.03440092131495476, (494.00676929950714, 692.3506664037704)
0.03366389125585556, (451.846470952034, 636.6086722612381)
0.03347722068428993, (447.3821147084236, 622.2950569391251)
0.0327167883515358, (498.08846402168274, 669.2055332660675)
0.03268764913082123, (494.6357625722885, 716.6859259009361)
0.03268330916762352, (463.23702186346054, 780.6658445596695)
0.03230312466621399, (431.64752089977264, 775.6986818909645)
0.03165479749441147, (477.8954303264618, 738.292690217495)
0.03157339245080948, (495.439330637455, 705.6109734177589)
0.031138163059949875, (452.3493190407753, 768.0333750844002)
0.03036491386592388, (449.8965241909027, 608.9326131045818)
0.030258042737841606, (444.6846362352371, 605.0602332055569)
0.03016548417508602, (450.7024165391922, 681.6417538523674)
0.02997400239109993, (482.8788201212883, 686.9442081451416)
0.02973795495927334, (589.2594837546349, 759.0780695080757)
0.029341252520680428, (454.46467024087906, 638.7581537663937)
0.02905191108584404, (542.1708599925041, 767.8594524860382)
0.029029427096247673, (463.7479415535927, 617.9999076724052)
0.02882920205593109, (448.9553163051605, 619.2657527327538)
0.028604188933968544, (437.97882586717606, 614.8388306796551)
0.028462762013077736, (505.3083635568619, 773.8855646252632)
0.028455303981900215, (446.3920968770981, 669.7731454372406)
0.02843475714325905, (476.23500472307205, 770.3711204528809)
0.02832476794719696, (421.3753727674484, 748.2737339138985)
0.02807900309562683, (457.1321020722389, 637.5602012872696)
0.028021570295095444, (574.3800148367882, 630.7309385836124)
0.02783694863319397, (427.3535979986191, 788.8444176912308)
0.027786411345005035, (575.3508467674255, 632.5467175245285)
0.027606766670942307, (511.93383824825287, 693.1609280109406)
0.027499204501509666, (410.26373583078384, 780.2654014825821)
0.02727838046848774, (503.87774616479874, 687.8782575130463)
0.027100948616862297, (480.8039959669113, 728.7422817349434)
0.027059372514486313, (444.6469405889511, 631.1681286692619)
0.027055127546191216, (427.7240042090416, 778.4163714647293)
0.026768261566758156, (504.8607488870621, 694.7572975158691)
0.02669091895222664, (448.1677646636963, 645.1259534955025)
0.026590991765260696, (429.3031221628189, 776.2719352245331)
0.026564978063106537, (494.8278751373291, 725.545411169529)
0.02633746899664402, (428.9565504193306, 779.1821393966675)
0.026212934404611588, (457.36672788858414, 765.0561125874519)
0.02614572085440159, (440.0905849933624, 646.2882315814495)
0.025977367535233498, (561.3744252324104, 723.8099989295006)
0.02595284953713417, (474.78621566295624, 650.9242739081383)
0.025641120970249176, (445.4527484178543, 599.1774145364761)
0.025635553523898125, (421.35293287038803, 616.633475124836)
0.025546643882989883, (442.4365895986557, 774.3325671553612)
0.025418654084205627, (453.83470499515533, 621.1876808702946)
0.025417650118470192, (507.9004040956497, 651.0515973269939)
0.02540036104619503, (479.3615036010742, 724.003466963768)
0.02510981634259224, (503.39163291454315, 696.2042953968048)
0.02472572959959507, (476.6323303580284, 753.3681802749634)
0.024622200056910515, (456.6448478102684, 765.8951361775398)
0.024519847705960274, (601.0652361512184, 760.0803689956665)
0.02442723885178566, (464.62309753894806, 637.840471714735)
0.024343086406588554, (417.64430671930313, 591.5027720034122)
0.024327140301465988, (442.01619017124176, 715.1903027892113)
0.024198533967137337, (414.45395344495773, 775.2593068480492)
0.024059759452939034, (506.9810444712639, 623.1247845292091)
0.023996079340577126, (491.02340400218964, 694.5996627807617)
0.023910164833068848, (504.0013980269432, 688.7493801116943)
0.023901475593447685, (436.83126389980316, 726.3246861100197)
0.023738481104373932, (477.91554594039917, 632.6605339348316)
0.02365953102707863, (443.95460003614426, 774.0853888988495)
0.023593604564666748, (465.03838354349136, 770.3205088973045)
0.02357596904039383, (472.1483656167984, 600.9841358363628)
0.02338290400803089, (463.3131738305092, 760.411131799221)
0.023218391463160515, (571.3690117001534, 633.8667097985744)
0.0231751948595047, (580.7142779827118, 631.3938148915768)
0.023139243945479393, (468.7221187353134, 757.7499333024025)
0.02310923859477043, (487.1909569501877, 724.9068474769592)
0.022726375609636307, (442.1996817588806, 627.6115346848965)
0.022684495896100998, (407.9544126391411, 768.8473709821701)
0.0226594191044569, (489.8020143508911, 687.2149839401245)
0.02259930968284607, (457.58166068792343, 584.1334275901318)
0.02257765457034111, (534.9354511499405, 714.3843316435814)
0.02256467193365097, (428.4287691116333, 722.8122282624245)
0.022512905299663544, (418.0825397372246, 643.9807975292206)
0.022509682923555374, (444.88879281282425, 721.352835714817)
0.022488955408334732, (405.740680873394, 762.5554885864258)
0.022439882159233093, (407.2889069914818, 770.7385905385017)
0.02241157926619053, (459.1514815092087, 639.5077530145645)
0.022357171401381493, (444.3286405801773, 772.7545512914658)
0.022080665454268456, (450.2709450721741, 766.7970865368843)
0.022079838439822197, (393.24106657505035, 726.7711324691772)
0.022028926759958267, (597.4945878982544, 752.8008064627647)
0.021902749314904213, (454.86385530233383, 767.6605021953583)
0.021700415760278702, (463.88646882772446, 641.6509974598885)
0.02167438715696335, (569.6887240409851, 633.0986377298832)
0.02161407098174095, (419.69774746894836, 688.7766324877739)
0.021591339260339737, (498.125652551651, 698.1228467822075)
0.021457090973854065, (420.53706723451614, 613.0423190891743)
0.021385885775089264, (458.01938658952713, 580.7720098793507)
0.021380573511123657, (648.9403973221779, 995.5792741179466)
0.02135278843343258, (437.3573548197746, 779.0131428837776)
0.02120196260511875, (423.6261662840843, 611.4831733107567)
0.02114591747522354, (479.39273351430893, 666.5016685128212)
0.021063610911369324, (472.7897409796715, 539.9473943412304)
0.021039742976427078, (463.46775978803635, 578.7134225964546)
0.020962456241250038, (424.0443682074547, 612.908440798521)
0.020812811329960823, (462.1946020126343, 600.7926144003868)
0.020724715664982796, (419.18150305747986, 722.9151198863983)
0.020668016746640205, (512.8465208411217, 688.7113221287727)
0.020609209313988686, (420.41358441114426, 678.1423262953758)
0.020350677892565727, (457.1927869915962, 768.616162776947)
0.020298117771744728, (458.73661810159683, 646.2025018036366)
0.020293844863772392, (451.88623732328415, 793.3969151973724)
0.0201876163482666, (466.0977072715759, 633.4706366360188)
0.02015531435608864, (462.8992823958397, 583.0655793845654)
0.020127415657043457, (422.29760605096817, 778.384908080101)
0.02005484700202942, (585.740476846695, 761.2541280388832)
0.01997455395758152, (459.0614683628082, 547.7786784470081)
0.01997055858373642, (584.0550335049629, 762.8091025352478)
0.01991700939834118, (482.5184717178345, 681.5714379549026)
0.01986481063067913, (391.7088568806648, 667.8422788381577)
0.01982775144279003, (380.81033557653427, 799.814174413681)
0.019762925803661346, (451.24317157268524, 813.6296989321709)
0.019736146554350853, (429.98979991674423, 614.0303964912891)
0.019685596227645874, (463.17904156446457, 581.3502290248871)
0.01946317031979561, (478.7627682685852, 762.5323677659035)
0.01941312849521637, (411.6582634449005, 787.4535930752754)
0.019406793639063835, (510.4449869990349, 819.2408280968666)
0.019373686984181404, (464.0930342078209, 549.5845654904842)
0.0193011537194252, (478.31752014160156, 648.5674200952053)
0.019298048689961433, (478.2851492166519, 623.6142546832561)
0.01925898902118206, (489.22584569454193, 699.344357073307)
0.01920955628156662, (463.7398276925087, 766.8697065711021)
0.019081171602010727, (480.3439992070198, 738.16834628582)
0.01891516149044037, (592.2185074687004, 755.3208169937134)
0.018865836784243584, (419.3373568058014, 602.6568993926048)
0.018852273002266884, (438.22266429662704, 611.0976673960686)
0.018824366852641106, (467.155720949173, 630.9677084982395)
0.01880173571407795, (590.8639575242996, 759.1747637987137)
0.018795689567923546, (504.68782222270966, 698.8516690731049)
0.01875803805887699, (455.61295062303543, 591.8526829779148)
0.01874188706278801, (524.4933767914772, 691.2745550870895)
0.01869972236454487, (396.43023657798767, 802.346023440361)
0.0186567734926939, (478.2201115489006, 615.3918632268906)
0.018638230860233307, (472.60481256246567, 552.607155919075)
0.018546251580119133, (484.0983503460884, 470.88598015904427)
0.01852007582783699, (422.6018758416176, 601.0375282466412)
0.018515828996896744, (572.8758233189583, 754.0303415060043)
0.01848856918513775, (394.53881949186325, 770.4454884529114)
0.018419232219457626, (452.33968383073807, 605.4363239407539)
0.018395042046904564, (457.80715841054916, 603.3938258886337)
0.01836342364549637, (570.4736978411674, 762.587428689003)
0.01834946870803833, (473.6415696144104, 543.4027254879475)
0.018318260088562965, (394.8571617603302, 562.8447533249855)
0.018305106088519096, (513.0893450379372, 694.2623848319054)
0.018292943015694618, (590.9906520843506, 755.9954523444176)
0.01829027198255062, (566.1408115029335, 748.0068513154984)
0.018186742439866066, (526.0402505993843, 714.8629564642906)
0.018147537484765053, (470.6306087374687, 622.6081017255783)
0.01811736449599266, (495.2036905884743, 714.8324465155602)
0.01810094155371189, (573.7945913076401, 760.1878688931465)
0.018097449094057083, (513.2714843153954, 696.0854337215424)
0.01807689294219017, (481.32695966959, 618.6082395017147)
0.018041443079710007, (464.82628214359283, 795.3183268904686)
0.017969608306884766, (431.3093165755272, 612.381746917963)
0.017964350059628487, (479.9305726289749, 816.1423203349113)
0.017892902716994286, (478.4830090999603, 471.2111812531948)
0.017806556075811386, (415.790078163147, 616.0096499621868)
0.017750069499015808, (487.65636295080185, 726.4038212895393)
0.017749687656760216, (427.7560793161392, 606.1582338213921)
0.01773606613278389, (550.862706899643, 673.3073734045029)
0.017728276550769806, (489.92156702280045, 610.2282530367374)
0.017434656620025635, (445.0257987380028, 608.2352541983128)
0.017415912821888924, (465.0591753125191, 779.0787710547447)
0.017412176355719566, (576.9741261005402, 761.9398073554039)
0.01739446632564068, (601.1549534797668, 754.7918984293938)
0.017335331067442894, (435.58388453722, 619.2025081515312)
0.017286352813243866, (414.71972465515137, 778.7564302682877)
0.017175814136862755, (388.41479831933975, 585.9199678301811)
0.01709381677210331, (373.55350106954575, 812.6410653591156)
0.01702972874045372, (395.8137099146843, 761.4056448936462)
0.01699526607990265, (577.7668334245682, 763.6384328603745)
0.016977842897176743, (382.8115010857582, 813.1393945217133)
0.016974985599517822, (479.78329759836197, 622.9052956402302)
0.01685335859656334, (574.1095105409622, 629.9454663097858)
0.016781611368060112, (518.8448194265366, 694.733382165432)
0.01662030816078186, (496.3711568713188, 743.9337731599808)
0.016605911776423454, (553.510783791542, 663.5234525799751)
0.016514671966433525, (572.7693711519241, 758.2731312513351)
0.016500722616910934, (386.7034920454025, 563.0863698720932)
0.016461681574583054, (534.1589292883873, 686.9546959400177)
0.01636514812707901, (394.2796830534935, 713.9765788912773)
0.016346842050552368, (520.8447594046593, 754.8524416089058)
0.01632130704820156, (472.7199279665947, 752.0997132658958)
0.016314059495925903, (390.00896072387695, 615.1515973806381)
0.01626662164926529, (472.25270479917526, 629.70047301054)
0.01625126227736473, (466.0877762436867, 650.1995434463024)
0.016118543222546577, (529.7567370533943, 758.6328943967819)
0.016099611297249794, (473.02516973018646, 775.7118710875511)
0.016097942367196083, (394.1022346019745, 645.373926281929)
0.016067955642938614, (407.43288576602936, 775.6021465063095)
0.016053983941674232, (565.3900257945061, 779.0998260974884)
0.015994176268577576, (475.3454804420471, 468.87995103001595)
0.0159454308450222, (417.53709387779236, 612.7826269865036)
0.015927432104945183, (572.6246739625931, 619.2883173823357)
0.01584186777472496, (480.7585245370865, 766.958852827549)
0.01578572578728199, (565.2332423329353, 729.814579308033)
0.015774734318256378, (562.4810798168182, 632.3623071312904)
0.01576579362154007, (642.2705499529839, 996.4881368875504)
0.01576421782374382, (495.9623365998268, 616.3154247999191)
0.01576281152665615, (394.81215518713, 570.3187770545483)
0.015649914741516113, (429.44993233680725, 651.2600025236607)
0.01560604851692915, (447.4352351427078, 831.5401511788368)
0.01558701228350401, (392.81910353899, 746.0436473488808)
0.015518597327172756, (465.2868705391884, 765.7873184680939)
0.015423741191625595, (571.804709136486, 638.007283270359)
0.015359153039753437, (520.0519253015518, 691.520223736763)
0.015295780263841152, (495.90942746400833, 609.6613956689835)
0.015250789932906628, (406.8157252073288, 593.0922688245773)
0.015216069296002388, (507.3503519296646, 592.1920664310455)
0.015208462253212929, (361.2515776157379, 585.1932113170624)
0.015185026451945305, (421.6877564191818, 809.0527299046516)
0.01513929944485426, (582.2492768168449, 633.4122784137726)
0.015128383412957191, (394.42704260349274, 797.0773366689682)
0.015115409158170223, (398.80265349149704, 607.0680897533894)
0.015048090368509293, (478.46741527318954, 784.5056487321854)
0.014971726574003696, (511.2257770895958, 714.1783894896507)
0.014948202297091484, (525.458250105381, 702.0208105444908)
0.014925981871783733, (641.7061294913292, 994.0147652626038)
0.014889310114085674, (411.88921266794205, 574.3196324408054)
0.014870360493659973, (578.9355674982071, 765.7096928954124)
0.014843645505607128, (529.1166717410088, 609.2983749508858)
0.014836408197879791, (402.2000792622566, 563.9931271374226)
0.014720555394887924, (522.0895609259605, 754.3005611300468)
0.014666288159787655, (576.7135105729103, 767.4409735798836)
0.014566019177436829, (386.5207611322403, 554.9159803986549)
0.014555871486663818, (511.1720227599144, 596.2281989455223)
0.01454774197191, (496.29986476898193, 607.6901669502258)
0.014512804336845875, (472.93059253692627, 769.512313067913)
0.014503450132906437, (378.55949980020523, 523.1016916334629)
0.014479437842965126, (474.53122067451477, 627.0371292829514)
0.014477920718491077, (472.2755672931671, 762.8466838002205)
0.014466589316725731, (540.9598239660263, 671.1543562412262)
0.014456436969339848, (479.78291726112366, 782.9811047315598)
0.014414837583899498, (488.4965701699257, 651.3188374638557)
0.014409194700419903, (505.3611459136009, 597.9804552197456)
0.014290662482380867, (511.6284274458885, 727.4680146574974)
0.0142210079357028, (471.7796497941017, 780.2783523201942)
0.014170633628964424, (592.3109294176102, 764.1501101255417)
0.014169028028845787, (481.6500772833824, 467.2611360549927)
0.014131598174571991, (579.2938451766968, 765.5662007927895)
0.014131346717476845, (648.312714099884, 991.699266731739)
