0.26285579800605774, (317.596007168293, 893.5255613923073)
0.21417361497879028, (316.38944828510284, 893.7552599906921)
0.15541580319404602, (324.9117905497551, 889.6705816984177)
0.15442444384098053, (321.17516309022903, 894.1081901788712)
0.11781972646713257, (318.547182738781, 891.0979546904564)
0.0969613566994667, (326.49200761318207, 884.701512157917)
0.07909242063760757, (324.1963200569153, 896.5081472396851)
0.07391753047704697, (329.0265734195709, 866.5226677060127)
0.07212035357952118, (315.5612959265709, 893.030569255352)
0.06883563846349716, (333.02262485027313, 893.3667348623276)
0.06782340258359909, (330.68452179431915, 885.1721916794777)
0.06663540750741959, (317.1277245283127, 895.372128367424)
0.06235050410032272, (310.791994869709, 893.1572173237801)
0.057687245309352875, (336.2997358441353, 874.7818061709404)
0.05544278770685196, (314.5845295190811, 895.5085491538048)
0.053207479417324066, (317.6354549527168, 894.0234932899475)
0.05189541354775429, (354.189009308815, 862.4606335163116)
0.05028695613145828, (361.95896726846695, 874.3476750254631)
0.0480077862739563, (306.91086250543594, 884.6600376963615)
0.04231917858123779, (307.29467940330505, 894.9662824869156)
0.04004143550992012, (336.3653680086136, 884.6478813886642)
0.038363564759492874, (343.0198987722397, 859.0275492072105)
0.03753771260380745, (357.6560769081116, 853.5964605212212)
0.0360010489821434, (326.8441841006279, 840.9198946356773)
0.03452090173959732, (373.31922149658203, 845.9296441078186)
0.03372710570693016, (366.90023601055145, 842.5141189098358)
0.03344154357910156, (320.48016983270645, 891.028671681881)
0.031962115317583084, (364.52939677238464, 896.1746035814285)
0.03159893676638603, (338.10844415426254, 918.5824129581451)
0.030595136806368828, (303.11602216959, 896.7719311714172)
0.0305258110165596, (312.60903561115265, 897.8799031376839)
0.030370555818080902, (374.885581612587, 833.0956818461418)
0.02858765795826912, (325.3033919930458, 886.5971016287804)
0.028497915714979172, (327.62814033031464, 843.2334862947464)
0.02834196574985981, (355.2894381284714, 872.6644634008408)
0.02712944708764553, (319.4808487892151, 894.8223136663437)
0.027094844728708267, (326.11647748947144, 885.176164329052)
0.02701365016400814, (319.99595284461975, 892.2340530157089)
0.026840917766094208, (315.183642745018, 897.6196945905685)
0.026811910793185234, (305.3458036184311, 895.3107112050056)
0.025138437747955322, (345.08940076828003, 860.4388726949692)
0.024796074256300926, (319.328764796257, 906.3989323377609)
0.024569259956479073, (347.1589255928993, 913.7398325800896)
0.024399345740675926, (317.6885313987732, 896.6088936328888)
0.02382141537964344, (375.4991681575775, 856.7793473601341)
0.023252736777067184, (348.89896553754807, 862.7972758412361)
0.023088598623871803, (390.5875804424286, 855.6422161459923)
0.022646496072411537, (329.73163408041, 883.4678455591202)
0.02216910943388939, (411.8909363746643, 854.4918162822723)
0.021844465285539627, (390.2739614248276, 843.5219006538391)
0.021477986127138138, (322.57613015174866, 891.5540148615837)
0.02138192020356655, (316.7968242764473, 896.072903752327)
0.021001061424613, (302.99121832847595, 899.7147110700607)
0.020923400297760963, (294.0981627702713, 896.7417390346527)
0.020633269101381302, (177.8825015425682, 851.5747791528702)
0.020607342943549156, (316.5970970392227, 894.6175633072853)
0.02052142843604088, (307.4386820793152, 924.5422613024712)
0.020416248589754105, (327.8896188735962, 885.7487820386887)
0.020202910527586937, (302.7121161222458, 896.4102611541748)
0.019980035722255707, (296.49913573265076, 904.0715953111649)
0.019936803728342056, (246.6147185564041, 655.7789311408997)
0.01912999525666237, (443.4153776168823, 763.505508005619)
0.018852144479751587, (179.02681830525398, 859.4547679424286)
0.01885145716369152, (429.2720685005188, 831.7342548370361)
0.018803199753165245, (440.5301648378372, 613.9288158416748)
0.018776491284370422, (338.62343406677246, 898.5995088815689)
0.018386753275990486, (367.0327330827713, 953.6345303058624)
0.01834176480770111, (354.5391083955765, 973.905292570591)
0.018158646300435066, (351.64138555526733, 867.1174528002739)
0.017701292410492897, (337.5094450712204, 952.7429882884026)
0.01750834286212921, (437.9438238143921, 609.9251001477242)
0.017351452261209488, (331.106941819191, 938.8981456160545)
0.017293188720941544, (43.639916226267815, 1296.2675313353539)
0.017241548746824265, (183.72501975297928, 860.5796633958817)
0.01716689206659794, (229.89867424964905, 643.6968325376511)
0.01702570542693138, (290.57103317976, 886.910702586174)
0.016906939446926117, (171.04631236195564, 855.4995980262756)
0.01683703437447548, (230.85313713550568, 654.061793088913)
0.016832731664180756, (338.11170864105225, 880.7140843272209)
0.016757836565375328, (43.289474710822105, 1288.5058480501175)
0.016756940633058548, (247.49930316209793, 665.0061248540878)
0.01671665906906128, (177.73685520887375, 856.3198707103729)
0.016655119135975838, (287.90097975730896, 852.5222560763359)
0.016637859866023064, (275.2720729112625, 881.6357390284538)
0.01655857264995575, (398.0721583366394, 927.0927023291588)
0.016340205445885658, (408.3574376106262, 872.105749964714)
0.01620754785835743, (261.92036759853363, 656.1208968162537)
0.01615244895219803, (407.3669055700302, 842.6204270124435)
0.016136785969138145, (311.042104780674, 899.7938462495804)
0.015970006585121155, (54.48084881901741, 1277.250855088234)
0.01595040038228035, (283.26524871587753, 831.0723319649696)
0.01571768894791603, (335.0580666065216, 886.1383400559425)
0.015699883922934532, (262.97783303260803, 666.6619251966476)
0.015662575140595436, (409.01540291309357, 809.6004788279533)
0.015641462057828903, (217.56332010030746, 652.7331801652908)
0.015606031753122807, (407.27723491191864, 857.5557619929314)
0.01560394000262022, (152.00716337561607, 586.7030565142632)
0.015539350919425488, (230.73235112428665, 630.5806532502174)
0.015229000709950924, (232.55987018346786, 650.5533873438835)
0.014931002631783485, (201.21349185705185, 636.1222610473633)
0.014921312220394611, (231.49208623170853, 510.52813655138016)
0.014835083857178688, (439.6557846069336, 619.8246250748634)
0.014827845618128777, (275.33809316158295, 898.9440965056419)
0.014784830622375011, (413.0593030452728, 915.1980333328247)
0.014618081040680408, (58.98928199708462, 1264.7815026044846)
0.01459097396582365, (240.07273268699646, 656.3012948334217)
0.01447426900267601, (66.6528530716896, 1248.5208122730255)
0.01435338705778122, (216.347949385643, 479.09148785471916)
0.014242341741919518, (434.10022163391113, 616.4669813811779)
0.014157436788082123, (54.47899970412254, 1309.2716024518013)
0.014146413654088974, (120.3131856918335, 573.6331585943699)
0.014140695333480835, (240.56320470571518, 672.2824298143387)
0.014046097174286842, (187.06282052397728, 853.3732770681381)
0.014025489799678326, (39.71244755387306, 522.3127631545067)
0.013975554145872593, (228.92608547210693, 914.7602473497391)
0.013962706550955772, (55.58045010268688, 1292.8671816587448)
0.013945084996521473, (214.59163266420364, 640.2039995789528)
0.013930155895650387, (476.4770953655243, 821.0215285420418)
0.013870195485651493, (315.2092792391777, 899.1418550014496)
0.013769049197435379, (35.138131096959114, 1190.8277704715729)
0.013713016174733639, (433.4956295490265, 617.2190436720848)
0.013671101070940495, (466.282399892807, 819.4008464217186)
0.013661499135196209, (66.8264244645834, 1263.494046330452)
0.013649232685565948, (327.0058789253235, 492.8714571595192)
0.013636077754199505, (215.60636299848557, 494.6095708012581)
0.01358820777386427, (230.2804137468338, 496.9402051270008)
0.013587160035967827, (35.61908074468374, 1264.7941356301308)
0.013577180914580822, (468.9346698522568, 765.968471288681)
0.013535993173718452, (39.38188973069191, 1292.6570284962654)
0.013530812226235867, (312.40841805934906, 461.7204419672489)
0.013465950265526772, (227.59828400611877, 651.7047009170055)
0.013465778902173042, (136.7463724911213, 587.5414444804192)
0.013451450504362583, (50.50803688168526, 1288.4096304774284)
0.01343667134642601, (56.6729174554348, 538.9029450416565)
0.013431210070848465, (240.6615273952484, 644.5250505208969)
0.013426074758172035, (251.24978756904602, 663.2100899815559)
0.013423232361674309, (457.64141750335693, 768.1867193579674)
0.01338773500174284, (421.49414336681366, 610.3250665068626)
0.013332245871424675, (297.85818952322006, 463.504399985075)
0.013325849547982216, (214.62952810525894, 624.9841831624508)
0.013287740759551525, (67.00585709512234, 1255.3783999681473)
0.013265764340758324, (217.0051385164261, 523.8738158047199)
0.013258632272481918, (168.30412063002586, 590.220519900322)
0.013216272927820683, (501.48438823223114, 650.6150428652763)
0.013138417154550552, (70.47907699644566, 1259.9211247563362)
0.01311130914837122, (232.6661143898964, 523.2052983343601)
0.013056927360594273, (328.65485566854477, 478.36576423048973)
0.013020503334701061, (469.12227511405945, 811.9949536323547)
0.013000117614865303, (245.50360596179962, 644.116662144661)
0.012983474880456924, (183.33200293779373, 845.9180439710617)
0.012955584563314915, (263.54763436317444, 526.7570059597492)
0.012818040326237679, (35.43353861570358, 1272.6113565564156)
0.012816531583666801, (488.0937373638153, 666.8171763420105)
0.01280793733894825, (246.82152265310287, 510.8363744318485)
0.012807291932404041, (424.1267350912094, 776.5120421648026)
0.012795108370482922, (264.6869402527809, 680.4323204159737)
0.01278986968100071, (200.0223650932312, 621.978436768055)
0.012767347507178783, (87.31254580616951, 543.2152561545372)
0.012736468575894833, (247.92788690328598, 524.9073005914688)
0.012728975154459476, (152.70543253421783, 875.8904932141304)
0.012706510722637177, (411.59635639190674, 621.8399104773998)
0.012695920653641224, (474.0929698944092, 817.5519753098488)
0.012688225135207176, (234.1083783507347, 655.8981900811195)
0.012656492181122303, (280.1617718935013, 542.9330391287804)
0.012640370987355709, (448.61088824272156, 766.3309358358383)
0.012625079602003098, (343.99200814962387, 602.3393655121326)
0.012624128721654415, (176.98557808995247, 868.9711705446243)
0.012616541236639023, (305.13457077741623, 548.4602659344673)
0.012596058659255505, (247.06521773338318, 659.6854758262634)
0.012591640464961529, (167.98423516750336, 874.1436397433281)
0.012564273551106453, (240.2331491112709, 517.3353907763958)
0.01254624966531992, (90.37428057193756, 546.0771131813526)
0.012544199824333191, (454.05682837963104, 618.3192689716816)
0.012537993490695953, (271.7941160798073, 516.8071872889996)
0.012513087131083012, (462.7893077135086, 831.8512890934944)
0.012472790665924549, (35.66602486371994, 1280.3795549869537)
0.012451887130737305, (35.897666454315186, 1288.1080269217491)
0.01244677510112524, (422.9586880207062, 856.953905582428)
0.012369155883789062, (146.43320056796074, 588.4625430107117)
0.012364682741463184, (249.0796571969986, 1034.056133210659)
0.012360647320747375, (409.7497526407242, 606.4874075651169)
0.012360403314232826, (375.2410682439804, 525.2906215488911)
0.012341690249741077, (455.1287671327591, 766.6118816137314)
0.01232797559350729, (110.7654293179512, 1317.718249976635)
0.012325896881520748, (134.8035919368267, 574.401866286993)
0.012316803447902203, (70.43889299035072, 1292.4624481201172)
0.012268917635083199, (342.8486616015434, 480.32527363300323)
0.01224239356815815, (391.89935624599457, 525.1304443180561)
0.012241247110068798, (343.5461660027504, 494.7442833483219)
0.012201957404613495, (151.13950616121292, 575.5987064242363)
0.012173110619187355, (312.1213030219078, 573.1537789702415)
0.012139798142015934, (200.13769507408142, 858.7600309848785)
0.012138521298766136, (43.39747101068497, 522.0425435304642)
0.012137395329773426, (66.6855835467577, 1279.357948422432)
0.01202521100640297, (120.52508056163788, 682.2567994594574)
0.012017582543194294, (249.41809087991714, 659.370603621006)
0.012012997642159462, (442.39708602428436, 777.8479647636414)
0.011981385760009289, (208.9687710404396, 517.6994841098785)
0.011951262131333351, (43.18650355190039, 1205.8584490418434)
0.011930076405405998, (439.12241768836975, 620.43681037426)
0.01191112119704485, (58.48928475379944, 1295.8494496941566)
0.01186766754835844, (483.40881073474884, 813.5146510004997)
0.011834976263344288, (246.45494133234024, 497.61201989650726)
0.01182161271572113, (90.76019769906998, 551.0365291833878)
0.011747854761779308, (455.0534784793854, 604.8803516328335)
0.011739647015929222, (368.44805932044983, 614.7411829531193)
0.011732486076653004, (59.18460902571678, 1279.4728374481201)
0.011723113246262074, (373.6419491171837, 540.7708451449871)
0.011692121624946594, (243.9987916946411, 1029.4909232258797)
0.011660564690828323, (27.362708546221256, 512.9421965181828)
0.01165679469704628, (169.10156854987144, 461.90028381347656)
0.011653181165456772, (71.20240622758865, 541.3197064101696)
0.011651517823338509, (183.73428815603256, 619.6949180662632)
0.0116176912561059, (90.43249344825745, 447.4741630554199)
0.011604726314544678, (566.4362154006958, 761.0027387738228)
0.011576020158827305, (430.1293272972107, 613.0083529353142)
0.011568493209779263, (152.38859468698502, 890.4206179380417)
0.011544113047420979, (99.42715901136398, 414.1816513836384)
0.01151799876242876, (257.2478597164154, 663.2537096738815)
0.011499104090034962, (39.16106317937374, 510.4178160727024)
0.011495987884700298, (35.14124149084091, 516.4274417161942)
0.011492282152175903, (103.80368295311928, 558.6659232378006)
0.011484500952064991, (58.94174148142338, 1304.1637285351753)
0.011473684571683407, (505.6457185745239, 653.373213738203)
0.011461165733635426, (103.54416766762733, 414.9072558283806)
0.011447090655565262, (410.0190385580063, 649.8685025572777)
0.011435170657932758, (152.06648343801498, 477.86501175165176)
0.011433575302362442, (472.98911678791046, 826.2059156894684)
0.011430078186094761, (462.5629395246506, 773.3989150524139)
0.01142160128802061, (35.64386687427759, 521.661367803812)
0.011406348086893559, (271.8882839679718, 673.8709334731102)
0.011397876776754856, (39.470932602882385, 1277.0663652420044)
0.011381033807992935, (135.96629711985588, 446.25356647372246)
0.011378314346075058, (455.1846058368683, 751.3165451288223)
0.01136452704668045, (119.11342972517014, 557.6979871690273)
0.011342046782374382, (78.59551000595093, 1317.4598688483238)
0.011289399117231369, (231.78385829925537, 480.35276436805725)
0.0112615330144763, (328.1515083312988, 587.273171454668)
0.011256400495767593, (392.08933568000793, 541.1147176921368)
0.011214609257876873, (326.5514075756073, 574.737356543541)
0.011205581948161125, (279.8856830596924, 669.1789165139198)
0.01120111346244812, (423.5119614601135, 809.789735853672)
0.011193974874913692, (423.6371077299118, 749.4489231109619)
0.011170507408678532, (167.3525798022747, 731.7770681977272)
0.011147897690534592, (87.57773399353027, 557.7407328784466)
0.011137982830405235, (439.53643679618835, 667.7926207184792)
0.01110581960529089, (58.98807778954506, 1288.0997638106346)
0.011104625649750233, (293.7447535395622, 542.270480632782)
0.011087668128311634, (565.04472219944, 751.5630083084106)
0.011082774959504604, (296.65688121318817, 694.9464750885963)
0.011064675636589527, (27.640911877155304, 1189.8130763173103)
0.011051529087126255, (23.369741827249527, 494.7705425620079)
0.011042497120797634, (289.0142610669136, 910.659599006176)
0.0110159395262599, (444.3839942216873, 765.7313041090965)
0.011007355526089668, (294.827102124691, 525.1011261641979)
0.011005803011357784, (507.66413021087646, 765.5437950491905)
0.01098761148750782, (67.14173850417137, 1270.9733536839485)
0.010985558852553368, (233.57261443138123, 1034.7298945784569)
0.010969960130751133, (183.49337816238403, 445.34386944770813)
0.010954564437270164, (138.01569855213165, 583.1248115897179)
0.010945599526166916, (55.438484877347946, 526.8250971734524)
0.010939334519207478, (136.18096566200256, 460.228076428175)
0.010935620404779911, (186.83479726314545, 635.4174732863903)
0.010922100394964218, (35.48504274338484, 1197.7183311581612)
0.010900435037910938, (359.442778468132, 510.4464986026287)
0.010895839892327785, (208.3263520002365, 611.9938176870346)
0.010888421908020973, (70.93391931056976, 1244.0605596899986)
0.010883579961955547, (440.01789152622223, 683.7900038361549)
0.010882697999477386, (335.19092893600464, 485.3784441649914)
0.01085952203720808, (200.25498831272125, 480.5120278894901)
0.010838765650987625, (465.1936593055725, 765.0726388096809)
0.010809175670146942, (103.98052453994751, 444.3708483874798)
0.010742923244833946, (183.49626597762108, 731.4819797873497)
0.010717513039708138, (168.2358745932579, 889.6098001599312)
0.010693399235606194, (280.08210015296936, 556.3455780744553)
0.010668579488992691, (407.5234639644623, 541.7251152992249)
0.010660127736628056, (70.3566302061081, 1309.1663272380829)
0.010630778037011623, (263.74806928634644, 512.7088828086853)
0.0106307128444314, (88.42309910058975, 684.4143454432487)
0.010626731440424919, (198.68682473897934, 606.4074778556824)
0.01062390860170126, (39.493792571127415, 495.2286287844181)
0.010619825683534145, (208.2066389322281, 644.7851796150208)
0.010614420287311077, (263.5669701695442, 539.6265234351158)
0.01061395462602377, (55.17464357614517, 511.3265596628189)
0.010604779236018658, (494.844650387764, 803.30597448349)
0.010603860020637512, (399.4970269203186, 644.016869187355)
0.010573840700089931, (358.5176046490669, 494.51867657899857)
0.010553834959864616, (39.444411501288414, 1195.5852566957474)
0.01054888591170311, (336.3231807947159, 581.1593034863472)
0.01054825447499752, (184.6192266047001, 746.7958288192749)
0.010539797134697437, (487.71437203884125, 654.1122060120106)
0.010531103238463402, (104.88889652490616, 684.6196519732475)
0.0105193592607975, (236.37463986873627, 1037.1722000837326)
0.010518296621739864, (232.69076925516129, 666.5284441709518)
0.010499082505702972, (518.6528949737549, 651.3137127459049)
0.01048818975687027, (455.218300819397, 684.498645067215)
0.010480102151632309, (23.550298765301704, 507.35939234495163)
0.010476458817720413, (15.801383048295975, 1317.2126905918121)
0.010442016646265984, (467.0678399801254, 821.8491109013557)
0.010411168448626995, (183.4733004271984, 606.0934796333313)
