0.531561553478241, (645.0358390808105, 245.32737374305725)
0.20730987191200256, (607.863187789917, 454.7088705301285)
0.19104257225990295, (613.9444351196289, 447.0010705590248)
0.1760547012090683, (598.9214420318604, 451.43138894438744)
0.11415719985961914, (626.8308162689209, 257.80523630976677)
0.11386008560657501, (645.5989837646484, 252.62044122815132)
0.11215408891439438, (644.7910308837891, 246.1181356459856)
0.09268370270729065, (648.3861923217773, 260.69230219721794)
0.06365198642015457, (639.9168014526367, 389.47266286611557)
0.06057807803153992, (645.2703475952148, 228.78789953887463)
0.05955859646201134, (586.6328716278076, 391.70020496845245)
0.058443501591682434, (631.5435409545898, 247.0617237240076)
0.05300886556506157, (618.7268257141113, 247.0381495654583)
0.052325520664453506, (621.4262008666992, 296.7461194396019)
0.051150109618902206, (596.2222576141357, 452.6847742795944)
0.04994555562734604, (582.9213619232178, 343.7986546456814)
0.04859263449907303, (632.7271938323975, 255.86666330695152)
0.04799841716885567, (671.3428020477295, 243.92328649759293)
0.04757275432348251, (616.3803100585938, 454.67053014039993)
0.04641265794634819, (652.0554065704346, 248.17938062548637)
0.04608669877052307, (673.8010406494141, 223.45031282305717)
0.04478001594543457, (520.9696769714355, 205.52697506546974)
0.042274270206689835, (522.1372604370117, 213.20774678885937)
0.041555970907211304, (641.8962478637695, 328.9058310985565)
0.03957252949476242, (509.7893714904785, 211.5170910358429)
0.0394878163933754, (539.786434173584, 211.59527434408665)
0.03926527872681618, (649.4586944580078, 291.5599772632122)
0.03891604021191597, (563.9604091644287, 292.8777813613415)
0.038619570434093475, (629.7778606414795, 246.78163163363934)
0.03847241774201393, (631.2764167785645, 231.54229386150837)
0.03829001262784004, (512.3276233673096, 232.77371118962765)
0.037892475724220276, (643.610954284668, 229.96776458621025)
0.0367811881005764, (664.684534072876, 382.59225541353226)
0.03676728904247284, (558.171558380127, 280.1042142212391)
0.035985540598630905, (615.4768943786621, 423.59257012605667)
0.03587710112333298, (502.4977207183838, 207.60853008925915)
0.035782262682914734, (597.8228092193604, 131.94896936416626)
0.03553113341331482, (636.5431308746338, 223.91974081099033)
0.03543684631586075, (710.6722831726074, 350.33054450154305)
0.03526873514056206, (563.439416885376, 414.61352717876434)
0.03486701101064682, (656.8539142608643, 231.08405712246895)
0.03474733233451843, (641.7584419250488, 244.01160755753517)
0.034369368106126785, (562.671709060669, 397.8603312075138)
0.03371962159872055, (533.226490020752, 233.064666390419)
0.033595796674489975, (635.6961250305176, 242.98080372810364)
0.03349585086107254, (572.7990627288818, 177.4625006020069)
0.033112216740846634, (511.7739677429199, 209.89342734217644)
0.03274818882346153, (709.4578742980957, 338.02352118492126)
0.03226356953382492, (643.7169075012207, 220.06513273715973)
0.03196417912840843, (621.735429763794, 224.80773532390594)
0.03166843205690384, (641.5275573730469, 276.64009092748165)
0.03159303590655327, (636.5302085876465, 227.50722689926624)
0.03156852349638939, (629.5042037963867, 227.99414984881878)
0.03156803548336029, (619.2724227905273, 232.83327695727348)
0.031459227204322815, (643.7432765960693, 232.7686509490013)
0.031439051032066345, (643.9135551452637, 225.09449380636215)
0.031327806413173676, (650.5855083465576, 233.05121271312237)
0.03130112960934639, (618.4774398803711, 238.8511638045311)
0.03108946420252323, (582.3506355285645, 115.30430087447166)
0.031060488894581795, (618.9863681793213, 256.0700746178627)
0.03086559846997261, (540.8051490783691, 198.23891600966454)
0.030630560591816902, (634.8199844360352, 234.5815987288952)
0.03055489808320999, (641.9202327728271, 419.2962704002857)
0.030357887968420982, (589.1007423400879, 439.9256452322006)
0.030293039977550507, (637.082052230835, 219.16900384426117)
0.030139202252030373, (571.925163269043, 194.9879963696003)
0.02995230071246624, (612.3172760009766, 174.63838548958302)
0.029903406277298927, (627.9964447021484, 176.78214865922928)
0.029897408559918404, (702.9303073883057, 278.44488705694675)
0.02971678040921688, (627.3992538452148, 235.62381832301617)
0.029697097837924957, (558.3921432495117, 186.29723170399666)
0.02959049865603447, (650.2070426940918, 225.94533959031105)
0.029547998681664467, (653.4744262695312, 242.24147321283817)
0.029371211305260658, (622.675371170044, 222.92411687970161)
0.029200183227658272, (630.0014495849609, 194.86415000259876)
0.02909383364021778, (536.9082927703857, 208.72321647405624)
0.029087012633681297, (629.3760299682617, 220.91385425627232)
0.028864892199635506, (611.785364151001, 239.06835693120956)
0.028774043545126915, (592.5748348236084, 127.33934057503939)
0.028670119121670723, (651.4500141143799, 246.56119166314602)
0.028640994802117348, (509.5123291015625, 205.8542672842741)
0.02860620804131031, (650.0836372375488, 241.6948290616274)
0.028582759201526642, (692.689847946167, 370.90942054986954)
0.02853216789662838, (506.57215118408203, 212.47159403562546)
0.028514469042420387, (579.9184322357178, 204.5049964338541)
0.02839692123234272, (622.3792552947998, 247.05889137089252)
0.028275515884160995, (626.9326686859131, 243.4450505822897)
0.028055479750037193, (576.5562534332275, 117.64861709624529)
0.0280245803296566, (597.678804397583, 454.4078121185303)
0.027705669403076172, (571.7601776123047, 339.08952218294144)
0.027649231255054474, (651.2245178222656, 219.19382147490978)
0.027453191578388214, (664.6201133728027, 226.62025134265423)
0.027444016188383102, (657.7166557312012, 225.6807390898466)
0.027354316785931587, (468.2979106903076, 387.8122131228447)
0.027322186157107353, (573.3278274536133, 211.516590192914)
0.02731192484498024, (610.2396488189697, 454.98706287145615)
0.02725140005350113, (584.1731548309326, 148.85813473165035)
0.027180230244994164, (598.9497661590576, 432.0853809416294)
0.027086134999990463, (674.9114036560059, 390.28606632351875)
0.027040570974349976, (569.2549705505371, 184.72353141009808)
0.02702302671968937, (578.7843227386475, 216.71813760697842)
0.026993611827492714, (511.34729385375977, 210.35888312757015)
0.026964323595166206, (657.9971313476562, 235.80220475792885)
0.026883484795689583, (601.6417503356934, 246.48083227872849)
0.026756590232253075, (618.6971664428711, 245.2823151499033)
0.026738515123724937, (612.6853942871094, 429.25437492132187)
0.026569049805402756, (590.135669708252, 419.7712767422199)
0.026532629504799843, (643.0388927459717, 244.09581825137138)
0.02646760269999504, (572.3100185394287, 161.3714017122984)
0.026411280035972595, (643.3888912200928, 247.9163690060377)
0.026335515081882477, (580.3257942199707, 121.66516150534153)
0.02624032087624073, (518.5611248016357, 209.63038118183613)
0.026191765442490578, (635.3209495544434, 212.87976375222206)
0.026018129661679268, (726.6783714294434, 351.49025493860245)
0.025965003296732903, (656.2897682189941, 244.6869165301323)
0.02589503861963749, (703.6734580993652, 282.98121143877506)
0.02577902562916279, (701.2604236602783, 222.32531598210335)
0.02575535513460636, (670.4239845275879, 226.94198247790337)
0.02564386837184429, (599.2406845092773, 148.31016075611115)
0.0255883801728487, (657.2216033935547, 253.64388784766197)
0.02539960853755474, (586.7632389068604, 164.66755264997482)
0.02533719874918461, (659.2929840087891, 217.26447089016438)
0.025182247161865234, (608.3479881286621, 452.4548355638981)
0.025171499699354172, (506.70552253723145, 222.62331752479076)
0.02495962753891945, (675.9993553161621, 259.67078986763954)
0.024793295189738274, (726.5966892242432, 335.90298676490784)
0.02478237822651863, (602.0740985870361, 238.73308576643467)
0.02467084862291813, (634.1763973236084, 449.16816610097885)
0.024644633755087852, (632.9189300537109, 265.08144783973694)
0.02462228573858738, (588.6013031005859, 445.3153368830681)
0.024532649666070938, (635.5117321014404, 249.44157388806343)
0.024519888684153557, (656.216287612915, 243.1465481966734)
0.024487292394042015, (628.0257701873779, 212.2849695980549)
0.02445451356470585, (548.8062381744385, 190.51431189477444)
0.024381134659051895, (575.5200862884521, 122.03070776164532)
0.024305537343025208, (573.9513397216797, 117.91182732582092)
0.02426055073738098, (631.4462184906006, 245.6164982765913)
0.024258991703391075, (628.5218715667725, 250.16216596961021)
0.02422347478568554, (627.7182579040527, 187.2080059349537)
0.024180125445127487, (467.0392036437988, 330.5653482377529)
0.024169515818357468, (613.0162715911865, 246.99132938683033)
0.024168334901332855, (678.1976222991943, 217.1770133525133)
0.023970257490873337, (607.471752166748, 240.2844208329916)
0.02387283556163311, (602.2534370422363, 121.28082500398159)
0.023816274479031563, (598.9213466644287, 177.86004899442196)
0.02378114126622677, (664.4880294799805, 235.00857596099377)
0.023753482848405838, (634.2144966125488, 195.98111608624458)
0.023719215765595436, (590.8756256103516, 458.09356704354286)
0.023661602288484573, (655.8267593383789, 245.72044909000397)
0.023647120222449303, (590.1103019714355, 452.9210339784622)
0.023509440943598747, (650.5937576293945, 246.80574117600918)
0.023377031087875366, (597.7847099304199, 423.28916293382645)
0.0233641117811203, (662.2769355773926, 244.16673070192337)
0.02333643101155758, (627.3471832275391, 204.72631719708443)
0.02331255003809929, (641.3591861724854, 445.02367359399796)
0.02328355610370636, (680.3931713104248, 211.02835468947887)
0.02328156679868698, (571.5651512145996, 148.4735737144947)
0.023274077102541924, (577.0287036895752, 109.49809788167477)
0.023156316950917244, (571.4140892028809, 196.92320163547993)
0.02287469618022442, (650.8467197418213, 210.73684683442116)
0.02283758856356144, (672.5845336914062, 224.9394052028656)
0.02282463014125824, (569.7903633117676, 166.94333110749722)
0.02271711640059948, (662.544584274292, 243.4548256546259)
0.022658811882138252, (603.5277843475342, 427.254353672266)
0.02256220206618309, (663.5940551757812, 240.34597270190716)
0.02253052406013012, (559.7723484039307, 207.03889897465706)
0.02252456545829773, (514.5485877990723, 213.38357719779015)
0.022427359595894814, (619.4913387298584, 418.9995986819267)
0.022408870980143547, (584.3725681304932, 132.96107793599367)
0.02240009419620037, (662.2678756713867, 245.77799421548843)
0.022374846041202545, (523.3601093292236, 213.69565415382385)
0.022283941507339478, (621.1926460266113, 212.97658187150955)
0.022267408668994904, (626.8588066101074, 424.3898775279522)
0.022267190739512444, (654.5606136322021, 246.53975903987885)
0.02214277908205986, (603.9578914642334, 419.3654212653637)
0.022134972736239433, (575.4733562469482, 134.94513265788555)
0.022128606215119362, (593.4323310852051, 370.7335383296013)
0.022121306508779526, (581.0064315795898, 216.31851676106453)
0.022089069709181786, (692.2616481781006, 215.7063139975071)
0.02206408604979515, (502.2728443145752, 211.8269055634737)
0.02204647846519947, (611.8732452392578, 420.74363738298416)
0.021989455446600914, (596.0583686828613, 429.4559901058674)
0.02194211259484291, (531.0498237609863, 393.31433537602425)
0.021906958892941475, (646.6095447540283, 256.86296078562737)
0.021855726838111877, (608.6496353149414, 244.8071015626192)
0.021784210577607155, (668.6825275421143, 240.43980303406715)
0.02172233723104, (595.9815502166748, 433.58594089746475)
0.021559542044997215, (603.5515308380127, 434.5119822025299)
0.021523354575037956, (639.9027347564697, 419.3033512830734)
0.021517159417271614, (621.1440563201904, 412.69788932800293)
0.021469293162226677, (612.782621383667, 427.5277448296547)
0.02144586481153965, (643.7866687774658, 409.8198386132717)
0.021412717178463936, (588.7050151824951, 425.9523002207279)
0.021341795101761818, (598.5190391540527, 230.14549474418163)
0.021185092628002167, (611.2710952758789, 434.49668058753014)
0.021005714312195778, (619.3684101104736, 427.3261296451092)
0.020981747657060623, (596.8248844146729, 445.66976097226143)
0.020958231762051582, (560.869312286377, 174.76079840958118)
0.020934181287884712, (755.501651763916, 248.39154805243015)
0.020904049277305603, (640.8027648925781, 433.58293583989143)
0.020889218896627426, (609.6902370452881, 441.48157423734665)
0.020859399810433388, (506.8443775177002, 212.09611727297306)
0.020846402272582054, (685.8091831207275, 216.5850342810154)
0.020799478515982628, (627.0985126495361, 419.8696146607399)
0.020752282813191414, (597.2209453582764, 414.8543462753296)
0.020708873867988586, (588.4862422943115, 432.2692421078682)
0.02063215896487236, (479.3689250946045, 232.8365756124258)
0.02062329463660717, (541.1393165588379, 222.61996705830097)
0.020528489723801613, (489.4313335418701, 357.20079693198204)
0.02051280438899994, (618.8611030578613, 243.11402794718742)
0.02049640379846096, (621.5085029602051, 197.04782517254353)
0.020437534898519516, (588.1410121917725, 436.3142913877964)
0.02039511688053608, (588.0756855010986, 116.50572807341814)
0.020318182185292244, (551.2596607208252, 201.03263513743877)
0.020305875688791275, (626.9938945770264, 425.0432184934616)
0.020248664543032646, (604.7929286956787, 411.25901940464973)
0.020223602652549744, (566.6213989257812, 437.7788597345352)
0.020204883068799973, (671.1705207824707, 233.42820927500725)
0.020127560943365097, (572.6813793182373, 101.95834798365831)
0.02010638266801834, (574.6067523956299, 127.67641650140285)
0.020058630034327507, (634.9361419677734, 249.80684381723404)
0.019778020679950714, (670.8127975463867, 243.33707575500011)
0.019752075895667076, (626.6420364379883, 430.9612821638584)
0.01968313939869404, (556.6997528076172, 337.7164181172848)
0.01965499483048916, (670.4327583312988, 238.78895565867424)
0.019651109352707863, (622.1388339996338, 204.22868657112122)
0.019624261185526848, (503.6815643310547, 210.74788264930248)
0.01959844119846821, (663.1550312042236, 396.6193460524082)
0.019595876336097717, (531.2864303588867, 445.4916335940361)
0.019553622230887413, (629.2576313018799, 411.6414906978607)
0.019480757415294647, (530.157470703125, 423.3291958272457)
0.019467275589704514, (603.6567211151123, 443.2100004553795)
0.019452208653092384, (620.8027362823486, 434.52914902567863)
0.019369810819625854, (621.5213298797607, 441.0232511460781)
0.019366169348359108, (580.8752536773682, 435.8298899233341)
0.019352369010448456, (678.7592887878418, 223.88642612099648)
0.01930086687207222, (595.3835964202881, 444.008482247591)
0.019291244447231293, (682.7388286590576, 394.061178535223)
0.01925572380423546, (588.8038635253906, 445.3239030241966)
0.01921982318162918, (586.5487575531006, 476.840048789978)
0.019212789833545685, (594.5220470428467, 477.79437908530235)
0.019188454374670982, (634.7153663635254, 416.05098092556)
0.019178034737706184, (670.5607891082764, 244.4776505380869)
0.01917177066206932, (696.8698978424072, 278.08989304304123)
0.01913554221391678, (490.27929306030273, 343.51400315761566)
0.018981188535690308, (673.8815307617188, 403.25717282295227)
0.01891021430492401, (683.8076114654541, 222.355711966753)
0.01880989968776703, (597.563886642456, 407.504424482584)
0.01871488429605961, (619.9365139007568, 450.74865368008614)
0.018693869933485985, (601.0806083679199, 238.2762652039528)
0.018682509660720825, (584.1930866241455, 426.5601508319378)
0.018675098195672035, (642.4058437347412, 415.420713275671)
0.018645986914634705, (677.690315246582, 230.86368623375893)
0.018619079142808914, (654.1040420532227, 413.101603269577)
0.018597256392240524, (596.0124969482422, 328.3173579275608)
0.018552718684077263, (582.2491645812988, 441.7022559940815)
0.018551837652921677, (470.72157859802246, 442.6488491296768)
0.018535872921347618, (663.236665725708, 247.175691395998)
0.018516965210437775, (634.5921516418457, 432.48809319734573)
0.018434319645166397, (581.7110538482666, 425.07250916957855)
0.01842043735086918, (605.6590557098389, 405.832334458828)
0.018296759575605392, (692.952823638916, 382.919115871191)
0.018253328278660774, (562.4309539794922, 234.86105181276798)
0.01820252649486065, (624.7795581817627, 439.25986954569817)
0.01819075271487236, (542.9611206054688, 196.23177933692932)
0.018126608803868294, (635.3308200836182, 423.4832827448845)
0.018114155158400536, (612.2070789337158, 445.05659106373787)
0.01809046044945717, (570.8589553833008, 353.0958192050457)
0.01800449565052986, (502.76079177856445, 215.5158727914095)
0.017955932766199112, (650.3448009490967, 409.307666271925)
0.017939241603016853, (534.0549468994141, 197.8121114820242)
0.017887473106384277, (574.9841213226318, 453.8699413537979)
0.017864184454083443, (595.2494144439697, 218.70950636267662)
0.017837975174188614, (603.8236618041992, 450.0857448875904)
0.017795152962207794, (620.1732635498047, 445.6600549817085)
0.01778353750705719, (494.74315643310547, 214.20299077033997)
0.01772483065724373, (658.1709861755371, 248.64823868870735)
0.017690269276499748, (576.771354675293, 461.0841519832611)
0.017645107582211494, (688.7059211730957, 221.32891488075256)
0.017440319061279297, (488.9948844909668, 352.2194477021694)
0.01743636466562748, (651.9193649291992, 249.6944477558136)
0.01735338754951954, (527.0267963409424, 335.98063468933105)
0.01728247106075287, (567.3159599304199, 341.72416323423386)
0.01726863719522953, (763.6411666870117, 241.95476654171944)
0.017258435487747192, (488.77015113830566, 356.4831753671169)
0.017192702740430832, (710.6912612915039, 367.61183616518974)
0.01714426651597023, (592.4990653991699, 240.53137093782425)
0.017108779400587082, (603.465461730957, 452.12448647618294)
0.017089081928133965, (563.2401466369629, 263.5747050642967)
0.01704755425453186, (530.7390689849854, 208.7119561433792)
0.01703321747481823, (656.7350387573242, 410.57338270545006)
0.017012186348438263, (641.1299228668213, 424.25261202454567)
0.016938263550400734, (669.5301532745361, 248.00819596648216)
0.016901789233088493, (488.3709907531738, 326.16463139653206)
0.01689976640045643, (497.7553367614746, 204.9962024539709)
0.016895417124032974, (593.9370155334473, 267.4383455812931)
0.016830209642648697, (697.1655368804932, 275.44791205227375)
0.01680018939077854, (568.721866607666, 136.32182897627354)
0.016763515770435333, (561.9716167449951, 368.9343032836914)
0.01673205941915512, (647.5448131561279, 459.27282762527466)
