0.09882134199142456, (610.4865560531616, 396.601803034544)
0.07817403227090836, (623.5834876298904, 391.0125234425068)
0.07586918026208878, (623.9640201330185, 388.04984056949615)
0.0716983824968338, (611.3344377279282, 395.70823496580124)
0.06105663254857063, (623.8876436948776, 394.7111793756485)
0.05640110746026039, (610.4667077064514, 391.5820822119713)
0.05580514669418335, (628.6764146089554, 382.26069697737694)
0.053398266434669495, (624.9045538902283, 377.111110240221)
0.05272413045167923, (619.1813625097275, 399.5172113776207)
0.05219067633152008, (611.3284435272217, 402.9676561653614)
0.048740535974502563, (595.5837028026581, 397.8639138042927)
0.04075432941317558, (621.6029798984528, 383.67579448223114)
0.03978567570447922, (621.5304540395737, 385.5364246368408)
0.03550761938095093, (617.7855076789856, 380.06255051493645)
0.035185471177101135, (597.0647864341736, 419.91652858257294)
0.034520573914051056, (629.4942458868027, 384.85726046562195)
0.03434155881404877, (629.0157022476196, 381.4081663787365)
0.0343208834528923, (609.9173848628998, 374.77821150422096)
0.03337416797876358, (625.9251161813736, 401.5747260451317)
0.033156219869852066, (599.3884720802307, 410.30049192905426)
0.03191353380680084, (614.1549671888351, 390.5222190320492)
0.03190905973315239, (629.368129491806, 373.29553923010826)
0.03118707239627838, (621.6816984415054, 390.26173239946365)
0.030495569109916687, (614.2803690433502, 390.9609187245369)
0.03035365417599678, (611.9402092695236, 419.6373704969883)
0.029407788068056107, (607.14115691185, 402.51544946432114)
0.02825072593986988, (533.8215626478195, 495.4605123400688)
0.027233315631747246, (622.3472929000854, 393.7907164692879)
0.027050897479057312, (622.2144280672073, 390.8672833740711)
0.026945753023028374, (606.5757966041565, 397.8239489495754)
0.02688419632613659, (626.6347739696503, 428.9150963127613)
0.02679423801600933, (595.8672959804535, 384.36985608935356)
0.026742443442344666, (316.9274836778641, 640.8590894937515)
0.02663237601518631, (580.8598022460938, 406.66317370533943)
0.02605651132762432, (582.8848893642426, 471.699697971344)
0.0259918961673975, (607.1211100816727, 392.3142812550068)
0.025763221085071564, (541.3530575037003, 496.6469838619232)
0.025545816868543625, (614.45654296875, 393.66724652051926)
0.025532959029078484, (613.9928855895996, 397.4833339750767)
0.025387147441506386, (614.8130589723587, 415.4444375038147)
0.025103121995925903, (599.5437258481979, 398.03636652231216)
0.025097783654928207, (309.4540452361107, 635.6182907223701)
0.025087302550673485, (637.1927447319031, 381.0352934896946)
0.025035465136170387, (626.4314475059509, 415.7846154868603)
0.024861963465809822, (308.6812895536423, 643.1745880246162)
0.02484685555100441, (575.3902727365494, 477.92043021321297)
0.024691833183169365, (637.3642344474792, 384.2066199183464)
0.02414874918758869, (641.5917735099792, 386.9147354066372)
0.02398831397294998, (641.367963552475, 374.96031776070595)
0.02384803630411625, (569.7909747362137, 422.05679354071617)
0.02362734265625477, (609.3373367786407, 356.3210432231426)
0.023346535861492157, (637.4231840372086, 380.39013519883156)
0.023342320695519447, (310.4827651977539, 643.1652125716209)
0.02324656955897808, (596.9671722650528, 410.3937300145626)
0.023222314193844795, (611.9361205101013, 432.84313303232193)
0.023214191198349, (637.5165109634399, 372.9473762214184)
0.023160994052886963, (310.64192909002304, 640.9788251519203)
0.02294975146651268, (607.5951282978058, 398.3466304540634)
0.022844739258289337, (582.4633104801178, 471.935395270586)
0.022644469514489174, (528.4446852207184, 496.4374663233757)
0.0224996879696846, (305.8020089864731, 644.2720721960068)
0.022368118166923523, (534.9860254526138, 500.622414290905)
0.02231677807867527, (606.9412443637848, 406.63870218396187)
0.022279012948274612, (515.2013919353485, 724.8435234427452)
0.022220510989427567, (534.0004359483719, 492.70301681756973)
0.022168057039380074, (596.9233074188232, 403.44294396042824)
0.02216329239308834, (599.2061451673508, 413.492992579937)
0.021704373881220818, (607.024924993515, 403.2060945928097)
0.021469663828611374, (566.795978307724, 416.85031846165657)
0.021434729918837547, (615.001935839653, 342.6184214055538)
0.021239275112748146, (324.13191747665405, 638.9474107921124)
0.02117396891117096, (316.21326076984406, 643.6663225889206)
0.021153125911951065, (600.389106631279, 409.4546353816986)
0.020981090143322945, (547.81123316288, 494.58049100637436)
0.020863058045506477, (543.1255942583084, 499.9950931966305)
0.02081245742738247, (510.17729902267456, 728.9356703162193)
0.02081131376326084, (598.675320982933, 374.9938071966171)
0.020693670958280563, (614.8737949132919, 402.11500638723373)
0.02052592858672142, (600.5457497835159, 407.2407969534397)
0.0205093901604414, (305.5219289660454, 645.4964427947998)
0.02048415318131447, (580.8171679973602, 414.1683827340603)
0.020233605057001114, (599.2553293704987, 389.6356825530529)
0.020220860838890076, (469.9387854337692, 653.8027763366699)
0.020051222294569016, (582.2551807165146, 427.21508038043976)
0.019864307716488838, (340.8188592195511, 717.8172570466995)
0.019793923944234848, (316.3398138284683, 640.468697220087)
0.019751032814383507, (310.0161702632904, 649.927138864994)
0.01970972865819931, (610.8815381526947, 490.231830149889)
0.01963488757610321, (509.3823330402374, 719.1438836455345)
0.019535403698682785, (514.825345158577, 733.8345828652382)
0.019497472792863846, (468.5168101787567, 638.9662808775902)
0.019495995715260506, (596.2589832544327, 450.2515218257904)
0.01916494220495224, (503.626788854599, 719.3015978336334)
0.01908011920750141, (591.7693666219711, 412.43273213505745)
0.018985047936439514, (607.0909802913666, 414.08436119556427)
0.01879192143678665, (629.939960360527, 418.9654365479946)
0.018703630194067955, (511.01612985134125, 734.7833310365677)
0.018688464537262917, (509.5773628950119, 725.7316489815712)
0.018109673634171486, (638.4267958402634, 291.2042714357376)
0.018066171556711197, (511.64337730407715, 738.7466846108437)
0.017966656014323235, (531.487833738327, 496.7688647508621)
0.017891930416226387, (579.0762298107147, 475.8383248448372)
0.017858613282442093, (610.3350337743759, 844.352740585804)
0.01780705899000168, (584.3707762956619, 422.59933829307556)
0.017747551202774048, (501.59269058704376, 732.4505117535591)
0.01762387901544571, (542.2865649461746, 490.94337141513824)
0.017618924379348755, (483.25512063503265, 414.6275812983513)
0.017553364858031273, (504.15924060344696, 729.4375748634338)
0.01742934063076973, (595.2211925983429, 488.50209879875183)
0.017121559008955956, (516.3659341335297, 747.4677627682686)
0.01711762696504593, (515.5785502195358, 705.5229395031929)
0.01706407032907009, (562.7658509016037, 510.52507761120796)
0.017018955200910568, (339.68321621418, 705.2985642552376)
0.017007026821374893, (584.8150219917297, 420.7721578478813)
0.01686922274529934, (611.3694105148315, 504.7092378139496)
0.01677277684211731, (592.2041248083115, 416.4799086153507)
0.016692521050572395, (626.6664519309998, 462.2473742067814)
0.016516856849193573, (531.75967669487, 717.4226140379906)
0.016381697729229927, (318.62326687574387, 642.9549005031586)
0.016349496319890022, (309.78150326013565, 644.1254019737244)
0.016302645206451416, (304.4094688296318, 643.5328812897205)
0.016246795654296875, (468.33130753040314, 413.40626963973045)
0.015956636518239975, (548.429429769516, 480.0349921286106)
0.015953581780195236, (399.84831869602203, 557.6845198869705)
0.015936050564050674, (452.50197315216064, 399.7941845059395)
0.01592209003865719, (595.28673183918, 860.9532513618469)
0.01587607152760029, (515.7191956043243, 757.3672876954079)
0.015840834006667137, (547.5401841402054, 524.8609794974327)
0.01580493152141571, (576.9459067583084, 423.8688381910324)
0.015736423432826996, (532.0144500732422, 732.6910954117775)
0.01573372073471546, (595.4232090711594, 505.84918960928917)
0.01572757214307785, (483.82306122779846, 653.7153780460358)
0.015652073547244072, (324.0800537467003, 626.9680051803589)
0.015650149434804916, (404.69111680984497, 559.1058544516563)
0.015621430240571499, (591.9286297559738, 422.1308834552765)
0.015617934055626392, (594.9132256507874, 846.9431464672089)
0.015593115240335464, (595.1646645069122, 349.57373628020287)
0.015570618212223053, (468.41558361053467, 386.73072227835655)
0.01555620413273573, (437.4576805830002, 624.6266844272614)
0.015499908477067947, (467.29137325286865, 400.2990685403347)
0.015481981448829174, (524.9560207128525, 515.7507008612156)
0.01544309500604868, (567.3203716278076, 518.9525769650936)
0.015404729172587395, (562.9146341085434, 524.826020181179)
0.01530071347951889, (531.2354818582535, 747.1768059134483)
0.015232391655445099, (501.85520482063293, 745.7756524085999)
0.015213491395115852, (453.548219203949, 652.5465848147869)
0.015184713527560234, (294.6312403678894, 643.2587287425995)
0.015074538998305798, (483.68531370162964, 622.0620213150978)
0.015067234635353088, (588.1182632446289, 374.90863358974457)
0.015035714022815228, (645.6255530118942, 383.7265252172947)
0.014945274218916893, (517.910175204277, 481.3136291205883)
0.01487358845770359, (526.413405418396, 453.82202008366585)
0.014835941605269909, (422.04563784599304, 622.0988080501556)
0.014797143638134003, (518.5454413890839, 736.9538278579712)
0.014794792979955673, (650.3638694286346, 395.4819131195545)
0.014776422642171383, (366.9881898164749, 611.4171081483364)
0.014771695248782635, (580.0822631120682, 456.47463765740395)
0.01472516730427742, (372.78204131126404, 603.6140695810318)
0.014699158258736134, (583.9582879543304, 355.0985397696495)
0.014656214974820614, (358.23407649993896, 589.9626154899597)
0.014650769531726837, (581.0293865203857, 851.3040828108788)
0.01462950836867094, (408.70115768909454, 636.8357091844082)
0.014592154882848263, (606.8362466096878, 848.6567091345787)
0.014582694508135319, (595.3714842796326, 870.0629341006279)
0.014563869684934616, (582.1952784061432, 359.09009915590286)
0.01455642655491829, (605.9963836669922, 850.5624685883522)
0.014540934935212135, (341.03310227394104, 730.862405359745)
0.014532840810716152, (500.5652607679367, 462.9278493523598)
0.014528210274875164, (473.15580546855927, 653.565370798111)
0.014492514543235302, (517.6577439308167, 734.0517278909683)
0.014460759237408638, (313.3357665538788, 644.6304846405983)
0.014459908939898014, (483.4952062368393, 663.7730938792229)
0.014381390064954758, (556.8137286901474, 514.4245907068253)
0.014373436570167542, (517.4208737611771, 554.4873712360859)
0.014367770403623581, (500.41211092472076, 721.7884764671326)
0.014296574518084526, (549.8904665708542, 337.4714168906212)
0.014293349348008633, (473.2498072385788, 461.7938565313816)
0.01419728435575962, (358.6219925880432, 605.4300471544266)
0.014194967225193977, (581.4365555047989, 340.6069894731045)
0.014183376915752888, (518.320440530777, 726.8490758538246)
0.014129905961453915, (511.20028281211853, 545.3463840186596)
0.014117587357759476, (622.4306956529617, 277.2981506437063)
0.014042174443602562, (324.47910475730896, 649.2142866253853)
0.013988792896270752, (469.15680027008057, 666.0151778459549)
0.013972912915050983, (619.8256001472473, 416.7667339146137)
0.013964269310235977, (503.6719636917114, 468.09988155961037)
0.013924641534686089, (613.6481992006302, 849.9440065026283)
0.013812275603413582, (559.5537929534912, 524.2174897193909)
0.013792556710541248, (548.3530136346817, 778.5304659605026)
0.01369745098054409, (460.57334303855896, 674.716154396534)
0.013635770417749882, (407.3579406738281, 549.1686688065529)
0.01360848918557167, (532.3899410963058, 554.0339727401733)
0.013576957397162914, (356.04035782814026, 730.1635368466377)
0.013548601418733597, (547.2790195941925, 538.4559822380543)
0.013503165915608406, (482.576624751091, 638.7879883646965)
0.013475899584591389, (428.67613685131073, 613.6091764569283)
0.013440648093819618, (533.0066689252853, 511.00541067123413)
0.013421577401459217, (556.1649656295776, 484.2360690534115)
0.01341540552675724, (606.5066449642181, 453.2309692800045)
0.013370750471949577, (650.1745558977127, 369.8965402543545)
0.013341325335204601, (517.0647547245026, 538.5180350244045)
0.013317343778908253, (438.7232905626297, 403.09831660985947)
0.013297977857291698, (611.162670135498, 706.2651098966599)
0.013284707441926003, (486.94893765449524, 415.6831142902374)
0.013281171210110188, (524.9116795063019, 710.6810277104378)
0.013276479206979275, (638.1572552919388, 796.1197692155838)
0.013254466466605663, (630.5773304700851, 700.817097723484)
0.013252520933747292, (452.64122915267944, 414.49890717864037)
0.013242172077298164, (638.1840108633041, 696.7431455850601)
0.013239780440926552, (298.24915730953217, 646.1238036155701)
0.013238838873803616, (406.68869411945343, 623.0407629907131)
0.013226896524429321, (296.8366298675537, 652.9221193790436)
0.013225583359599113, (390.42329156398773, 620.3355078101158)
0.013223150745034218, (491.7361207008362, 645.0958010852337)
0.013193058781325817, (463.374143242836, 389.95206436514854)
0.013174876570701599, (610.0648580789566, 858.2755266427994)
0.013174565508961678, (326.65122842788696, 717.1175145506859)
0.01315686572343111, (406.23246002197266, 650.8518127799034)
0.013137136586010456, (460.16335558891296, 394.9239147603512)
0.013135146349668503, (347.2698497772217, 465.88203075528145)
0.013120190240442753, (459.97971868515015, 644.3995147943497)
0.013112308457493782, (531.4480973482132, 761.3894364833832)
0.013065403327345848, (525.5216985940933, 740.6577674150467)
0.013060959056019783, (498.64278960227966, 415.6452152132988)
0.013045907951891422, (452.28217256069183, 622.7057494521141)
0.013003055937588215, (519.0751937627792, 543.3398384451866)
0.012928556650876999, (525.7835379838943, 769.7393897175789)
0.012901992537081242, (485.34225368499756, 490.8657061159611)
0.012873470783233643, (421.5957155227661, 555.8319939374924)
0.012871822342276573, (461.13286793231964, 612.9389110207558)
0.012839272618293762, (610.5644409656525, 881.5268089771271)
0.012812906876206398, (527.6053383350372, 424.239287763834)
0.012772085145115852, (458.717165350914, 471.6206422448158)
0.012767949141561985, (372.1736100912094, 589.9212204813957)
0.01275484450161457, (436.5964608192444, 812.3658401966095)
0.012747942470014095, (389.3258367776871, 558.9419826567173)
0.012744607403874397, (555.8521556854248, 543.7350773513317)
0.012713008560240269, (389.216392993927, 605.7273205220699)
0.012708335183560848, (454.4134086370468, 808.2803673744202)
0.01269659586250782, (327.37938487529755, 628.8884634375572)
0.012680999003350735, (500.59880447387695, 430.8841798007488)
0.012659554369747639, (589.737451672554, 396.1957982480526)
0.01263879518955946, (548.1413508653641, 553.2588690817356)
0.012581376358866692, (468.01758456230164, 606.7133718729019)
0.012581311166286469, (358.7317142486572, 493.0180479288101)
0.012573795393109322, (525.5065741539001, 483.08046501874924)
0.012572215870022774, (497.66077280044556, 424.4202022254467)
0.01256705541163683, (521.2464044094086, 473.0472207069397)
0.012528015300631523, (630.2481257915497, 266.5785119384527)
0.012525655329227448, (501.5505326986313, 759.2880637645721)
0.012523402459919453, (432.5727642774582, 410.69116228818893)
0.012505965307354927, (499.69848346710205, 636.3774243295193)
0.01249774731695652, (325.8379027247429, 702.6824156045914)
0.012487194500863552, (626.5078636407852, 826.7164806127548)
0.012484971433877945, (626.5946009159088, 488.11663261055946)
0.01242278516292572, (562.5834445953369, 537.5548661351204)
0.012390353716909885, (455.2339392900467, 404.2149092257023)
0.012353570200502872, (333.0842363834381, 706.4374434351921)
0.012340464629232883, (422.04841661453247, 797.9706266522408)
0.012338424101471901, (626.7963792085648, 257.3964872509241)
0.012329588644206524, (492.7966972589493, 612.6550254821777)
0.012320046313107014, (552.3052164316177, 432.22343942523)
0.012291659601032734, (453.848961353302, 666.908388376236)
0.01228461042046547, (461.96550607681274, 485.6858875155449)
0.012197786942124367, (438.2950426340103, 638.8660906553268)
0.01219121553003788, (283.8265149593353, 652.1347402334213)
0.012176449410617352, (578.7588547468185, 521.1426192224026)
0.012137532234191895, (356.44236624240875, 716.854763507843)
0.012123721651732922, (280.3971176147461, 757.0875337123871)
0.012123704887926579, (642.0182747840881, 395.2064098715782)
0.01206518616527319, (500.9388860464096, 861.9174134135246)
0.012031415477395058, (447.8898128271103, 415.89942505955696)
0.012013155966997147, (462.99805676937103, 423.63457104563713)
0.011995838023722172, (375.7320613861084, 599.1434086561203)
0.011978275142610073, (580.6490525007248, 862.9265458583832)
0.01197618804872036, (439.9172877073288, 631.1119156777859)
0.011956917122006416, (428.2681739330292, 645.8443277180195)
0.01193293184041977, (532.5990632772446, 321.99492758512497)
0.011926697567105293, (333.46957218647003, 645.503355205059)
0.011915712617337704, (518.7632174491882, 411.3148285448551)
0.011910026893019676, (479.362343788147, 646.6182395815849)
0.01188223622739315, (459.3727959394455, 411.4415163397789)
0.011826676316559315, (558.8816088438034, 597.1462385356426)
0.01179905142635107, (469.4003791809082, 493.05018666386604)
0.011750723235309124, (559.4743995666504, 451.79644551873207)
0.011742563918232918, (499.3006829023361, 652.042733669281)
0.011735040694475174, (452.8482871055603, 607.6107139587402)
0.011667810380458832, (610.831520318985, 717.8083583116531)
0.01164314616471529, (373.1789685487747, 539.3096649050713)
0.011637484654784203, (531.4964082241058, 776.5648784041405)
0.011610684916377068, (595.9845600128174, 717.3075661063194)
0.011599143967032433, (422.3480075597763, 638.7676881253719)
0.011598361656069756, (408.78344893455505, 676.4149388074875)
0.011557157151401043, (517.4385387897491, 567.5051479935646)
0.011547444388270378, (437.8673107624054, 417.8718852996826)
0.011502839624881744, (502.9405918121338, 652.4261738061905)
0.011478714644908905, (404.2576289176941, 606.1385294795036)
0.011475307866930962, (389.6230459213257, 542.3637187182903)
0.011463191360235214, (483.7476375102997, 429.77775716781616)
0.01145967934280634, (516.1168373823166, 464.12619909644127)
