0.4694311022758484, (65.82153537869453, 887.2631560564041)
0.2780291736125946, (67.85992200672626, 888.6906879544258)
0.1443294882774353, (67.21766209602356, 888.6454792022705)
0.08417271822690964, (69.68597504496574, 888.7553626894951)
0.07905559241771698, (67.54546494036913, 889.0432208776474)
0.07693937420845032, (180.32095903158188, 901.2008792757988)
0.05528854578733444, (82.11737497150898, 882.7330642938614)
0.05277968570590019, (179.76459842920303, 905.38058334589)
0.045660313218832016, (195.61605754494667, 911.5108583569527)
0.040417224168777466, (84.97233094274998, 873.22277957201)
0.038517359644174576, (193.19669419527054, 913.2554871439934)
0.03656207025051117, (182.79450850188732, 909.7710762023926)
0.030804935842752457, (173.51885350048542, 900.6739470362663)
0.030793681740760803, (71.50225625932217, 887.9595615267754)
0.028199980035424232, (458.9121292233467, 945.9538890719414)
0.025141311809420586, (62.06991843134165, 888.9752885699272)
0.024045739322900772, (203.92837357521057, 900.9740409851074)
0.024012047797441483, (70.24475598335266, 887.9497888088226)
0.022401221096515656, (205.09585770964622, 872.3385472297668)
0.02236703783273697, (75.60348169505596, 878.871410548687)
0.022106805816292763, (81.88938836753368, 951.4282796382904)
0.021270964294672012, (61.416557773947716, 889.3101034760475)
0.020851781591773033, (213.65593019127846, 891.5386009812355)
0.020119987428188324, (173.7897388637066, 905.022091448307)
0.01982071064412594, (291.70495784282684, 913.850828409195)
0.019676607102155685, (480.6963747739792, 921.1107660531998)
0.01952638104557991, (86.17003534734249, 957.2657703757286)
0.019288593903183937, (73.3659206405282, 956.3327538967133)
0.01921854540705681, (352.58744698762894, 917.2365587353706)
0.019031092524528503, (179.76808190345764, 905.7080091238022)
0.018980292603373528, (72.02375949919224, 883.8926012516022)
0.018896929919719696, (170.91479815542698, 822.189805328846)
0.018501674756407738, (236.6806771159172, 899.5390405058861)
0.018465448170900345, (153.12597316503525, 812.9986832737923)
0.018254585564136505, (181.76343405246735, 933.7411697506905)
0.018019335344433784, (167.44608342647552, 937.4168240427971)
0.017935428768396378, (465.5809918642044, 925.2613903284073)
0.017819922417402267, (483.30264687538147, 918.3427827358246)
0.017818428575992584, (74.90607431530952, 958.8305970430374)
0.017552025616168976, (161.80061575770378, 818.2892990708351)
0.017351752147078514, (164.2526310235262, 822.6514272093773)
0.017148524522781372, (236.62966910004616, 870.8171018958092)
0.016701258718967438, (208.88551577925682, 40.20524222590029)
0.01662442274391651, (224.4580481350422, 39.51353193074465)
0.016440780833363533, (67.50141256302595, 957.0409978628159)
0.016391504555940628, (480.18914473056793, 906.6093238592148)
0.016138851642608643, (419.8769953250885, 788.2016429901123)
0.015869852155447006, (170.41341537237167, 828.6502869725227)
0.015835030004382133, (166.75088149309158, 826.682315826416)
0.015828780829906464, (245.16024515032768, 877.0253202915192)
0.015661252662539482, (516.0165417194366, 962.5226186513901)
0.015644192695617676, (202.35140025615692, 913.6813551783562)
0.015530336648225784, (515.4386016726494, 940.4163333773613)
0.015469716861844063, (270.2699418962002, 898.4364713430405)
0.01546567864716053, (469.43828362226486, 922.2378861904144)
0.015175183303654194, (174.37842339277267, 836.9521711468697)
0.015041625127196312, (213.25720810890198, 862.3053823709488)
0.01502893678843975, (493.22484827041626, 915.0258587002754)
0.014913780614733696, (422.55234879255295, 788.3441816568375)
0.014893590472638607, (147.87081295251846, 808.2577232718468)
0.01477206964045763, (82.37093909829855, 955.4087156057358)
0.014768566004931927, (453.734510242939, 915.9487846493721)
0.014602730050683022, (470.9226508140564, 924.4369860887527)
0.01458775158971548, (72.7010068371892, 958.0652263760567)
0.014249205589294434, (82.33517128229141, 871.339028596878)
0.014238673262298107, (465.30235916376114, 983.7837624549866)
0.013874265365302563, (486.82380598783493, 958.8276572823524)
0.013697251677513123, (276.718282520771, 847.2757366895676)
0.013621861115098, (236.74543806910515, 930.4070044159889)
0.013524793088436127, (288.5160407423973, 850.5561918020248)
0.013447883538901806, (165.22142140567303, 816.2808863520622)
0.013426459394395351, (537.511342227459, 946.5327041149139)
0.01339935977011919, (275.06865388154984, 860.5703673958778)
0.01339724101126194, (440.26803213357925, 944.9608061313629)
0.013238321989774704, (348.639562278986, 772.182569205761)
0.013177746906876564, (417.93326193094254, 798.6190425157547)
0.013176903128623962, (230.53137239813805, 864.5720173120499)
0.013110291212797165, (341.46491727232933, 933.1472586393356)
0.013086171820759773, (205.05084398388863, 929.1777077317238)
0.013064376078546047, (174.90906509757042, 930.2457942962646)
0.012976241298019886, (412.01995128393173, 953.9910358786583)
0.012925283052027225, (275.4215705394745, 861.725057721138)
0.012894567102193832, (181.67869967222214, 812.186594247818)
0.012882852926850319, (219.39475044608116, 764.3163257837296)
0.012794355861842632, (369.0982101559639, 404.7366770207882)
0.012791910208761692, (495.6909670829773, 967.6772109270096)
0.0127640962600708, (371.5252642929554, 932.7051027417183)
0.01271964143961668, (184.29051366448402, 765.1915004849434)
0.012719474732875824, (419.0673816204071, 806.6661209464073)
0.012718139216303825, (325.65505626797676, 810.6071482300758)
0.012660585343837738, (306.7680886387825, 764.1306441426277)
0.01264050230383873, (86.57894772291183, 967.3919746875763)
0.012598216533660889, (483.18814462423325, 940.1303820610046)
0.012557650916278362, (212.86816737055779, 53.550526697188616)
0.012475973926484585, (469.04261523485184, 924.9075861573219)
0.012409191578626633, (269.52357360720634, 835.5454559326172)
0.012326778843998909, (268.3519273996353, 869.2644315361977)
0.012317371554672718, (490.6585230231285, 911.3034860491753)
0.012294379994273186, (174.24437749385834, 806.8019855618477)
0.012268044985830784, (410.7504284977913, 915.4460855722427)
0.012211876921355724, (443.6890300512314, 937.3535794615746)
0.012198618613183498, (396.2210835814476, 750.5170891284943)
0.012167034670710564, (90.40802673250437, 870.9637721180916)
0.012155750766396523, (399.8777362704277, 933.6601276993752)
0.0120991887524724, (280.80077862739563, 859.0872184038162)
0.011991459876298904, (466.60798341035843, 969.2700050473213)
0.011963932774960995, (546.2832732796669, 936.3790090680122)
0.011944946832954884, (308.4536603987217, 772.334244966507)
0.011927872896194458, (242.06368535757065, 38.944802451878786)
0.011876802891492844, (342.86572632193565, 773.7036967277527)
0.011834247037768364, (185.97809860110283, 36.512058617547154)
0.011807388626039028, (454.23332566022873, 973.3140034079552)
0.011790658347308636, (197.237524330616, 40.397431563586)
0.011771179735660553, (425.20879197120667, 909.0508348345757)
0.011753508821129799, (452.45530611276627, 985.2827225923538)
0.011748237535357475, (539.5069205760956, 938.1161692738533)
0.011748137883841991, (222.2071808874607, 49.812933832407)
0.011744866147637367, (81.553233101964, 878.5783084630966)
0.011739149689674377, (457.2850753068924, 957.305258512497)
0.011695153079926968, (205.90067598223686, 806.6753374934196)
0.01166920643299818, (297.85272440314293, 769.404972076416)
0.011642569676041603, (398.5662308335304, 438.89804688096046)
0.01163911446928978, (405.8159288764, 827.1846970915794)
0.011635921895503998, (452.4847573041916, 935.7409220933914)
0.011612013913691044, (426.47116684913635, 944.571407020092)
0.011530041694641113, (415.2955933213234, 958.7702922224998)
0.011517992243170738, (494.97907161712646, 972.5267037153244)
0.011496779508888721, (497.44627618789673, 923.1562833189964)
0.011490831151604652, (339.4229227602482, 774.7428624033928)
0.01147893164306879, (532.9209827184677, 1313.0138383507729)
0.011450111865997314, (303.0546824634075, 897.6998626589775)
0.011416347697377205, (370.7959966957569, 960.9192572832108)
0.011358554475009441, (219.30329793691635, 749.1984078288078)
0.011332559399306774, (480.91456693410873, 970.9049887061119)
0.011329338885843754, (90.91807296127081, 873.5970031619072)
0.011323284357786179, (398.2355269789696, 905.3062153458595)
0.011321117170155048, (232.99823766946793, 42.95149266719818)
0.011288398876786232, (363.84761917591095, 402.57364878058434)
0.011230610311031342, (69.65996208786964, 887.2839727401733)
0.011149626225233078, (371.9935201406479, 408.2212865948677)
0.011102818883955479, (397.91875702142715, 960.5499597787857)
0.01109956856817007, (482.126770734787, 919.0256017446518)
0.011098741553723812, (54.62051439285278, 885.2980452179909)
0.011095716618001461, (206.0774283707142, 775.679613173008)
0.01108522154390812, (490.51751017570496, 914.7403046488762)
0.01107104867696762, (438.69237077236176, 932.4213761091232)
0.011041673831641674, (459.69971108436584, 935.2307544350624)
0.01100564282387495, (223.92623019218445, 850.1329457163811)
0.010992281138896942, (460.28362280130386, 986.4237470030785)
0.010963092558085918, (225.8720672428608, 53.728258073329926)
0.01092077698558569, (308.80241498351097, 806.0136529803276)
0.010846161283552647, (388.63995784521103, 754.5660930275917)
0.01082740817219019, (427.6064627766609, 931.9106522798538)
0.010779466480016708, (226.73320922255516, 781.4549716711044)
0.01075467187911272, (151.7454316020012, 762.2187668085098)
0.010725201107561588, (417.45068764686584, 786.3823283910751)
0.010712611488997936, (426.2735136151314, 962.2627279162407)
0.010702483355998993, (213.92451962828636, 765.0596085190773)
0.010651133954524994, (487.93435567617416, 971.4664035439491)
0.010636962950229645, (237.6545569896698, 807.7886328101158)
0.010617535561323166, (450.7173691391945, 953.035613656044)
0.01059100590646267, (378.18313363194466, 410.07158786058426)
0.010573461651802063, (181.44770461320877, 39.57249101623893)
0.010568239726126194, (259.7436291575432, 873.440878033638)
0.010506412014365196, (541.5156637430191, 945.9272723197937)
0.01047395821660757, (142.20365273952484, 900.3464418053627)
0.010473024100065231, (483.2383157014847, 919.3028926849365)
0.010457380674779415, (183.63214834034443, 781.9006235003471)
0.010448507033288479, (224.3370313346386, 43.96330665051937)
0.010435297153890133, (194.527223020792, 43.3293363340199)
0.010419001802802086, (277.55911177396774, 872.7700564265251)
0.010385794565081596, (437.51192539930344, 781.0486490726471)
0.010383923538029194, (401.4790486693382, 442.3727248311043)
0.010350743308663368, (261.58297142386436, 703.1240153312683)
0.010350514203310013, (228.87916508316994, 778.878708422184)
0.010343365371227264, (341.3373180627823, 780.4883465766907)
0.010340988636016846, (547.7239839434624, 939.7355006933212)
0.010339056141674519, (197.41045394539833, 781.4084916710854)
0.01033370103687048, (174.33212032914162, 775.4469748139381)
0.01033000461757183, (424.50942796468735, 937.8033628463745)
0.010255197063088417, (436.0327607989311, 793.391115128994)
0.010239768773317337, (229.44783094525337, 794.8567844629288)
0.010238783434033394, (494.5884248614311, 974.7859495282173)
0.01023284625262022, (268.8900336921215, 929.9125684499741)
0.010127203539013863, (92.46325957775116, 922.2589412331581)
0.010116258636116982, (213.49718329310417, 23.768779531121254)
0.010109937749803066, (67.50806848704815, 890.1462667584419)
0.010109752416610718, (374.14565125107765, 913.9457747340202)
0.010083744302392006, (242.02256226539612, 576.0583419799805)
0.010060572065412998, (343.00895592570305, 795.7146384119987)
0.010058335028588772, (75.84032966941595, 960.8199410438538)
0.010046652518212795, (367.95967957377434, 903.3105151057243)
0.010046163573861122, (434.0406206846237, 807.9720103144646)
0.010045765899121761, (399.6321739554405, 454.8716338276863)
0.01004048902541399, (488.1718652844429, 972.0929698348045)
0.010040082037448883, (487.61496180295944, 968.9730892181396)
0.010019221343100071, (263.15162059664726, 812.5427025556564)
0.010016530752182007, (302.9246402978897, 836.9349298477173)
0.01001563761383295, (207.78082466125488, 43.52325129136443)
0.010004144161939621, (243.35096481442451, 548.0515597462654)
0.009988906793296337, (261.11068922281265, 730.882030248642)
0.009984848089516163, (169.50983834266663, 39.28594131954014)
0.009954753331840038, (243.40561464428902, 878.5605109930038)
0.009950741194188595, (454.93237298727036, 936.0101088285446)
0.009945378638803959, (222.585409283638, 915.7480863928795)
0.009932736866176128, (372.58815371990204, 896.8234961628914)
0.009928381070494652, (309.4961239993572, 797.5229090452194)
0.00990394875407219, (230.3850890994072, 547.5853295922279)
0.009894256480038166, (341.475526034832, 810.3695837855339)
0.009893382899463177, (365.7195568084717, 409.02721801400185)
0.009890473447740078, (496.45742189884186, 908.2117317914963)
0.009890174493193626, (261.2461149394512, 717.6701101064682)
0.009857304394245148, (511.2382103204727, 914.67793405056)
0.009854735806584358, (357.3282744884491, 405.88370013237)
0.009849144145846367, (81.25774287432432, 883.7195526361465)
0.00984666682779789, (243.4059539437294, 573.682101637125)
0.009838622063398361, (229.72302541136742, 23.451012257486582)
0.009828277863562107, (197.61557176709175, 765.9901619553566)
0.009822585619986057, (213.50329068303108, 749.3277572989464)
0.00981252733618021, (207.88607534766197, 581.022485435009)
0.009810419753193855, (307.7521701157093, 766.7630806565285)
0.009809140115976334, (465.3571447134018, 944.6723917722702)
0.00979489553719759, (398.6078063249588, 436.89603012800217)
0.009791094809770584, (526.6063034534454, 938.4791105389595)
0.009776897728443146, (268.0246165394783, 807.2232453227043)
0.009758859872817993, (143.67208416759968, 773.7566124200821)
0.009752484038472176, (558.8292093873024, 927.2548658847809)
0.009748801589012146, (166.74254603683949, 765.9667233228683)
0.009742680937051773, (476.3533871769905, 975.1358605027199)
0.00973841268569231, (497.9225168824196, 908.7941222190857)
0.009720426052808762, (218.1635684967041, 43.63339300081134)
0.009709104895591736, (489.1094627380371, 972.609096467495)
0.009668353013694286, (334.43854612112045, 805.5709409117699)
0.009661288000643253, (451.58873534202576, 945.5162619948387)
0.00965874269604683, (388.3047299981117, 895.7672480940819)
0.00965096428990364, (404.822233915329, 838.3880456089973)
0.00963700469583273, (292.52070155739784, 858.6398980617523)
0.009624216705560684, (466.65611869096756, 927.4355419874191)
0.009611689485609531, (438.88586193323135, 938.2979577183723)
0.009575209580361843, (307.47842332720757, 820.813282251358)
0.009566964581608772, (200.05873131752014, 67.32005786523223)
0.00956433080136776, (411.0590552687645, 781.6181681156158)
0.00954986922442913, (213.94822534918785, 779.5211653113365)
0.00954414252191782, (238.37224316596985, 774.0362074971199)
0.009527136571705341, (388.87172198295593, 913.4610320329666)
0.009525291621685028, (251.88011580705643, 877.2319775223732)
0.0095249954611063, (401.8631356358528, 745.5246604084969)
0.009524405002593994, (178.526064991951, 36.611670322716236)
0.009513615630567074, (236.26700323820114, 544.2651479840279)
0.009488482028245926, (260.0780200660229, 570.9856657385826)
0.009485743939876556, (245.61594691872597, 701.1660552620888)
0.009483692236244678, (480.89466136693954, 965.692077934742)
0.009449861943721771, (466.4374288916588, 953.8509602546692)
0.009427628479897976, (74.3118139654398, 888.9534389972687)
0.009393974207341671, (71.5644159168005, 883.2159795761108)
0.009390190243721008, (79.76159068197012, 882.9770644307137)
0.0093741649761796, (482.4592841863632, 930.064720928669)
0.009371335618197918, (323.5286214351654, 822.9351538419724)
0.009365927428007126, (480.06224673986435, 945.7320563197136)
0.009319749660789967, (358.4129243195057, 896.6229568123817)
0.0093177305534482, (536.9655677676201, 978.3853289484978)
0.009311666712164879, (277.4233919978142, 716.3244942426682)
0.009307220578193665, (390.9577349424362, 925.2547162771225)
0.009240583516657352, (392.9165784716606, 425.8898839354515)
0.009219669736921787, (479.4106560945511, 969.6694946885109)
0.00921610277146101, (166.1379709839821, 751.2749912142754)
0.009207747876644135, (494.57521480321884, 972.2022176980972)
0.009196335449814796, (150.4824686050415, 748.8862370252609)
0.009161733090877533, (402.74925005435944, 816.1035472750664)
0.00913500227034092, (411.8399416208267, 978.847109735012)
0.009126288816332817, (417.42906296253204, 452.2452754676342)
0.009122058749198914, (451.2455452680588, 936.4394727945328)
0.009090816602110863, (407.23772925138474, 913.7912386655807)
0.009073883295059204, (214.66511982679367, 560.1764835119247)
0.009068194776773453, (260.8332101404667, 888.692356467247)
0.009064091369509697, (425.9229946732521, 790.1748580336571)
0.009040475822985172, (436.7871817946434, 971.5812925696373)
0.009040291421115398, (489.7454456090927, 984.9929575324059)
0.009037904441356659, (135.61700235307217, 749.0723953843117)
0.009036969393491745, (548.8504128456116, 942.952552318573)
0.009034995920956135, (557.0132335424423, 941.0195404887199)
0.009014373645186424, (180.42971581220627, 43.31059039384127)
0.009004739113152027, (497.0488886833191, 955.6264168024063)
0.009000620804727077, (395.72937083244324, 834.3407102227211)
0.008994753472507, (424.37149143218994, 957.428807914257)
0.008993664756417274, (333.66279450058937, 773.0906374454498)
0.008978195488452911, (395.5828387141228, 807.330030143261)
0.008977712132036686, (358.511027097702, 780.7688156366348)
0.008946558460593224, (244.4856273829937, 545.1559749245644)
0.008920270018279552, (245.95716905593872, 584.7939203083515)
0.00891968421638012, (402.7335065603256, 464.00904566049576)
0.008905085735023022, (409.9076991677284, 928.8449586033821)
0.008901841007173061, (373.45148983597755, 418.25806656479836)
0.008892347104847431, (457.9871084690094, 989.9984959959984)
0.008891708217561245, (444.6766628623009, 939.406088590622)
0.008891439065337181, (68.53852654248476, 959.2418457269669)
0.008890502154827118, (402.59430330991745, 830.1154001355171)
0.008885440416634083, (386.29349863529205, 452.669753074646)
0.008864540606737137, (388.08024948835373, 750.074456512928)
0.008842994458973408, (239.49283611774445, 43.10753337666392)
