0.24596238136291504, (571.9123363494873, 674.9534134864807)
0.20366504788398743, (570.7754135131836, 674.5277877449989)
0.12725162506103516, (569.8441028594971, 672.9950590729713)
0.11748103052377701, (570.6462860107422, 672.6913693547249)
0.11168216168880463, (565.031909942627, 673.3347663283348)
0.09555002301931381, (574.0829467773438, 676.5384231209755)
0.09435604512691498, (573.0965614318848, 673.2755039930344)
0.07849644869565964, (229.2780876159668, 866.2856313586235)
0.05828091502189636, (232.0115327835083, 870.6755661964417)
0.05079130828380585, (564.815092086792, 673.5334181189537)
0.048070065677165985, (230.74805736541748, 866.3057028055191)
0.04789729043841362, (552.3778915405273, 663.3571152091026)
0.04712747782468796, (220.25675773620605, 871.8103566169739)
0.045880530029535294, (497.6074695587158, 579.91483476758)
0.043973926454782486, (217.01228618621826, 868.9406950473785)
0.04345206171274185, (242.8093671798706, 865.2381080985069)
0.0411393828690052, (245.43240070343018, 872.5914770364761)
0.041053060442209244, (578.9687633514404, 674.6829646229744)
0.03883035480976105, (221.67415618896484, 872.406470656395)
0.038491930812597275, (270.9927558898926, 877.5523771047592)
0.037778258323669434, (500.01540184020996, 578.797537446022)
0.037094179540872574, (237.2678279876709, 866.9052281975746)
0.03627367317676544, (502.1054744720459, 574.1009775400162)
0.035423584282398224, (558.9591979980469, 670.3553068041801)
0.03531395643949509, (581.1004638671875, 664.0216149687767)
0.035296618938446045, (575.5048274993896, 672.6240943074226)
0.0351828970015049, (569.5260047912598, 673.8712213635445)
0.03503791242837906, (494.2263603210449, 581.6842954456806)
0.0345904678106308, (281.5695524215698, 875.4351964592934)
0.034528132528066635, (504.90312576293945, 579.0821870565414)
0.034392956644296646, (534.9859714508057, 654.2001720666885)
0.03422579914331436, (527.5358200073242, 651.6910825371742)
0.033878143876791, (239.61389064788818, 866.0213705301285)
0.03312334045767784, (271.5667247772217, 875.6052880883217)
0.03311822563409805, (578.509521484375, 674.1994252204895)
0.033034730702638626, (231.49895668029785, 878.8137842416763)
0.03295905143022537, (548.7882614135742, 666.1278475522995)
0.03248812258243561, (569.3619251251221, 675.9665852189064)
0.03217709809541702, (506.31394386291504, 573.1655529141426)
0.03161568567156792, (584.6487998962402, 674.8578162789345)
0.030749062076210976, (464.349365234375, 975.4322555661201)
0.030635887756943703, (505.41462898254395, 581.937766879797)
0.029428521171212196, (246.69837951660156, 867.9349806904793)
0.029375970363616943, (244.3814992904663, 853.7329643368721)
0.02935332991182804, (561.7930889129639, 675.1223151087761)
0.029319675639271736, (234.30554866790771, 867.2712742686272)
0.029240097850561142, (538.338565826416, 665.312216937542)
0.029046250507235527, (219.08183097839355, 879.9774521589279)
0.02799135632812977, (543.6849594116211, 673.4124341011047)
0.02773989364504814, (226.53710842132568, 867.7051507234573)
0.0277102030813694, (497.90778160095215, 583.1419743597507)
0.027550743892788887, (522.1113681793213, 625.4384233355522)
0.027185266837477684, (213.8136386871338, 858.753682076931)
0.027057712897658348, (488.8160705566406, 580.6167800724506)
0.02705356664955616, (593.428897857666, 670.1818831562996)
0.0270372461527586, (488.9679431915283, 583.651535242796)
0.02667842246592045, (571.8360424041748, 673.1471419334412)
0.026663439348340034, (258.56449604034424, 862.9775713086128)
0.026642104610800743, (244.98038291931152, 864.202564239502)
0.02623077854514122, (509.54060554504395, 642.4554006159306)
0.026130152866244316, (290.1562690734863, 876.356499671936)
0.02601880021393299, (555.5576801300049, 669.562920987606)
0.02586740255355835, (474.86658096313477, 606.5681692361832)
0.025745462626218796, (549.7338771820068, 662.397811114788)
0.025576554238796234, (524.3770122528076, 617.8663311600685)
0.0248950757086277, (475.8190631866455, 593.153659671545)
0.024440757930278778, (562.3840808868408, 672.4313132166862)
0.02442251704633236, (471.7197895050049, 674.3810202479362)
0.02435487136244774, (247.17772006988525, 861.5173537135124)
0.024346137419342995, (502.3569107055664, 562.4790941178799)
0.024222319945693016, (486.16247177124023, 581.4915143549442)
0.024076128378510475, (563.0390167236328, 672.4982709288597)
0.023798465728759766, (195.34112215042114, 852.2860748171806)
0.023797331377863884, (238.04373741149902, 866.2869006991386)
0.023661483079195023, (534.8921298980713, 629.5851604640484)
0.02358926832675934, (218.48578453063965, 866.2484238147736)
0.023285308852791786, (195.11921405792236, 846.1011338233948)
0.022949939593672752, (287.4056577682495, 869.9315739870071)
0.022801749408245087, (468.37801933288574, 611.3640947043896)
0.02274383045732975, (488.387393951416, 605.1932751238346)
0.02251330390572548, (468.489408493042, 645.5672285556793)
0.022454697638750076, (230.03032207489014, 868.5945617556572)
0.022388892248272896, (240.96722602844238, 866.5769450068474)
0.022200388833880424, (171.7151641845703, 635.211155295372)
0.02203524112701416, (170.15111446380615, 635.4789861440659)
0.022023703902959824, (460.6344223022461, 612.5026534795761)
0.021992087364196777, (404.73618507385254, 662.2810317873955)
0.021986335515975952, (227.28309631347656, 871.8975444436073)
0.02198600582778454, (503.2449722290039, 624.5179927945137)
0.021846402436494827, (510.7989311218262, 641.759524345398)
0.021845292299985886, (476.21283531188965, 619.7680412530899)
0.021810518577694893, (558.1615924835205, 670.1987812519073)
0.021748311817646027, (489.2327308654785, 621.1994606852531)
0.02172849327325821, (225.48677921295166, 869.838436126709)
0.021677201613783836, (499.30033683776855, 544.7154272794724)
0.021514102816581726, (224.64728355407715, 871.4742193818092)
0.02144867554306984, (207.8601360321045, 873.2451080679893)
0.021428784355521202, (596.1611747741699, 659.7752742767334)
0.021368099376559258, (578.2244205474854, 673.0489267110825)
0.021251527592539787, (205.04064559936523, 850.3552492260933)
0.021184267476201057, (107.8442931175232, 689.0081070065498)
0.02084409072995186, (554.5267581939697, 671.0332933068275)
0.020784156396985054, (209.87491607666016, 688.7268687486649)
0.020776992663741112, (170.82135677337646, 712.946917116642)
0.020376984030008316, (227.1625518798828, 869.1155467033386)
0.02035820484161377, (459.1026782989502, 609.4772200286388)
0.020336294546723366, (552.5285720825195, 676.8736083507538)
0.02014428749680519, (539.9851322174072, 644.3956669270992)
0.0200586449354887, (595.9651947021484, 676.7834851741791)
0.02003946714103222, (526.483678817749, 650.2934592962265)
0.019994493573904037, (495.60413360595703, 644.4155797064304)
0.019740592688322067, (462.05129623413086, 660.2044303715229)
0.019710373133420944, (533.277702331543, 641.4828477799892)
0.019688770174980164, (506.90464973449707, 543.1413657069206)
0.019605152308940887, (507.5484275817871, 627.281228095293)
0.019564824178814888, (465.13328552246094, 617.3901697993279)
0.01954398676753044, (274.6429204940796, 873.6295595765114)
0.01953100971877575, (521.6622352600098, 647.6659244298935)
0.019396217539906502, (507.8512191772461, 635.568474650383)
0.01936418190598488, (218.89281272888184, 873.5098448991776)
0.01929498091340065, (207.74719715118408, 872.60678845644)
0.019183026626706123, (219.00241374969482, 872.0635107159615)
0.019131049513816833, (572.5342273712158, 676.2083152532578)
0.019070645794272423, (172.3711371421814, 640.5368320941925)
0.018999826163053513, (213.43159675598145, 874.6566940546036)
0.01886175200343132, (108.5767388343811, 692.6889564990997)
0.018738774582743645, (439.71214294433594, 677.4294208288193)
0.01870984397828579, (545.3413009643555, 640.6983556747437)
0.018379678949713707, (465.9126281738281, 974.1614870429039)
0.018163593485951424, (255.75625896453857, 865.2581795454025)
0.01810738444328308, (197.78603315353394, 861.795577287674)
0.017917480319738388, (201.52955055236816, 875.4855734109879)
0.01791049912571907, (201.9251823425293, 867.9776622653008)
0.01779792085289955, (519.6052074432373, 572.203829139471)
0.01775602251291275, (564.2054557800293, 674.3707068562508)
0.017728716135025024, (234.78891849517822, 870.1296704411507)
0.017690690234303474, (516.2288188934326, 646.1706809699535)
0.017618322744965553, (463.46726417541504, 976.1576043367386)
0.01755775697529316, (263.91074657440186, 875.1990991234779)
0.01750033162534237, (296.03214263916016, 625.5857461690903)
0.01747378706932068, (567.4807548522949, 676.4182324409485)
0.017464563250541687, (205.27877807617188, 779.0505217909813)
0.0174010768532753, (496.26760482788086, 672.4156051278114)
0.017376527190208435, (278.88219356536865, 628.4947572946548)
0.017006684094667435, (238.45841884613037, 808.6949381828308)
0.016978463158011436, (186.73542737960815, 310.03382264077663)
0.01690635271370411, (120.11125087738037, 747.5335108041763)
0.01689721643924713, (164.1321063041687, 633.299488812685)
0.016794022172689438, (342.435622215271, 660.6474302113056)
0.01672910340130329, (574.1208076477051, 676.1315994858742)
0.016662931069731712, (258.4271430969238, 817.4461683630943)
0.016636807471513748, (491.01061820983887, 588.9416705071926)
0.016620028764009476, (212.67247200012207, 872.9967139959335)
0.01660906709730625, (390.59555530548096, 492.71943175792694)
0.016562532633543015, (184.3877911567688, 651.2655757963657)
0.016532069072127342, (376.0753631591797, 491.27710393071175)
0.016303755342960358, (466.62425994873047, 965.3429818153381)
0.016296101734042168, (138.4587526321411, 330.7766118347645)
0.016229724511504173, (436.9584083557129, 616.443321108818)
0.01618829183280468, (262.4785900115967, 872.6996883153915)
0.016152266412973404, (263.0716800689697, 826.8646749854088)
0.016146410256624222, (244.42100524902344, 647.1302627325058)
0.01612594723701477, (138.49254846572876, 337.64894038438797)
0.016103729605674744, (183.91669988632202, 622.0541235208511)
0.01607532985508442, (549.9237537384033, 669.760382771492)
0.016016637906432152, (177.92725563049316, 631.8999615609646)
0.015902794897556305, (201.04403495788574, 776.4150535464287)
0.015854325145483017, (212.4070644378662, 688.7069559693336)
0.015851518139243126, (563.7594223022461, 675.4768577814102)
0.015848752111196518, (279.5268774032593, 884.8704425096512)
0.0158323235809803, (267.70217418670654, 635.9661749005318)
0.015809092670679092, (515.8488273620605, 647.0517222881317)
0.015735063701868057, (204.39660549163818, 775.3227066993713)
0.015506019815802574, (272.1959352493286, 645.2071325182915)
0.015293315052986145, (280.95245361328125, 612.7388698160648)
0.015292697586119175, (461.09561920166016, 589.4374273121357)
0.015256434679031372, (558.745813369751, 695.4853929877281)
0.015074285678565502, (153.51722240447998, 701.4952443242073)
0.015067518688738346, (545.1271533966064, 651.1084949076176)
0.015064382925629616, (572.501277923584, 671.408224761486)
0.015007414855062962, (555.254602432251, 672.307393848896)
0.0149140739813447, (201.5634059906006, 761.6091484427452)
0.014745631255209446, (182.77349472045898, 637.9316296875477)
0.014673118479549885, (570.8108901977539, 685.4499868750572)
0.01467045582830906, (202.7660608291626, 894.3342487215996)
0.014661994762718678, (167.9050087928772, 638.6302826404572)
0.014592092484235764, (27.74549424648285, 328.6229178160429)
0.01457363273948431, (168.94031763076782, 650.2262635827065)
0.014567526057362556, (336.5750789642334, 615.0001602768898)
0.014458522200584412, (277.4900197982788, 786.7709681391716)
0.014317547902464867, (274.3774890899658, 634.8636336624622)
0.014301314018666744, (589.7489547729492, 672.139840900898)
0.014254297129809856, (215.2517557144165, 780.1242251992226)
0.014249943196773529, (268.695592880249, 636.9705405831337)
0.014230087399482727, (242.86746978759766, 614.6790171265602)
0.014171065762639046, (584.2395305633545, 677.3968146443367)
0.014160099439322948, (403.4757614135742, 723.0595149993896)
0.014159315265715122, (525.0319004058838, 660.1981233358383)
0.014117952436208725, (211.37754917144775, 647.1310957372189)
0.014110933057963848, (272.23923206329346, 619.0298007428646)
0.014077392406761646, (266.9254779815674, 789.4715694189072)
0.01407158374786377, (137.79325485229492, 324.9486530274153)
0.014013117179274559, (211.97974681854248, 772.6277381181717)
0.014009883627295494, (437.9941463470459, 648.0730654001236)
0.01393904723227024, (336.91914081573486, 648.2701701819897)
0.01386514026671648, (297.22368717193604, 608.3893555402756)
0.013855529017746449, (278.37629318237305, 638.5750663280487)
0.013831442221999168, (378.483510017395, 488.6648408174515)
0.013818089850246906, (405.24330139160156, 582.4333253502846)
0.013797181658446789, (527.6546955108643, 668.8429669141769)
0.013757503591477871, (591.3200855255127, 665.5618010163307)
0.013672909699380398, (462.6351833343506, 975.2494705319405)
0.013666339218616486, (267.2053575515747, 794.5586895346642)
0.013661905191838741, (470.6949710845947, 661.0212906599045)
0.013657734729349613, (242.40097999572754, 920.9026563763618)
0.01365438848733902, (271.94459438323975, 923.4377673864365)
0.013614707626402378, (405.4567337036133, 615.5564487576485)
0.013572053983807564, (434.10935401916504, 549.141181319952)
0.01354528684169054, (178.7364959716797, 312.62137328088284)
0.013535624369978905, (599.0936756134033, 641.3834028840065)
0.013508553616702557, (169.03421878814697, 664.6159043312073)
0.013416546396911144, (427.9038429260254, 575.3925711810589)
0.013407026417553425, (548.2527732849121, 658.7317573726177)
0.013365857303142548, (263.77477645874023, 792.9308396577835)
0.013361318968236446, (209.0207815170288, 676.4308465123177)
0.013358309864997864, (459.52444076538086, 600.8880290985107)
0.013253730721771717, (370.8866596221924, 645.9789708852768)
0.01325232069939375, (42.267972230911255, 332.6292143166065)
0.01321001723408699, (535.0043773651123, 663.9200677275658)
0.013196486048400402, (464.6106719970703, 723.3714554309845)
0.013194474391639233, (297.04833030700684, 648.8399057388306)
0.013134107924997807, (208.84325504302979, 618.5127428174019)
0.01308770477771759, (433.86316299438477, 586.2617356777191)
0.013056146912276745, (139.96317386627197, 341.8662449121475)
0.013042501173913479, (403.9205551147461, 645.8658805787563)
0.01304001547396183, (27.403655648231506, 324.85355165600777)
0.0129426633939147, (304.2708158493042, 647.3462886214256)
0.012932908721268177, (167.82147884368896, 623.945916891098)
0.01292452309280634, (42.80775785446167, 334.0780475139618)
0.012895477935671806, (523.8559722900391, 658.695065498352)
0.01277272216975689, (216.3649082183838, 760.4289790987968)
0.012712656520307064, (265.88802337646484, 638.5673312842846)
0.012624789029359818, (376.1883020401001, 479.38861933350563)
0.012586507946252823, (295.7041025161743, 638.4259981513023)
0.012568741105496883, (412.0238780975342, 516.382596641779)
0.01247338391840458, (284.03491973876953, 624.5116064250469)
0.012460579164326191, (471.81735038757324, 966.255875647068)
0.012459646910429, (411.42725944519043, 622.145912706852)
0.012408057227730751, (50.99015831947327, 334.37590619921684)
0.012400825507938862, (214.19315338134766, 879.1858596801758)
0.012385937385261059, (467.3346519470215, 970.0105848908424)
0.012368578463792801, (202.20694541931152, 689.719175696373)
0.012332138605415821, (226.60319805145264, 520.0600347816944)
0.012278408743441105, (250.57482719421387, 911.0943828821182)
0.012268819846212864, (275.49304962158203, 850.3794460296631)
0.01226829830557108, (212.80405521392822, 849.7228003144264)
0.012206021696329117, (418.5711860656738, 510.8689384460449)
0.012177791446447372, (199.67658519744873, 876.2206009030342)
0.012163595296442509, (403.2547950744629, 623.4215205907822)
0.012162107974290848, (378.5937547683716, 572.948019683361)
0.012154302559792995, (203.18946838378906, 887.205315053463)
0.012022929266095161, (392.28854179382324, 465.1898556649685)
0.012007616460323334, (472.9691982269287, 968.739737033844)
0.011998580768704414, (305.65264225006104, 675.9530191421509)
0.01199841033667326, (249.17936325073242, 651.0668843388557)
0.011986438184976578, (346.4205026626587, 479.78120255470276)
0.011981538496911526, (340.8909559249878, 724.8533311486244)
0.011966102756559849, (279.5639753341675, 663.4695708453655)
0.011946398764848709, (189.8137092590332, 864.4964165687561)
0.011936834082007408, (215.15653133392334, 784.965886592865)
0.011878369376063347, (459.19928550720215, 978.2738329768181)
0.011856455355882645, (234.81249809265137, 654.3522549271584)
0.011798379011452198, (198.65097999572754, 873.2953263521194)
0.011787197552621365, (199.7431755065918, 606.1398858129978)
0.011709369719028473, (120.61200141906738, 762.203120470047)
0.011703478172421455, (23.492567241191864, 320.83476008474827)
0.011669112369418144, (281.10129833221436, 649.5176542401314)
0.011652027256786823, (302.2084712982178, 617.940587580204)
0.011643820442259312, (104.22948598861694, 748.827127456665)
0.011565173976123333, (274.32734966278076, 627.7586191296577)
0.011532949283719063, (72.3971962928772, 713.2794049978256)
0.011519513092935085, (312.2690677642822, 636.5464618504047)
0.011519485153257847, (290.6258821487427, 623.8977216184139)
0.011506998911499977, (199.7456669807434, 620.0237340331078)
0.011492862366139889, (407.85675048828125, 494.36814641952515)
0.011484912596642971, (391.16132259368896, 479.87560975551605)
0.011480798944830894, (477.17747688293457, 668.1507003307343)
0.011477475985884666, (376.58698558807373, 639.6913719773293)
0.0114299226552248, (208.70351791381836, 704.2714506983757)
0.011406047269701958, (316.6691780090332, 709.4149771332741)
0.011404944583773613, (35.34526228904724, 333.7826085090637)
0.011349792592227459, (184.5203161239624, 302.57440426945686)
0.011349176988005638, (278.9811134338379, 792.9045801758766)
0.011348101310431957, (370.5317497253418, 487.7499239742756)
0.011303671635687351, (55.20733594894409, 320.661455437541)
0.011294801719486713, (54.89611625671387, 337.87028163671494)
0.011277387849986553, (410.7257843017578, 511.90364930033684)
0.011259511113166809, (187.63351440429688, 901.7562413811684)
0.011242636479437351, (278.88081073760986, 658.9279894828796)
0.011211918666958809, (407.4559211730957, 508.0013395547867)
