0.2879258990287781, (548.4554604887962, 746.0182921886444)
0.2594392001628876, (550.851590692997, 744.1454021930695)
0.2584073841571808, (547.0169856548309, 743.8849124908447)
0.1997675597667694, (567.4812172651291, 742.4964015483856)
0.18253584206104279, (548.803672671318, 743.8356091976166)
0.17873917520046234, (554.2812281250954, 741.8610162734985)
0.1597481220960617, (542.8155237436295, 748.8487458229065)
0.12327384948730469, (530.3574618697166, 687.1730253696442)
0.11917448043823242, (535.0609751939774, 719.5198760032654)
0.108054019510746, (564.1370825767517, 744.5494351387024)
0.10455863177776337, (517.6522551774979, 727.6821513175964)
0.10041581839323044, (543.3562197685242, 739.2481005191803)
0.09198036044836044, (566.282207608223, 747.4345908164978)
0.0857575535774231, (524.016295850277, 727.7916347980499)
0.07836061716079712, (589.1138221025467, 677.3442034721375)
0.07797235995531082, (526.7237184643745, 740.824853181839)
0.07788798958063126, (570.3901585936546, 731.2022159099579)
0.07619533687829971, (555.8702567815781, 746.7041716575623)
0.06769776344299316, (548.9898731708527, 557.282506942749)
0.06579827517271042, (542.8127722144127, 724.075309753418)
0.06504598259925842, (544.8663575649261, 743.8044075965881)
0.06417471170425415, (500.0450143814087, 728.7515802383423)
0.06416116654872894, (561.250769495964, 747.0358772277832)
0.06322020292282104, (566.8952236771584, 741.5267701148987)
0.059608880430459976, (491.7372031211853, 706.2791233062744)
0.05605121701955795, (513.4342840909958, 735.628714799881)
0.0537157766520977, (497.4954145550728, 767.2642006874084)
0.053574997931718826, (540.8034166693687, 754.6920990943909)
0.05275408551096916, (590.4726668596268, 621.51509141922)
0.05249454453587532, (524.8840953111649, 765.1599583625793)
0.052457503974437714, (476.84502351284027, 665.8776150941849)
0.05230006203055382, (548.5357476472855, 584.4119020700455)
0.05010649561882019, (521.458153963089, 555.0713217258453)
0.048860810697078705, (539.8129482865334, 746.9736328125)
0.047832511365413666, (550.7818989753723, 766.3140206336975)
0.04761163890361786, (459.73379719257355, 680.8134562969208)
0.046380482614040375, (529.5399702191353, 565.341570854187)
0.04607801139354706, (573.0845627784729, 746.9918138980865)
0.04440559446811676, (577.1360047459602, 623.6821339130402)
0.04400329664349556, (488.46181559562683, 700.7458806037903)
0.04319453611969948, (549.9747152924538, 733.5697267055511)
0.043148089200258255, (501.5838584303856, 734.2524304389954)
0.04308706521987915, (632.2736112475395, 655.7810786962509)
0.042609769850969315, (535.9350169301033, 738.8585171699524)
0.04199932515621185, (631.4410888552666, 532.4750905036926)
0.041925035417079926, (567.3226552605629, 742.2517111301422)
0.041818346828222275, (608.2285723686218, 531.5438060760498)
0.04153314232826233, (546.0485705733299, 628.255629658699)
0.040186576545238495, (553.4411903619766, 791.6748089790344)
0.039706166833639145, (549.3317198753357, 743.2322194576263)
0.03929567337036133, (560.4239965677261, 745.9215116500854)
0.03868309408426285, (585.6920696496964, 612.5875432491302)
0.038477130234241486, (492.7623325586319, 726.8193833827972)
0.03841712325811386, (585.805416226387, 731.278989315033)
0.03771836310625076, (484.5201473236084, 718.4034461975098)
0.037529755383729935, (503.21838998794556, 742.4270911216736)
0.036930523812770844, (652.4973509907722, 799.3132467269897)
0.03644297644495964, (536.2069255113602, 746.8378701210022)
0.03629390150308609, (465.9044916033745, 746.2734625339508)
0.03597038984298706, (616.5638578534126, 672.5969552993774)
0.035830121487379074, (577.2444232106209, 766.520761013031)
0.03580973297357559, (562.3419767022133, 745.6268033981323)
0.03565678745508194, (478.99819779396057, 714.6944253444672)
0.03527086228132248, (534.6021679639816, 619.6475207805634)
0.03523489832878113, (462.1343626976013, 703.4365224838257)
0.03520611301064491, (555.2103415131569, 743.9315958023071)
0.03508101776242256, (507.64683252573013, 543.6876994371414)
0.03465767204761505, (564.8253344893456, 733.9322369098663)
0.034609682857990265, (652.4231829047203, 798.4878730773926)
0.033739443868398666, (472.73423886299133, 618.424703836441)
0.03368256241083145, (603.3775852918625, 558.8930017948151)
0.03361872583627701, (499.5510122179985, 547.1533795595169)
0.03353731706738472, (549.3446561694145, 731.9231078624725)
0.033453527837991714, (582.0794349908829, 619.7273508310318)
0.03324996680021286, (522.9548215866089, 541.8639936447144)
0.03284324333071709, (510.77039313316345, 544.7067135572433)
0.03283412382006645, (541.9657940268517, 721.3003520965576)
0.03261222690343857, (456.01849353313446, 662.5656008720398)
0.03240550309419632, (576.9884488582611, 531.6440005302429)
0.03238561004400253, (542.0614404678345, 725.8946092128754)
0.03231709450483322, (581.8475262522697, 619.7975345849991)
0.03228762373328209, (507.9462153315544, 730.2374274730682)
0.032098159193992615, (549.544778585434, 724.0447432994843)
0.031961504369974136, (587.5507481694221, 615.8483884334564)
0.03177284449338913, (550.3743030428886, 717.6927959918976)
0.03171733766794205, (542.2751562595367, 735.6281590461731)
0.031670667231082916, (517.6640826463699, 745.3856062889099)
0.03134455531835556, (632.5851500630379, 645.1553456783295)
0.03132883459329605, (582.4639098644257, 621.4044964313507)
0.03127297759056091, (647.5772060751915, 645.625910282135)
0.03117024526000023, (531.5763071775436, 745.3654403686523)
0.031047185882925987, (541.852940261364, 741.0118246078491)
0.030558932572603226, (596.7970362305641, 683.2821936607361)
0.03052147477865219, (607.5988007187843, 624.1247520446777)
0.03038683533668518, (516.1883594989777, 533.38263630867)
0.030230121687054634, (509.38830411434174, 539.6133896112442)
0.03016332909464836, (546.2943190932274, 747.6506996154785)
0.030143870040774345, (535.033829510212, 716.9456248283386)
0.02998274192214012, (515.5769861340523, 740.366991519928)
0.02990729920566082, (511.47765934467316, 732.2937161922455)
0.02978404052555561, (514.7627798914909, 714.7839016914368)
0.029705530032515526, (528.2368541955948, 741.851806640625)
0.029600221663713455, (541.731174826622, 746.158659696579)
0.029558930546045303, (557.5197369456291, 724.9500660896301)
0.02949335053563118, (510.49404925107956, 553.0580642223358)
0.029285719618201256, (550.7469504475594, 709.6004662513733)
0.02921188995242119, (521.2641095519066, 545.204391002655)
0.029199019074440002, (561.326251745224, 745.4890558719635)
0.029166271910071373, (533.9357640147209, 729.9314453601837)
0.029125291854143143, (494.5080341100693, 748.5559430122375)
0.029109694063663483, (418.1733857393265, 661.5146706104279)
0.029017027467489243, (548.7161576151848, 743.7615351676941)
0.028982194140553474, (430.2084513306618, 681.38143658638)
0.028962023556232452, (605.6346606016159, 687.6701073646545)
0.028936101123690605, (557.0171105861664, 740.5118050575256)
0.028934022411704063, (556.7884051203728, 734.7175962924957)
0.028892895206809044, (644.12572067976, 641.5483056306839)
0.028880996629595757, (631.6575972437859, 529.6669464111328)
0.02881396748125553, (551.1036225557327, 702.9584949016571)
0.028787173330783844, (557.7417894601822, 716.4625954627991)
0.028722884133458138, (533.2853353619576, 719.4084870815277)
0.028647826984524727, (558.1595701575279, 709.5092432498932)
0.02861557900905609, (549.248886525631, 746.6193795204163)
0.028559861704707146, (604.2626742124557, 683.1488921642303)
0.02840026095509529, (474.8171054124832, 730.111350774765)
0.028388474136590958, (548.7257263660431, 748.8965406417847)
0.028362074866890907, (585.8097693920135, 625.6083762645721)
0.028340008109807968, (529.5212023258209, 743.6774575710297)
0.02818581834435463, (636.9574942588806, 729.7558271884918)
0.028162023052573204, (533.7504670023918, 736.7541954517365)
0.028103530406951904, (644.4582450389862, 727.9439113140106)
0.02772199735045433, (560.783214867115, 746.2969629764557)
0.027681438252329826, (535.3763743638992, 742.5502302646637)
0.027665644884109497, (521.9806159734726, 530.4472246170044)
0.027585869655013084, (660.5368265509605, 790.8773024082184)
0.027486391365528107, (596.9492327570915, 679.4308998584747)
0.027459144592285156, (577.6304175853729, 561.667443394661)
0.027320092543959618, (549.473238825798, 747.9934408664703)
0.0273028165102005, (548.6530777812004, 533.6537647247314)
0.027208583429455757, (636.398933827877, 721.1477580070496)
0.02704036980867386, (564.5028306245804, 724.713235616684)
0.026848992332816124, (497.90912955999374, 728.0867400169373)
0.02680022642016411, (518.2364828586578, 544.4815539121628)
0.02665620483458042, (555.8140763044357, 748.1546094417572)
0.026644282042980194, (629.0214269161224, 531.2113065719604)
0.02659507654607296, (608.1609750986099, 507.90382969379425)
0.02659284882247448, (619.0925542712212, 579.2896392345428)
0.02653890661895275, (524.574445605278, 737.2100722789764)
0.0264298003166914, (522.2073091268539, 737.4470615386963)
0.026243159547448158, (564.0584791898727, 735.4323749542236)
0.02622283063828945, (509.513888835907, 546.4712315797806)
0.026191016659140587, (648.035807967186, 630.0091516971588)
0.026137975975871086, (535.0962111949921, 747.9062669277191)
0.026120053604245186, (532.0696111917496, 751.459041595459)
0.02608391083776951, (556.6021635532379, 746.4446346759796)
0.026064030826091766, (621.8949251770973, 539.6052914857864)
0.02599085308611393, (653.001784324646, 598.0246127843857)
0.025854894891381264, (556.5259831547737, 748.3757994174957)
0.02571771666407585, (543.5337960720062, 748.0226576328278)
0.025609880685806274, (601.9885969161987, 679.564439535141)
0.025309506803750992, (636.3865314126015, 822.5467686653137)
0.02530643530189991, (564.9534654021263, 715.9879024028778)
0.025267664343118668, (543.4784369468689, 748.56467628479)
0.025173703208565712, (524.0417166948318, 552.0206705331802)
0.02516057901084423, (539.0076537132263, 811.4258193969727)
0.0251538697630167, (647.5052967071533, 519.9277596473694)
0.025095177814364433, (526.0235980153084, 722.8809156417847)
0.02504882402718067, (598.6194931268692, 558.5504987239838)
0.025018492713570595, (607.2377754449844, 659.3743439912796)
0.024969039484858513, (474.03419268131256, 559.0241993665695)
0.024948250502347946, (461.67691069841385, 666.1415584087372)
0.024885328486561775, (419.7928454875946, 715.7155830860138)
0.024813655763864517, (604.2649739980698, 687.0538558959961)
0.024767961353063583, (621.3913131952286, 526.5936284065247)
0.024763232097029686, (648.537982583046, 608.3919600248337)
0.02472861483693123, (617.9908748269081, 563.6909426450729)
0.024723690003156662, (569.5944738388062, 740.9010708332062)
0.02469993196427822, (581.3186166286469, 659.0838832855225)
0.024484818801283836, (525.7378907203674, 727.7300255298615)
0.024420829489827156, (643.539028942585, 629.0553592443466)
0.02441714145243168, (570.075786113739, 744.3822326660156)
0.024372626096010208, (618.0310389399529, 542.589609503746)
0.024295931681990623, (583.6814410090446, 554.3802419900894)
0.02426851913332939, (426.77265375852585, 661.0958704948425)
0.024263178929686546, (632.6084353923798, 668.7345464229584)
0.02423838898539543, (652.5844964385033, 798.2664449214935)
0.02423347719013691, (487.0883097052574, 564.3023114204407)
0.024211129173636436, (524.1297245621681, 543.2544894218445)
0.024203341454267502, (558.712627530098, 700.8933141231537)
0.024175500497221947, (549.7738947272301, 749.3971953392029)
0.024096203967928886, (629.1107078790665, 525.0767780542374)
0.024095723405480385, (511.3988916873932, 676.6622142791748)
0.02409208193421364, (487.98407620191574, 736.837240934372)
0.02407912164926529, (608.1518991589546, 558.3381214141846)
0.024056892842054367, (432.48396599292755, 702.7207117080688)
0.024045199155807495, (525.6854063272476, 714.1185851097107)
0.024029536172747612, (608.9867213368416, 479.17541205883026)
0.024010907858610153, (636.3415623903275, 529.9591934680939)
0.02399372309446335, (621.3578020334244, 829.5344982147217)
0.0239468552172184, (635.8120367527008, 527.6494810581207)
0.023810183629393578, (589.0817483067513, 619.9072959423065)
0.02379906363785267, (632.4248632192612, 538.7789254188538)
0.023786842823028564, (636.0969226956367, 530.5725073814392)
0.023764967918395996, (606.1705106496811, 564.2655919790268)
0.02373689040541649, (631.7955433130264, 514.0943702459335)
0.023700488731265068, (652.4537371993065, 632.0673458576202)
0.023696109652519226, (450.3018425107002, 631.499841928482)
0.023642590269446373, (569.1172272562981, 621.1838225126266)
0.023464716970920563, (563.8470221161842, 741.5209743976593)
0.023427290841937065, (555.8895585536957, 747.744701385498)
0.023350868374109268, (526.7166959047318, 738.0907831192017)
0.023317784070968628, (581.713645875454, 719.6799330711365)
0.023268472403287888, (596.4162163734436, 682.1736238002777)
0.02324700355529785, (565.6981852650642, 707.3672096729279)
0.023155944421887398, (512.0615995526314, 545.3694895505905)
0.023118499666452408, (571.6271557807922, 734.2193233966827)
0.023106364533305168, (643.7207530736923, 641.4595835208893)
0.023062895983457565, (462.1870524287224, 726.1045253276825)
0.023022083565592766, (527.0600210428238, 745.369092464447)
0.022929996252059937, (616.838969707489, 510.61836898326874)
0.022850297391414642, (604.1454672813416, 683.4834558963776)
0.02283870056271553, (610.2139033675194, 588.2070647478104)
0.02275528572499752, (652.5388703346252, 595.0149285793304)
0.022715529426932335, (539.9550421833992, 551.9441353082657)
0.02265547402203083, (572.6474803090096, 718.2724471092224)
0.022607453167438507, (603.8206636309624, 677.4504318237305)
0.022560829296708107, (612.3155378103256, 673.7075099945068)
0.02253793366253376, (597.3223729729652, 564.6488238573074)
0.02252565138041973, (629.023644566536, 666.6988999843597)
0.02247418463230133, (589.4281535148621, 620.4358971118927)
0.022432874888181686, (629.4205218553543, 829.1147453784943)
0.022406140342354774, (479.0126946568489, 768.6132531166077)
0.02224036119878292, (628.6959661841393, 531.3239657878876)
0.022236047312617302, (581.9870328903198, 666.2151560783386)
0.022235216572880745, (544.2675508856773, 753.0684249401093)
0.02220776304602623, (643.9696227312088, 527.6557531356812)
0.02220216579735279, (613.8290842175484, 513.6151517629623)
0.02218456007540226, (466.79204457998276, 773.451089143753)
0.022126028314232826, (598.5128816366196, 695.2620205879211)
0.0220841933041811, (636.3162647485733, 668.9757435321808)
0.021993204951286316, (545.1914076209068, 753.5203320980072)
0.021957367658615112, (648.8441826105118, 588.5518305301666)
0.02192438766360283, (502.9353931546211, 637.9093891382217)
0.021918049082159996, (544.8746532201767, 751.7133386135101)
0.02191724069416523, (574.5002861618996, 629.3896450996399)
0.021904291585087776, (562.9834115505219, 746.5456230640411)
0.021891357377171516, (569.9697495698929, 741.7960724830627)
0.021764829754829407, (644.0961520075798, 522.9817850589752)
0.021753402426838875, (579.8635504841805, 478.63101160526276)
0.021688643842935562, (628.4084519147873, 825.2393953800201)
0.021555447950959206, (578.5099213123322, 734.792781829834)
0.02155129984021187, (485.4837164282799, 729.4459547996521)
0.021537484601140022, (544.1213912963867, 757.1932289600372)
0.02151142805814743, (603.721978187561, 552.0496491193771)
0.02150726318359375, (581.4860903024673, 824.9668378829956)
0.021424980834126472, (556.9244620800018, 749.8322710990906)
0.021423565223813057, (570.9898276925087, 746.9802224636078)
0.02141634374856949, (524.0784721970558, 541.8639936447144)
0.021391820162534714, (633.9277731180191, 581.4598574638367)
0.021365737542510033, (617.1565865278244, 521.9092200994492)
0.021311435848474503, (484.0372334122658, 504.6725585460663)
0.021278714761137962, (627.9187618494034, 714.0839695930481)
0.021275224164128304, (628.228206217289, 721.34552693367)
0.021221190690994263, (648.2562588453293, 657.5026845932007)
0.021218478679656982, (634.462267935276, 440.3657809495926)
0.021159695461392403, (617.5192134380341, 685.3380854129791)
0.021104514598846436, (550.9497833251953, 588.9633264541626)
0.021060502156615257, (584.2229994535446, 754.5975415706635)
0.021057162433862686, (489.43717110157013, 513.5503667593002)
0.021031664684414864, (603.0770936608315, 565.0382087230682)
0.021029790863394737, (511.38135582208633, 549.0671968460083)
0.02100287936627865, (644.4692511558533, 526.5806078910828)
0.020998530089855194, (528.4790709018707, 655.250611782074)
0.020985154435038567, (518.1029720902443, 531.950975060463)
0.020931577309966087, (583.1095336079597, 560.0374971628189)
0.020883709192276, (617.5870571136475, 548.3105381727219)
0.020876046270132065, (577.0617134571075, 746.7168745994568)
0.020875681191682816, (504.9686500430107, 549.0196402072906)
0.020831113681197166, (563.3705968856812, 747.5484409332275)
0.020788230001926422, (636.2990984916687, 637.8924783468246)
0.020752476528286934, (621.1354209780693, 831.1912794113159)
0.02071070484817028, (518.69142973423, 725.3891909122467)
0.02063513547182083, (432.7906998991966, 673.1991541385651)
0.020622514188289642, (545.2089024186134, 675.0780780315399)
0.02054610475897789, (578.5925082564354, 745.7520067691803)
0.020488005131483078, (578.4046239852905, 731.5167725086212)
0.0204694252461195, (563.5412738323212, 747.4141867160797)
0.02044537477195263, (598.1333759427071, 616.7047652006149)
0.020434731617569923, (628.9499282240868, 533.7580082416534)
0.020409181714057922, (535.6148128509521, 565.8263071775436)
0.02039160020649433, (519.7996389269829, 738.0720462799072)
0.02026280015707016, (472.17239302396774, 725.7272479534149)
0.020114745944738388, (621.8090117573738, 533.8142584562302)
0.02010412886738777, (481.77539426088333, 669.6797246932983)
0.02007489837706089, (577.2993716597557, 737.1583871841431)
0.020054973661899567, (621.2497942447662, 830.2993741035461)
0.020049989223480225, (518.892784178257, 730.2812526226044)
0.02003466710448265, (594.0335563421249, 559.7969748973846)
0.01994587667286396, (501.0867351293564, 622.69737803936)
0.01980794034898281, (637.1887048482895, 818.5630466938019)
