0.20369882881641388, (177.3648738861084, 517.9057374000549)
0.1872640699148178, (179.46453094482422, 524.7129352092743)
0.17151151597499847, (182.75341987609863, 517.6223925352097)
0.12747840583324432, (190.8564805984497, 520.9546513557434)
0.12697356939315796, (172.12657928466797, 515.9615679979324)
0.10552502423524857, (176.49203538894653, 519.2769424915314)
0.09324779361486435, (184.9093198776245, 519.8116508722305)
0.09132755547761917, (197.39937782287598, 522.2587374448776)
0.08930846303701401, (194.59311962127686, 512.6666144132614)
0.082860566675663, (169.91839408874512, 519.060792684555)
0.0813664123415947, (189.5474672317505, 520.1209306716919)
0.0779590904712677, (178.14724445343018, 517.7909696102142)
0.0687069371342659, (188.6223554611206, 522.6458600759506)
0.06762908399105072, (180.35821914672852, 520.8936167955399)
0.06035097688436508, (175.73033571243286, 522.1045348644257)
0.05909927561879158, (185.0639820098877, 525.5091224908829)
0.05552203953266144, (195.33722400665283, 526.9971108436584)
0.05104495584964752, (182.3821783065796, 523.5932837724686)
0.048430681228637695, (177.9957413673401, 525.2613335847855)
0.0477059930562973, (206.87010288238525, 536.2825779914856)
0.04610072448849678, (166.8630599975586, 521.4217463731766)
0.044761888682842255, (200.04899501800537, 481.6643662452698)
0.04433194920420647, (175.56427717208862, 522.7603616714478)
0.04262993484735489, (177.26362943649292, 523.9374350309372)
0.04232080653309822, (233.59439373016357, 521.1878756284714)
0.04202266037464142, (238.16418647766113, 543.6007928848267)
0.04101477563381195, (186.5059733390808, 522.881822347641)
0.03830331563949585, (171.11129760742188, 482.51002764701843)
0.03570430725812912, (186.78719997406006, 534.3636590242386)
0.03544546291232109, (188.25548887252808, 526.3131815195084)
0.03499631956219673, (153.5080909729004, 512.6098389625549)
0.03459637612104416, (182.21681118011475, 523.8147954940796)
0.03446696326136589, (159.02912616729736, 522.1317627429962)
0.03438546508550644, (171.37391567230225, 531.3812556266785)
0.03358938917517662, (207.86268711090088, 504.53943490982056)
0.033318571746349335, (231.80391788482666, 496.52766966819763)
0.03253677859902382, (192.52314567565918, 505.59713912010193)
0.0317092165350914, (209.69316959381104, 536.5705622434616)
0.03164498507976532, (187.0582103729248, 524.4718391895294)
0.03000957891345024, (167.32065677642822, 525.9794118404388)
0.02997877448797226, (167.51030683517456, 512.5114991664886)
0.028373301029205322, (207.47249126434326, 497.9029437303543)
0.027718259021639824, (206.62410259246826, 487.8091584444046)
0.027684198692440987, (177.20937728881836, 533.0061058998108)
0.027413243427872658, (207.3561668395996, 513.5791286230087)
0.0269890446215868, (273.465371131897, 536.645895242691)
0.026615489274263382, (169.73998546600342, 520.1151124238968)
0.026089966297149658, (191.88727140426636, 524.6389331817627)
0.024695277214050293, (270.0141906738281, 548.0682945251465)
0.02438512071967125, (228.32915782928467, 485.3795646429062)
0.02433892898261547, (268.259334564209, 519.4226268529892)
0.024131231009960175, (184.97962951660156, 516.7506060600281)
0.023852292448282242, (280.1858901977539, 596.9805544614792)
0.022938011214137077, (158.80368947982788, 522.7720361948013)
0.022693926468491554, (178.95487546920776, 513.4288429021835)
0.022687150165438652, (185.1862668991089, 525.1548558473587)
0.022591033950448036, (143.14305782318115, 501.0359750986099)
0.02212190441787243, (176.74514055252075, 525.1640965938568)
0.02210942842066288, (158.54506492614746, 521.0094493627548)
0.02093876153230667, (200.61161518096924, 538.3828893899918)
0.020348938181996346, (208.66265296936035, 482.84448182582855)
0.020050227642059326, (151.69841051101685, 485.9140068292618)
0.02002231404185295, (238.3495569229126, 573.6229895353317)
0.019768502563238144, (150.76855421066284, 517.9034557342529)
0.019245367497205734, (191.32347106933594, 525.4443992376328)
0.018665485084056854, (268.391752243042, 490.3664494752884)
0.018011266365647316, (180.63137531280518, 566.6248923540115)
0.017960892990231514, (170.02863883972168, 523.4568781852722)
0.017949292436242104, (428.5237789154053, 590.6993186473846)
0.01776713691651821, (151.8112063407898, 507.86173045635223)
0.017613248899579048, (209.96086597442627, 567.7380790710449)
0.017535891383886337, (149.58908557891846, 519.0050059556961)
0.017354177311062813, (143.09083223342896, 472.59561932086945)
0.01733570359647274, (172.30912446975708, 525.3267033100128)
0.01732800342142582, (184.08522605895996, 525.324231505394)
0.017325958237051964, (157.20181465148926, 535.3445851802826)
0.017225850373506546, (409.3764305114746, 600.4912775754929)
0.017015671357512474, (197.5069522857666, 526.3226504325867)
0.016782129183411598, (198.7365484237671, 527.7661463022232)
0.016682058572769165, (167.25292205810547, 524.0449775457382)
0.016646577045321465, (197.737455368042, 520.5927411317825)
0.01628890261054039, (210.03553867340088, 525.6963711977005)
0.01623656414449215, (244.51861381530762, 483.0932594537735)
0.01614706963300705, (228.23638916015625, 498.4132763147354)
0.016102828085422516, (210.70196628570557, 597.3227663040161)
0.016073565930128098, (166.1165475845337, 522.3054735660553)
0.0157195795327425, (243.884015083313, 497.7304117679596)
0.015680119395256042, (400.7084369659424, 591.2943770885468)
0.015557577833533287, (175.78861713409424, 524.542418718338)
0.015489526093006134, (488.96265029907227, 530.467790722847)
0.0154436519369483, (136.7323398590088, 481.0532600879669)
0.015416096895933151, (460.26201248168945, 589.4752810001373)
0.01539226621389389, (437.3903751373291, 578.1485215425491)
0.015341285616159439, (395.48628330230713, 601.553316950798)
0.015286064706742764, (432.50532150268555, 591.1869866847992)
0.015226289629936218, (481.9399833679199, 532.1012732982635)
0.014931191690266132, (208.24191570281982, 502.9263732433319)
0.014744178391993046, (218.1593656539917, 590.7222493886948)
0.01450367458164692, (490.49620628356934, 532.8301894664764)
0.014366965740919113, (275.8366584777832, 473.12903475761414)
0.014292248524725437, (151.7134428024292, 476.71231484413147)
0.01422068104147911, (164.49822187423706, 522.7121804952621)
0.014103783294558525, (158.99314880371094, 517.8226847648621)
0.013898242264986038, (436.1182689666748, 593.2409802675247)
0.013830915093421936, (421.5311050415039, 596.8722894191742)
0.013709760271012783, (402.5099277496338, 611.1893620491028)
0.01361914537847042, (135.94963550567627, 506.5969650745392)
0.013520791195333004, (272.65024185180664, 580.1126935482025)
0.013503541238605976, (336.6957902908325, 536.851739525795)
0.013447274453938007, (152.2064447402954, 533.2748481035233)
0.013401747681200504, (482.65485763549805, 535.7935029268265)
0.01334442663937807, (156.14659786224365, 513.4167881011963)
0.013217049650847912, (148.03760051727295, 567.9599330425262)
0.013185382820665836, (339.74547386169434, 601.7685160636902)
0.013160116970539093, (228.81269454956055, 511.0794496536255)
0.013074998743832111, (165.67267179489136, 523.5830543041229)
0.012999382801353931, (375.78115463256836, 567.0968168973923)
0.01289936900138855, (475.0244140625, 530.7396892309189)
0.012892383150756359, (201.5209436416626, 534.8984434604645)
0.012762023136019707, (207.39820003509521, 528.3271698951721)
0.0127206239849329, (250.21960735321045, 562.3793967962265)
0.012687855400145054, (394.5896863937378, 439.1807757616043)
0.012677143327891827, (514.4782066345215, 633.1248787641525)
0.012669464573264122, (213.0565881729126, 537.8662822246552)
0.01265739742666483, (216.27366542816162, 719.5430850982666)
0.01251438818871975, (215.691876411438, 580.8914641141891)
0.012458110228180885, (239.99836444854736, 637.7646081447601)
0.012452837079763412, (405.1882266998291, 607.5613232851028)
0.01236364059150219, (277.9332637786865, 497.1743698120117)
0.012353531084954739, (228.5907745361328, 538.7349504232407)
0.012332422658801079, (138.28656673431396, 499.24216747283936)
0.012310128659009933, (19.599756598472595, 1012.6520345211029)
0.01224655844271183, (521.0169792175293, 668.2551927566528)
0.012107860296964645, (209.1815948486328, 535.3807876110077)
0.012101564556360245, (446.64950370788574, 503.77397406101227)
0.012052979320287704, (523.4583377838135, 639.1586298942566)
0.012000858783721924, (442.3121452331543, 782.0271875858307)
0.011951802298426628, (370.86334228515625, 588.3289721012115)
0.011935860849916935, (264.0336036682129, 465.718830704689)
0.01191344391554594, (453.0397891998291, 592.0259552001953)
0.011867471039295197, (420.87411880493164, 578.1540735960007)
0.011829430237412453, (433.7357997894287, 561.4130352735519)
0.011805151589214802, (213.51068019866943, 550.4243046045303)
0.01174518745392561, (509.2252731323242, 643.2120852470398)
0.011676626279950142, (420.4514980316162, 605.5186619758606)
0.011654115281999111, (484.869909286499, 535.385274887085)
0.011641778983175755, (170.86373567581177, 946.362265586853)
0.011633355170488358, (184.76800918579102, 946.0882375240326)
0.011591973714530468, (182.0572018623352, 725.707841873169)
0.011582454666495323, (263.0674123764038, 498.2370556592941)
0.011502466164529324, (515.0609016418457, 636.6178048849106)
0.011469808407127857, (438.1444454193115, 586.7542043924332)
0.011462818831205368, (400.6783962249756, 563.6443903446198)
0.011415147222578526, (521.8676567077637, 623.5543174743652)
0.011408993043005466, (142.1364426612854, 521.5654532909393)
0.01137848012149334, (263.6078357696533, 482.6522514820099)
0.011305452324450016, (134.64787006378174, 516.215175151825)
0.011298881843686104, (27.596580982208252, 1006.124568939209)
0.011210539378225803, (408.8014602661133, 416.6794819831848)
0.011155253276228905, (263.883376121521, 510.09160244464874)
0.011109454557299614, (264.2782211303711, 558.4403289556503)
0.011079237796366215, (517.5565242767334, 639.6072814464569)
0.011005294509232044, (442.9919719696045, 787.7611658573151)
0.01100052148103714, (432.080078125, 586.3942716121674)
0.010986922308802605, (408.1824779510498, 431.7721688747406)
0.010978173464536667, (395.88494300842285, 444.2203290462494)
0.0109640434384346, (51.2425422668457, 870.4353487491608)
0.010960486717522144, (230.61444759368896, 555.5684342384338)
0.010958625935018063, (402.48355865478516, 444.4943571090698)
0.01095644012093544, (431.17098808288574, 614.9562401771545)
0.010951196774840355, (200.22385120391846, 722.4259698390961)
0.010946198366582394, (456.2974452972412, 567.6034607887268)
0.010915977880358696, (200.06909370422363, 705.8928673267365)
0.010904806666076183, (410.20755767822266, 445.04511320590973)
0.01085631549358368, (136.54168844223022, 454.6761006116867)
0.01083351206034422, (139.60177898406982, 525.0722595453262)
0.010829226113855839, (412.42566108703613, 1000.2658596038818)
0.010814305394887924, (522.8217601776123, 630.8692619800568)
0.010751820169389248, (462.329626083374, 613.6257247924805)
0.010740394704043865, (189.24500942230225, 728.8417859077454)
0.010714055970311165, (439.6671772003174, 580.2212628126144)
0.010681410320103168, (394.382119178772, 588.7939375638962)
0.010672615841031075, (143.20268630981445, 517.1761747598648)
0.010611621662974358, (55.36994934082031, 868.0467488765717)
0.010609864257276058, (420.48072814941406, 589.382949590683)
0.010608226992189884, (412.38837242126465, 1028.5797350406647)
0.010549294762313366, (27.626490592956543, 1011.8925440311432)
0.010497740469872952, (233.88726711273193, 782.0729730129242)
0.01049416046589613, (349.2130517959595, 549.8686809539795)
0.01047920249402523, (246.30529880523682, 557.7285633087158)
0.010468962602317333, (143.11442375183105, 535.5792545080185)
0.010455165058374405, (403.68409156799316, 447.9765213727951)
0.010437705554068089, (316.19794368743896, 1046.3781733512878)
0.010429390706121922, (210.06944179534912, 719.6657626628876)
0.010424583218991756, (439.8247241973877, 782.5880210399628)
0.010399717837572098, (495.78280448913574, 1033.4777870178223)
0.010390334762632847, (342.32847690582275, 659.5127620697021)
0.010378093458712101, (297.435998916626, 817.8148114681244)
0.01035465206950903, (502.4374485015869, 564.1236922740936)
0.010318122804164886, (203.53388786315918, 721.3300857543945)
0.010304740630090237, (438.0746841430664, 587.415088891983)
0.010276970453560352, (417.86394119262695, 568.9887361526489)
0.01026182435452938, (168.71678829193115, 944.6592302322388)
0.010254853405058384, (280.4661989212036, 481.3569498062134)
0.01024946290999651, (346.77886962890625, 543.2753893136978)
0.010170339606702328, (246.88842296600342, 512.535076379776)
0.010157794691622257, (150.94711780548096, 517.6635005474091)
0.010154198855161667, (433.9620113372803, 639.190192937851)
0.010141616687178612, (92.82491207122803, 537.1049664020538)
0.010099092498421669, (200.56095123291016, 734.0034463405609)
0.010097152553498745, (410.3764057159424, 1009.4980118274689)
0.010078515857458115, (521.5062618255615, 613.9193751811981)
0.010058890096843243, (282.00201988220215, 817.7058238983154)
0.010045737028121948, (461.7863655090332, 559.4891346693039)
0.010036763735115528, (408.25724601745605, 401.9984076023102)
0.010032430291175842, (306.541109085083, 584.0203124284744)
0.010024136863648891, (360.2740287780762, 565.4999170303345)
0.010013514198362827, (152.8928518295288, 959.9260082244873)
0.01000544335693121, (396.2538480758667, 399.34068524837494)
0.009997346438467503, (232.41138458251953, 718.5522336959839)
0.009959125891327858, (239.75298404693604, 608.3553049564362)
0.009951530024409294, (295.58990001678467, 1008.9288122653961)
0.00992960948497057, (169.86781358718872, 719.2344517707825)
0.009920992888510227, (400.1279354095459, 600.5724668502808)
0.009898335672914982, (172.70137071609497, 575.3071631193161)
0.009896586649119854, (475.17805099487305, 1030.3875749111176)
0.009891784749925137, (310.83595752716064, 1009.9435451030731)
0.009880928322672844, (128.35921049118042, 526.2331330776215)
0.009864460676908493, (407.76524543762207, 588.7035075426102)
0.009857024997472763, (376.1314630508423, 513.1999537944794)
0.009856732562184334, (59.86233949661255, 1108.2101757526398)
0.009832900948822498, (165.0910496711731, 1051.2457270622253)
0.009805157780647278, (431.3026428222656, 583.2581980228424)
0.009723873808979988, (502.70190238952637, 547.995129108429)
0.009721891023218632, (153.02990674972534, 522.0930504798889)
0.009715443477034569, (113.08119297027588, 497.3796817064285)
0.009696430526673794, (505.5407524108887, 686.0740139484406)
0.009690027683973312, (125.62642097473145, 507.2251076698303)
0.009662908501923084, (443.19705963134766, 598.3089022636414)
0.00964538287371397, (144.04056072235107, 544.917123913765)
0.009632892906665802, (412.3645305633545, 1020.7708098888397)
0.009627998806536198, (423.7807273864746, 587.2982295751572)
0.009589826688170433, (470.9750175476074, 564.8234411478043)
0.00957711786031723, (298.8968849182129, 943.518625497818)
0.009571085684001446, (393.54021549224854, 567.731348156929)
0.009569558314979076, (435.5379581451416, 604.9680199623108)
0.009566936641931534, (295.72300910949707, 993.2063856124878)
0.009558017365634441, (455.341100692749, 584.6308481693268)
0.009546789340674877, (302.0686864852905, 520.3816870450974)
0.00954458862543106, (423.9302635192871, 613.4169903993607)
0.009517628699541092, (400.93278884887695, 608.4202183485031)
0.009502560831606388, (91.72489643096924, 473.14660358428955)
0.009467746131122112, (439.43161964416504, 770.5565690994263)
0.009462635964155197, (462.47119903564453, 775.1084163188934)
0.009457443840801716, (471.83213233947754, 1032.296264410019)
0.009454170241951942, (329.3031692504883, 544.3512327671051)
0.00942610576748848, (506.58531188964844, 642.4109163284302)
0.00941280648112297, (454.3935775756836, 603.041761636734)
0.009378766641020775, (272.80402183532715, 1000.4740235805511)
0.009356088936328888, (303.09298038482666, 551.5014029741287)
0.009355559013783932, (472.58191108703613, 686.1840662956238)
0.009351957589387894, (345.58794498443604, 578.9478651285172)
0.009349501691758633, (246.5517520904541, 541.0171486139297)
0.009332865476608276, (398.82569313049316, 611.4970066547394)
0.009325924329459667, (410.6715202331543, 429.8889579772949)
0.009318962693214417, (171.47566080093384, 949.2481164932251)
0.009314587339758873, (364.6327018737793, 595.2824246883392)
0.009311587549746037, (506.73794746398926, 675.5324897766113)
0.009302587248384953, (188.35363388061523, 730.215500831604)
0.00927671231329441, (340.2760982513428, 586.0206868648529)
0.00925575289875269, (151.1871576309204, 529.5534131526947)
0.009255441837012768, (112.65077590942383, 522.2887793779373)
0.009254314005374908, (211.3935947418213, 724.2344942092896)
0.009253427386283875, (456.2244415283203, 497.4660427570343)
0.0092505207285285, (298.0398654937744, 544.4531471729279)
0.009249856695532799, (376.5300750732422, 586.7550410032272)
0.009242509491741657, (303.55541706085205, 487.52212488651276)
0.009230936877429485, (329.8091650009155, 1007.1168653964996)
0.00923068355768919, (458.58168601989746, 1043.8483383655548)
0.009216229431331158, (433.51783752441406, 596.6666733026505)
0.00921266432851553, (431.9267272949219, 745.7995064258575)
0.009208682924509048, (487.9321098327637, 703.6791951656342)
0.009208191186189651, (379.70871925354004, 599.0124539136887)
0.009191861376166344, (59.46200489997864, 868.6311595439911)
0.009177176281809807, (184.52922105789185, 722.9408657550812)
0.009172898717224598, (152.76706218719482, 946.0343141555786)
0.009171541780233383, (520.5935478210449, 560.7352284193039)
0.00915913563221693, (295.5005645751953, 527.60289311409)
0.009158465079963207, (55.60249090194702, 881.4513072967529)
0.009157084859907627, (488.9982223510742, 655.6719579696655)
0.009126676246523857, (466.2454128265381, 679.5239598751068)
0.009121662937104702, (519.6600437164307, 622.3940904140472)
0.009118650108575821, (485.9449863433838, 564.923492193222)
0.00911271944642067, (141.122567653656, 510.8720842599869)
0.009111608378589153, (379.5360565185547, 1007.2268416881561)
0.009105355478823185, (400.89616775512695, 742.5207526683807)
0.009102702140808105, (279.90872859954834, 525.1244716644287)
0.009099441580474377, (368.3171272277832, 559.6597272157669)
0.009087789803743362, (55.04927039146423, 163.1530990600586)
0.009081779979169369, (546.8812465667725, 692.3671524524689)
