0.44024917483329773, (223.24277758598328, 761.5936306715012)
0.3289918005466461, (222.80009984970093, 764.8500909805298)
0.23013009130954742, (221.11291885375977, 759.0658337473869)
0.2043868750333786, (228.03557962179184, 765.3126662969589)
0.1002308800816536, (249.5934545993805, 744.4223296046257)
0.09229734539985657, (209.44820940494537, 769.6997426748276)
0.08294042199850082, (248.78006428480148, 758.7977593541145)
0.08270619064569473, (228.4303516149521, 780.1122161149979)
0.08132437616586685, (258.15666913986206, 690.8372458219528)
0.07927083969116211, (207.40060210227966, 782.3038474321365)
0.07524452358484268, (208.62170457839966, 738.7357995510101)
0.05339011177420616, (242.17782765626907, 751.5186735391617)
0.05098696053028107, (202.64731794595718, 748.5041475892067)
0.05092144012451172, (226.95207297801971, 762.6768927574158)
0.04694612696766853, (218.5921236872673, 763.2397377490997)
0.04639124125242233, (206.40333741903305, 803.8235312700272)
0.04606819152832031, (254.9724966287613, 777.0547060966492)
0.04241541028022766, (318.81452202796936, 723.0911082625389)
0.039036691188812256, (207.18687623739243, 763.7957497835159)
0.03845793753862381, (214.35987502336502, 583.7816097438335)
0.03699552267789841, (291.2650778889656, 637.7018659710884)
0.03524742275476456, (201.76482945680618, 764.5217912197113)
0.0347784087061882, (318.32149773836136, 670.344571352005)
0.034409571439027786, (210.1351037621498, 777.8365235328674)
0.03405763581395149, (265.9977525472641, 624.5209722220898)
0.0337439700961113, (288.83819580078125, 653.3444120287895)
0.033503953367471695, (263.7505993247032, 654.8674861490726)
0.033432550728321075, (204.03038561344147, 766.9184112548828)
0.03334130346775055, (274.13729280233383, 678.6850696802139)
0.03319953754544258, (240.60728251934052, 760.5146590471268)
0.03303736448287964, (287.78527677059174, 632.0839833021164)
0.032569922506809235, (205.85990846157074, 773.1712027788162)
0.03223093971610069, (290.8598452806473, 620.6244783401489)
0.0319630466401577, (289.2958089709282, 629.1469240188599)
0.031896840780973434, (213.71714770793915, 752.4848219156265)
0.030609365552663803, (215.60490131378174, 592.3455298841)
0.03044932521879673, (205.3567335009575, 585.2398899495602)
0.030356038361787796, (208.90995264053345, 826.5602760314941)
0.029989786446094513, (212.0513141155243, 586.0690613687038)
0.029570788145065308, (219.18126940727234, 737.7563825249672)
0.029183750972151756, (211.2609177827835, 585.0028419494629)
0.029010755941271782, (211.70287877321243, 742.826754629612)
0.028739403933286667, (203.74395847320557, 689.9513449668884)
0.02866341918706894, (200.71932971477509, 761.2285441756248)
0.028099870309233665, (210.41628122329712, 749.0169371962547)
0.028094608336687088, (276.1702165007591, 629.9206372499466)
0.02807014249265194, (218.82460117340088, 743.1703093647957)
0.02764933928847313, (203.7303015589714, 747.774133503437)
0.0275748148560524, (219.8054775595665, 768.7014952898026)
0.02750077098608017, (223.63911867141724, 750.5396537780762)
0.027490900829434395, (218.37413609027863, 750.0483959317207)
0.027277298271656036, (211.61562949419022, 736.1686733961105)
0.027216091752052307, (220.7827314734459, 755.7449370622635)
0.026784522458910942, (291.6739523410797, 648.8524577021599)
0.026730606332421303, (204.15841192007065, 741.3339918255806)
0.02667425572872162, (319.92121636867523, 647.6862069666386)
0.026400970295071602, (277.03804075717926, 618.9113129377365)
0.02616806887090206, (307.4350968003273, 644.9324060082436)
0.02603931911289692, (219.20393407344818, 729.3112446069717)
0.025747494772076607, (277.3662135004997, 637.0664803981781)
0.025629855692386627, (233.05022418498993, 747.2873250246048)
0.025143619626760483, (223.0015441775322, 756.3164424300194)
0.02506418153643608, (203.72416079044342, 734.1812362670898)
0.024916812777519226, (227.22335159778595, 728.6931003332138)
0.024828700348734856, (267.8761303424835, 637.9518250823021)
0.024307047948241234, (321.5505927801132, 619.7282485961914)
0.024163546040654182, (226.18217170238495, 732.5593623518944)
0.024155082181096077, (197.55836427211761, 741.9910680651665)
0.024092957377433777, (203.773732483387, 585.8116336762905)
0.024032417684793472, (308.67175459861755, 662.8473473489285)
0.02384607121348381, (290.7227724790573, 680.3136970996857)
0.023816818371415138, (203.25868278741837, 752.5724585652351)
0.02376442588865757, (306.55411928892136, 635.3522821068764)
0.023761870339512825, (224.54859167337418, 749.3200503587723)
0.023365488275885582, (226.17378383874893, 739.1927337050438)
0.023201609030365944, (217.84014105796814, 756.5843579173088)
0.02312678098678589, (212.84696012735367, 759.2097231149673)
0.02312096580862999, (249.3674471974373, 611.340714097023)
0.02308221533894539, (218.4615209698677, 583.9311005473137)
0.023015841841697693, (229.47226762771606, 580.8441134691238)
0.022920435294508934, (209.65848714113235, 757.364030122757)
0.022743666544556618, (250.76173096895218, 739.045507311821)
0.02258886769413948, (230.52311390638351, 756.232937335968)
0.022491613402962685, (230.0600379705429, 757.6638062596321)
0.022305073216557503, (234.99576300382614, 618.8262982368469)
0.022272028028964996, (137.6913145184517, 703.4311805963516)
0.021828709170222282, (281.2817573547363, 624.4780676066875)
0.021664613857865334, (197.0333382487297, 750.8794742226601)
0.02156747505068779, (263.2552891969681, 607.1678827106953)
0.021204175427556038, (225.46159029006958, 755.8282832503319)
0.02108018845319748, (232.5399398803711, 732.3021730184555)
0.020894315093755722, (199.4281992316246, 579.0829187333584)
0.020866278558969498, (232.82295763492584, 740.9685080647469)
0.020844368264079094, (209.23560708761215, 585.1362435221672)
0.020835641771554947, (210.41674613952637, 586.863710463047)
0.02042287215590477, (230.37232607603073, 750.187835931778)
0.020289788022637367, (137.5352866947651, 721.915998518467)
0.02008371241390705, (320.9385886788368, 679.0730386376381)
0.02004612423479557, (202.80848890542984, 759.4401367902756)
0.020015966147184372, (234.16650742292404, 726.0431047081947)
0.01956183835864067, (200.24854391813278, 760.5890270471573)
0.01953766867518425, (289.40746635198593, 706.8190561532974)
0.01944769360125065, (225.3344550728798, 759.4905099868774)
0.01936154253780842, (278.87893468141556, 624.1389225125313)
0.019312018528580666, (309.342996776104, 625.0627224445343)
0.01914537139236927, (273.69486689567566, 627.1813761889935)
0.019127873703837395, (232.02097713947296, 758.3034028410912)
0.01906796172261238, (245.3156054019928, 750.5662705302238)
0.018929917365312576, (239.43081200122833, 730.551029086113)
0.018915731459856033, (120.52100896835327, 719.9773455262184)
0.018834464251995087, (206.52500987052917, 614.0476775169373)
0.0187896266579628, (218.222476541996, 761.837392449379)
0.018775656819343567, (143.14604103565216, 743.5144997239113)
0.01873442530632019, (244.47796195745468, 616.4655512273312)
0.01851932518184185, (286.31612211465836, 627.1273481547832)
0.018450144678354263, (264.42240327596664, 836.1068707704544)
0.018406333401799202, (251.28297954797745, 616.8306377232075)
0.01840200461447239, (295.26616632938385, 618.9429749548435)
0.018256500363349915, (223.5928788781166, 761.9518047571182)
0.017885765060782433, (199.301315844059, 748.8671683073044)
0.017742089927196503, (241.39601290225983, 613.1164090037346)
0.017730990424752235, (206.1782792210579, 765.7549016475677)
0.017702238634228706, (177.69758850336075, 813.8590002655983)
0.017659379169344902, (237.14904189109802, 837.1146525144577)
0.017545605078339577, (222.65487164258957, 763.9468693733215)
0.017543187364935875, (230.65712600946426, 759.3528179526329)
0.01748565398156643, (149.8287856578827, 726.2423728108406)
0.017482902854681015, (230.79650402069092, 758.356556892395)
0.01718728058040142, (119.74257454276085, 704.8785757422447)
0.01709343120455742, (234.517964720726, 805.3378258347511)
0.016996515914797783, (230.0961270928383, 759.5444585680962)
0.0169916320592165, (238.17038536071777, 754.4803632497787)
0.016967976465821266, (247.71480560302734, 613.7765044569969)
0.016940083354711533, (280.0293117761612, 621.3890147507191)
0.016817210242152214, (261.6451680660248, 590.1607712507248)
0.016706645488739014, (224.23655539751053, 762.6961998343468)
0.016565421596169472, (285.0622430443764, 624.7094744443893)
0.016472401097416878, (288.3381977677345, 738.9801174998283)
0.016449540853500366, (197.14925736188889, 761.4773909449577)
0.01642243191599846, (190.31198620796204, 742.2160789370537)
0.016358202323317528, (307.82905519008636, 679.5909926891327)
0.01635114476084709, (322.1705198287964, 649.8958343863487)
0.01626848429441452, (219.09268349409103, 772.1812185049057)
0.01621220074594021, (240.6212881207466, 736.1328400969505)
0.01616560108959675, (193.51688623428345, 487.9461662173271)
0.016100946813821793, (212.66639828681946, 765.6219767928123)
0.015969548374414444, (230.65148890018463, 588.7103171646595)
0.015919281169772148, (320.4606741666794, 782.9429672956467)
0.015803419053554535, (237.84614503383636, 757.6491074562073)
0.01576186530292034, (161.43711432814598, 528.1731363534927)
0.01574430614709854, (27.076810784637928, 1304.3131001591682)
0.015690624713897705, (128.57571169734, 290.5384156405926)
0.015584627166390419, (171.1795598268509, 751.9391387701035)
0.015496734529733658, (130.38639575242996, 292.81867676973343)
0.015454582870006561, (307.0255637168884, 698.1172850728035)
0.015399625524878502, (183.26900899410248, 756.5087186694145)
0.015370934270322323, (307.85098373889923, 608.803621172905)
0.015304355882108212, (229.66526597738266, 761.02077460289)
0.015140203759074211, (133.84691253304482, 288.19479075074196)
0.014826702885329723, (27.79413778334856, 1312.365104675293)
0.014776436612010002, (144.68803256750107, 717.8803427219391)
0.01471702754497528, (199.58464354276657, 589.6194182932377)
0.014711380004882812, (200.28862357139587, 765.3025757670403)
0.014677620492875576, (319.41035091876984, 708.1513239145279)
0.014646708033978939, (183.2251712679863, 557.0923964679241)
0.014646124094724655, (245.318104326725, 757.1483152508736)
0.014526136219501495, (233.82665365934372, 761.9412375092506)
0.014522225596010685, (322.5480318069458, 638.6268974244595)
0.014481029473245144, (129.3601706624031, 282.4961838424206)
0.014440976083278656, (169.73444521427155, 526.1384644210339)
0.014436496421694756, (323.1443256139755, 729.6596459746361)
0.014306187629699707, (215.0521159172058, 491.14534091949463)
0.014292053878307343, (274.97623413801193, 382.45909109711647)
0.014194300398230553, (285.7039824128151, 625.3187199831009)
0.014194054529070854, (121.86149805784225, 289.8409375548363)
0.014156452380120754, (214.6818295121193, 766.5485575795174)
0.014131386764347553, (208.34891498088837, 838.7095124125481)
0.014084390364587307, (189.9919107556343, 754.578408241272)
0.013999966904520988, (336.4993155002594, 748.7894632816315)
0.013975955545902252, (335.5753719806671, 741.2610539793968)
0.013932972215116024, (185.02860069274902, 767.1246712207794)
0.013748164288699627, (335.0206106901169, 737.2809358239174)
0.013677996583282948, (139.7786721587181, 734.1848911046982)
0.013658087700605392, (323.3435422182083, 589.6665736436844)
0.013502752408385277, (187.3672068119049, 783.332922577858)
0.013496099971234798, (309.24218744039536, 714.9262010455132)
0.013456769287586212, (103.91026884317398, 718.3071641921997)
0.013444903306663036, (230.4803416132927, 763.7506204843521)
0.013432581909000874, (118.9143069088459, 290.2897675037384)
0.013429852202534676, (231.1166375875473, 901.9954886436462)
0.01330163236707449, (234.7162514925003, 878.7596201896667)
0.013181387446820736, (267.5752714276314, 390.27472296357155)
0.013156303204596043, (191.85510128736496, 757.7453250288963)
0.013147631660103798, (168.06059181690216, 460.63646480441093)
0.013130647130310535, (219.77200359106064, 766.7751575112343)
0.013078481890261173, (166.48929119110107, 523.3988855481148)
0.01301968190819025, (166.29048138856888, 369.1709358096123)
0.013012300245463848, (183.12726765871048, 764.5537313222885)
0.012978367507457733, (263.2684037089348, 462.3706455230713)
0.012945222668349743, (198.75889420509338, 491.10283356904984)
0.012898367829620838, (436.86907291412354, 622.542036563158)
0.012895586900413036, (325.2832889556885, 664.972277879715)
0.012888765893876553, (217.440564930439, 764.3098106384277)
0.012807467952370644, (343.0667996406555, 749.1226096749306)
0.012780389748513699, (184.59456264972687, 775.3964427113533)
0.012702987529337406, (271.85430228710175, 389.25569862127304)
0.0126620102673769, (246.72625809907913, 901.9634690880775)
0.012647895142436028, (327.6811718940735, 595.1142282783985)
0.012594107538461685, (194.17687356472015, 764.1134822964668)
0.012585530057549477, (251.46218538284302, 759.8835639357567)
0.01246765349060297, (353.9953142404556, 677.5073379874229)
0.012391455471515656, (339.9238109588623, 665.9833966493607)
0.01239000353962183, (241.39250665903091, 761.5469123125076)
0.012351593002676964, (323.4374940395355, 603.4396702647209)
0.012332940474152565, (243.81532073020935, 757.7191055417061)
0.012329339049756527, (42.8292453289032, 1304.2431020736694)
0.012314198538661003, (322.06661105155945, 705.3446469902992)
0.012259576469659805, (136.3448202610016, 638.3715355098248)
0.012257897295057774, (341.52471125125885, 745.6945309042931)
0.01224749255925417, (233.72024595737457, 761.4888321757317)
0.012174718081951141, (323.8668441772461, 698.4300120472908)
0.012125154957175255, (42.56889708340168, 1296.9273884296417)
0.012119302526116371, (353.46410870552063, 616.8881219625473)
0.012021059170365334, (50.045520067214966, 1312.4664866924286)
0.0120130255818367, (349.29466247558594, 743.8006893992424)
0.011952383443713188, (353.00275683403015, 666.8190832138062)
0.011928648687899113, (35.298399068415165, 1304.3990682959557)
0.01191779039800167, (321.9188064336777, 716.785718858242)
0.011911059729754925, (27.348406612873077, 1296.5771596431732)
0.011908999644219875, (247.0089465379715, 461.69235533475876)
0.011863546445965767, (326.4165997505188, 606.7509928643703)
0.011851786635816097, (35.125585831701756, 1296.7972444295883)
0.011851088143885136, (50.22115185856819, 1304.5203135609627)
0.011845773085951805, (288.79025131464005, 766.3032861948013)
0.011813927441835403, (375.09456872940063, 805.5683189630508)
0.011762922629714012, (215.5357837677002, 429.46538773179054)
0.011728842742741108, (161.88344359397888, 377.65814408659935)
0.011707505211234093, (149.33218732476234, 786.0310667157173)
0.011641993187367916, (170.20447552204132, 772.526997923851)
0.011625786311924458, (198.35151135921478, 382.7020186185837)
0.01161724142730236, (193.50948631763458, 768.1999880075455)
0.011605306528508663, (357.9642653465271, 575.2111347317696)
0.011574317701160908, (324.6917799115181, 621.2761915028095)
0.011573342606425285, (34.54551324248314, 1289.1076250076294)
0.011537433601915836, (50.88515393435955, 734.0784240961075)
0.011531480588018894, (231.39549046754837, 461.16899847984314)
0.011526241898536682, (237.16351240873337, 763.3638433218002)
0.011499917134642601, (231.5273717045784, 446.28717508912086)
0.011499028652906418, (373.1703191995621, 575.6152326464653)
0.01147511787712574, (326.28642320632935, 657.7271582186222)
0.011458075605332851, (249.0815818309784, 758.146959900856)
0.011404288001358509, (198.03354740142822, 478.6721349656582)
0.011365292593836784, (145.9138810634613, 342.11302092671394)
0.011364961043000221, (263.7409523129463, 454.819472938776)
0.011301865801215172, (257.45297968387604, 787.9863253831863)
0.011250038631260395, (324.53242987394333, 681.9640946388245)
0.011234222911298275, (232.55286067724228, 486.1048828661442)
0.011226200498640537, (239.84423875808716, 759.8344619870186)
0.011211855337023735, (42.57914945483208, 1312.356285393238)
0.011193283833563328, (261.8190661072731, 476.665311306715)
0.011182649061083794, (134.53997671604156, 350.476203083992)
0.011168121360242367, (219.59971338510513, 770.8619015812874)
0.011139207519590855, (198.81354123353958, 397.14875742793083)
0.011131052859127522, (382.2577267885208, 659.0843344926834)
0.01109365001320839, (119.85783502459526, 638.2589903473854)
0.011021981947124004, (135.83260849118233, 348.0636924505234)
0.010994239710271358, (367.4246907234192, 673.4477668404579)
0.010985839180648327, (165.72628617286682, 447.0905242860317)
0.010983358137309551, (172.81461209058762, 792.6734162569046)
0.010969489812850952, (369.66818273067474, 671.7262588739395)
0.010940360836684704, (338.66919577121735, 733.5211408138275)
0.010919999331235886, (236.89145892858505, 765.4346266388893)
0.010891473852097988, (321.9694823026657, 843.9331493377686)
0.010877883993089199, (202.11229622364044, 519.1438997685909)
0.010870872065424919, (87.7786636352539, 685.8199483156204)
0.010845527052879333, (166.1749303340912, 384.31757602095604)
0.010832654312252998, (87.48722895979881, 780.1598084568977)
0.010825145989656448, (139.42298218607903, 762.3998401761055)
0.010814331471920013, (234.05885994434357, 455.36114370822906)
0.010802609845995903, (354.7045439481735, 584.8910515904427)
0.010801642201840878, (263.980171084404, 486.17206037044525)
0.010798346251249313, (220.99395841360092, 768.4531252384186)
0.010791813023388386, (182.6732188463211, 445.4271759092808)
0.010788312181830406, (242.41026639938354, 761.4496618509293)
0.010781053453683853, (55.22220730781555, 746.1563911437988)
0.010774337686598301, (356.7825645208359, 590.7918663620949)
0.010763522237539291, (430.6807279586792, 622.3898046314716)
0.010762536898255348, (258.3308383822441, 756.0999330282211)
0.010703235864639282, (200.84630995988846, 454.3826403915882)
0.010700671002268791, (37.97558769583702, 1309.0910058021545)
0.010687639936804771, (372.2795397043228, 587.913403660059)
0.010682826861739159, (107.98334181308746, 329.6538582891226)
0.010636622086167336, (182.08889663219452, 429.15444844961166)
0.010614641010761261, (227.05292105674744, 767.954478263855)
0.010566440410912037, (198.21899086236954, 446.27835580706596)
0.010557973757386208, (338.69348764419556, 650.3748564720154)
0.010552480816841125, (408.0457001924515, 613.8219118416309)
0.010524551384150982, (38.687715865671635, 1293.0403891801834)
0.010462651960551739, (208.88298749923706, 770.5282784700394)
0.010446954518556595, (341.47841334342957, 608.2234157025814)
