0.41934141516685486, (530.5636405944824, 978.0412781238556)
0.41058290004730225, (531.3437461853027, 978.9485589265823)
0.26181215047836304, (538.0245208740234, 979.637742638588)
0.08270341157913208, (532.2682857513428, 985.8690991401672)
0.06192873790860176, (525.9233951568604, 978.3883457183838)
0.05340147763490677, (526.846981048584, 777.4477361440659)
0.05046609789133072, (517.37060546875, 778.5679304599762)
0.044536057859659195, (543.1251049041748, 978.2738428115845)
0.04315011948347092, (528.186845779419, 983.0728298425674)
0.04224894940853119, (514.8818492889404, 783.4122544527054)
0.040095821022987366, (463.6021614074707, 841.7691251039505)
0.03928285464644432, (576.537036895752, 1002.0051118135452)
0.03794412687420845, (468.00103187561035, 829.8967983722687)
0.03734870254993439, (589.937686920166, 1011.8958419561386)
0.03730561211705208, (441.6069030761719, 849.8410384654999)
0.03725062683224678, (471.12154960632324, 815.7570819854736)
0.03723670914769173, (522.1062660217285, 777.2116125822067)
0.036798153072595596, (468.6380863189697, 827.4790849685669)
0.03677431493997574, (438.0430221557617, 777.9482995271683)
0.03651827946305275, (442.33927726745605, 859.3471781015396)
0.03602752089500427, (516.0314559936523, 900.3486574888229)
0.03598329797387123, (515.9483432769775, 957.7471078634262)
0.03587041050195694, (462.930965423584, 808.3403109312057)
0.03462899103760719, (585.788631439209, 1015.984756231308)
0.033563803881406784, (471.85707092285156, 827.7932716608047)
0.033452387899160385, (472.8052616119385, 822.8027243614197)
0.03324447572231293, (473.91982078552246, 808.9399812221527)
0.03282703086733818, (423.34556579589844, 860.5705024003983)
0.032502949237823486, (495.16444206237793, 805.9232938289642)
0.03233973681926727, (443.926477432251, 777.7903938293457)
0.03206539526581764, (472.7213382720947, 821.453292131424)
0.031913649290800095, (529.2973041534424, 781.2841250896454)
0.031732842326164246, (422.7684020996094, 861.5368140935898)
0.031064335256814957, (492.80591011047363, 777.5175983905792)
0.030417315661907196, (442.8715705871582, 771.8603811264038)
0.030246227979660034, (579.4662952423096, 1017.2132641077042)
0.03005153313279152, (444.1073417663574, 778.2880172729492)
0.029842831194400787, (495.1212406158447, 956.0747464895248)
0.02977689541876316, (470.3531742095947, 720.8921200037003)
0.029541175812482834, (462.2885227203369, 946.3185572624207)
0.029288211837410927, (458.30702781677246, 893.8551821708679)
0.028632119297981262, (523.0605602264404, 1006.1160756349564)
0.0285742599517107, (569.743537902832, 967.6417063474655)
0.028540806844830513, (482.7907085418701, 715.6020083427429)
0.028463076800107956, (531.2936305999756, 836.8059656620026)
0.028457224369049072, (565.4792785644531, 998.4885573387146)
0.02838738262653351, (516.9341087341309, 783.920167684555)
0.02836168371140957, (451.15060806274414, 774.5289951562881)
0.02826986461877823, (439.3822193145752, 779.6228271722794)
0.028197184205055237, (427.5729179382324, 783.0429052114487)
0.027683263644576073, (440.64464569091797, 762.7288516759872)
0.02757093496620655, (531.1801910400391, 839.9523198604584)
0.027543803676962852, (487.6098155975342, 808.9300009012222)
0.027505846694111824, (514.7429943084717, 782.2027014493942)
0.027304552495479584, (461.50383949279785, 867.8104902505875)
0.027271492406725883, (466.45612716674805, 830.9565691947937)
0.02716723456978798, (520.5180644989014, 778.4056922197342)
0.026816409081220627, (492.50879287719727, 866.8269257545471)
0.026729736477136612, (432.2381019592285, 870.7187867164612)
0.02659662626683712, (467.55523681640625, 906.9646044969559)
0.026518424972891808, (471.4543342590332, 731.0672506093979)
0.02638392709195614, (582.3724746704102, 893.6975085735321)
0.02637200430035591, (462.6436710357666, 741.3363819122314)
0.026249438524246216, (488.6139392852783, 902.1274756193161)
0.026232395321130753, (524.3427276611328, 778.7832423448563)
0.02615775726735592, (606.0927867889404, 1014.122304558754)
0.026091674342751503, (454.09512519836426, 776.5486562252045)
0.025980550795793533, (442.47260093688965, 778.7299365997314)
0.025849325582385063, (480.5781364440918, 817.7889670133591)
0.02581711672246456, (467.5180912017822, 830.8950625658035)
0.025662550702691078, (467.2236442565918, 823.74265396595)
0.025490209460258484, (436.3557815551758, 775.5081497430801)
0.02547953650355339, (550.5801677703857, 993.7359904050827)
0.02544439397752285, (487.17799186706543, 818.6800007820129)
0.025430550798773766, (441.5708541870117, 877.6789387464523)
0.0252190250903368, (538.5724544525146, 834.947846531868)
0.025064244866371155, (520.3332424163818, 835.4187010526657)
0.02500544860959053, (499.6063709259033, 984.4020693302155)
0.02497032657265663, (548.7915992736816, 873.0260976552963)
0.024784667417407036, (504.86559867858887, 981.6839405298233)
0.024574434384703636, (406.414794921875, 795.2271749973297)
0.024128923192620277, (550.6805419921875, 880.1191658973694)
0.02411278337240219, (499.8891353607178, 890.6333953142166)
0.023792430758476257, (462.50038146972656, 779.8756619691849)
0.023784993216395378, (465.90576171875, 924.5996768474579)
0.023665286600589752, (472.6522445678711, 828.1396429538727)
0.0234339851886034, (526.6221523284912, 801.9645879268646)
0.023396475240588188, (459.2207431793213, 731.6324926614761)
0.023368600755929947, (434.3711853027344, 894.493690609932)
0.023344026878476143, (457.06071853637695, 905.3265939950943)
0.023288452997803688, (467.6869869232178, 988.7105506658554)
0.0232216976583004, (464.1843795776367, 895.6978279352188)
0.023194514214992523, (468.4089183807373, 897.374135017395)
0.02300904132425785, (460.0390434265137, 832.840606212616)
0.022985631600022316, (539.3236637115479, 838.5377447605133)
0.022967057302594185, (535.063362121582, 822.055747628212)
0.02286759950220585, (527.3372173309326, 775.2532260417938)
0.022782882675528526, (517.2584533691406, 966.3893694877625)
0.022687848657369614, (651.7539024353027, 750.1694301366806)
0.022542372345924377, (480.8673858642578, 718.2563095092773)
0.022511478513479233, (525.2622604370117, 965.7573598623276)
0.022501064464449883, (453.82347106933594, 843.8551669120789)
0.0224368367344141, (524.2002010345459, 969.7194699048996)
0.022080836817622185, (485.5280876159668, 892.4500458240509)
0.02181844972074032, (484.67469215393066, 794.5188043117523)
0.021741056814789772, (399.8502254486084, 793.1714609861374)
0.021676041185855865, (412.3682498931885, 795.3024529218674)
0.021633576601743698, (433.3669185638428, 740.1604061126709)
0.02156326361000538, (483.58898162841797, 896.0387061834335)
0.021558936685323715, (609.2288017272949, 999.9192247390747)
0.0215016957372427, (560.3972434997559, 801.6611552238464)
0.021453646942973137, (518.8568592071533, 779.2099204063416)
0.021433604881167412, (458.70208740234375, 718.4637299776077)
0.02142924815416336, (481.9636344909668, 822.0787255764008)
0.021417340263724327, (590.7657146453857, 1046.5618290901184)
0.021398471668362617, (516.0730361938477, 780.4441534280777)
0.021374491974711418, (502.83546447753906, 857.5873148441315)
0.021354522556066513, (416.32699966430664, 721.5700855255127)
0.021321145817637444, (443.6042308807373, 716.7525304555893)
0.02125517837703228, (471.64011001586914, 723.3578008413315)
0.021198846399784088, (411.1473560333252, 860.658004283905)
0.021100686863064766, (457.5788974761963, 838.0107992887497)
0.02100558765232563, (535.4394912719727, 979.7262502908707)
0.020939268171787262, (472.806978225708, 900.0921090841293)
0.02091292105615139, (488.23695182800293, 892.650193810463)
0.020878292620182037, (407.5556755065918, 790.4941045045853)
0.020836856216192245, (456.1941146850586, 893.6657108068466)
0.020762212574481964, (505.8587074279785, 780.6221745014191)
0.02075418271124363, (524.7974872589111, 880.5508728027344)
0.020646018907427788, (531.6737174987793, 970.6814490556717)
0.02063407003879547, (487.72754669189453, 872.9437793493271)
0.02061953954398632, (541.7625427246094, 985.4599059820175)
0.02049536071717739, (579.411792755127, 1006.3156046867371)
0.020490417256951332, (525.5764961242676, 832.5733811855316)
0.020438985899090767, (532.0325374603271, 964.0933541059494)
0.020398922264575958, (412.7444267272949, 717.2856652736664)
0.020374635234475136, (454.70004081726074, 702.3011031150818)
0.02032785676419735, (538.7746334075928, 826.7942337989807)
0.02031629905104637, (459.888219833374, 833.3101454973221)
0.020270509645342827, (482.921838760376, 896.17200922966)
0.020229030400514603, (519.5086479187012, 780.0087329149246)
0.02011396549642086, (589.9004936218262, 1008.4927072525024)
0.020107006654143333, (478.6777973175049, 719.2415760755539)
0.020024776458740234, (470.29786109924316, 902.1453473567963)
0.019677912816405296, (503.62563133239746, 976.0164334774017)
0.019531534984707832, (458.95442962646484, 770.9345322847366)
0.01952395960688591, (517.0327663421631, 973.9778949022293)
0.019430700689554214, (437.5236511230469, 925.1936219930649)
0.01933388225734234, (659.1226100921631, 743.6615645885468)
0.019333835691213608, (531.4773559570312, 975.0506633520126)
0.01923225261271, (409.8043918609619, 712.849451303482)
0.019224565476179123, (469.0422058105469, 881.0082654953003)
0.01920272409915924, (486.7340564727783, 716.850554227829)
0.01916372962296009, (434.5386028289795, 853.0890526771545)
0.0191519632935524, (476.2747287750244, 722.899943947792)
0.01894957758486271, (510.8516216278076, 968.6590027809143)
0.01874648407101631, (558.7581157684326, 833.466735959053)
0.018728526309132576, (460.0016117095947, 730.4193034172058)
0.01844489760696888, (524.9666690826416, 976.5310002565384)
0.01840185932815075, (404.0236473083496, 899.2519053220749)
0.018393002450466156, (533.246898651123, 774.1213493347168)
0.018375687301158905, (515.532636642456, 888.6012008190155)
0.01835605315864086, (402.45656967163086, 893.2200778722763)
0.01834285445511341, (507.7169418334961, 783.0983772277832)
0.018324602395296097, (482.662296295166, 889.7267334461212)
0.01829172670841217, (467.28453636169434, 1009.3952686786652)
0.018253115937113762, (491.96953773498535, 707.9431564807892)
0.01823308877646923, (411.5828037261963, 713.3721415996552)
0.018172651529312134, (593.0323123931885, 1008.1936844587326)
0.018166925758123398, (462.0479106903076, 710.2310483455658)
0.01815115287899971, (524.9193668365479, 778.5088222026825)
0.017971696332097054, (538.6962890625, 968.8996909856796)
0.017844391986727715, (432.20362663269043, 842.3298025131226)
0.017819097265601158, (550.6750583648682, 989.0647360086441)
0.017791377380490303, (501.9599437713623, 891.661523103714)
0.017782671377062798, (513.6554718017578, 884.8622167110443)
0.01774228923022747, (517.6663398742676, 782.1169790029526)
0.017731091007590294, (589.8030281066895, 1011.2170253992081)
0.01771395653486252, (441.3114070892334, 910.2479753494263)
0.017712116241455078, (539.7064685821533, 962.8168787956238)
0.017649339511990547, (536.5293502807617, 975.3721998929977)
0.01760871894657612, (402.266788482666, 870.2135813236237)
0.017597785219550133, (423.7405300140381, 860.3440496921539)
0.017569515854120255, (584.9679470062256, 1009.2935312986374)
0.017529550939798355, (540.8369064331055, 982.5896739959717)
0.017526069656014442, (535.7892513275146, 840.5023206472397)
0.017518270760774612, (421.84062004089355, 864.4369870424271)
0.017476651817560196, (561.8241786956787, 996.7845529317856)
0.01740727387368679, (534.064769744873, 773.0805333852768)
0.017372440546751022, (489.8149013519287, 885.5346118211746)
0.017366629093885422, (491.60356521606445, 894.5811924934387)
0.0173383429646492, (456.01940155029297, 726.4752198457718)
0.017291778698563576, (493.6903953552246, 744.6714338064194)
0.017212754115462303, (507.5043201446533, 894.6368192434311)
0.017201712355017662, (424.5223045349121, 719.4527101516724)
0.017135638743638992, (661.6177082061768, 745.3422042131424)
0.017109502106904984, (442.7245616912842, 919.3858488798141)
0.017102215439081192, (614.0042781829834, 999.2429612874985)
0.01708233170211315, (584.4215393066406, 833.2389680147171)
0.01703876629471779, (547.862434387207, 824.7829283475876)
0.016883565112948418, (503.8699150085449, 1014.4368780851364)
0.016844384372234344, (540.7582759857178, 971.7496528625488)
0.016833167523145676, (497.8627681732178, 892.0082812309265)
0.016776898875832558, (416.8363571166992, 861.555536866188)
0.016653627157211304, (397.8991746902466, 799.2947360277176)
0.016576269641518593, (541.2496566772461, 1038.7504872083664)
0.01645633950829506, (472.072696685791, 915.1566685438156)
0.016346804797649384, (455.0530433654785, 876.2232818603516)
0.01624663546681404, (474.6323585510254, 901.3435175418854)
0.01622682437300682, (543.4232711791992, 966.1278696060181)
0.016222693026065826, (527.772855758667, 987.9237300157547)
0.016187837347388268, (467.6581859588623, 892.0157084465027)
0.016173459589481354, (402.79059410095215, 774.4346849918365)
0.01612517610192299, (430.5241584777832, 709.3404787778854)
0.016106970608234406, (519.7795867919922, 977.9407786130905)
0.016088588163256645, (404.9330234527588, 610.7690654397011)
0.01607407070696354, (629.6051979064941, 986.6827660799026)
0.01606077328324318, (427.1855354309082, 864.1301501989365)
0.016056779772043228, (588.2747173309326, 1010.3987938165665)
0.015869010239839554, (661.5451812744141, 749.4315053224564)
0.015848299488425255, (611.8302822113037, 1024.4911617040634)
0.01583578623831272, (427.1432399749756, 861.5671418905258)
0.015568841248750687, (437.74266242980957, 922.4424575567245)
0.015550932846963406, (375.9143352508545, 771.2076371908188)
0.015521721914410591, (647.3618984222412, 748.5188088417053)
0.015478971414268017, (559.5845699310303, 966.6040624380112)
0.015421728603541851, (547.1468448638916, 830.6258260011673)
0.015404685400426388, (564.1420841217041, 795.7701354026794)
0.015299462713301182, (592.661190032959, 803.7874277830124)
0.015158545225858688, (460.5501174926758, 908.7334423065186)
0.0151292709633708, (502.9016971588135, 968.9231331348419)
0.015109199099242687, (656.3259124755859, 750.0497436523438)
0.01505795307457447, (403.1181812286377, 740.0012625455856)
0.015047653578221798, (441.2205219268799, 984.9314131736755)
0.015023093670606613, (513.0276203155518, 975.2034628391266)
0.015013613738119602, (579.9844741821289, 1006.9331467151642)
0.014960403554141521, (390.8907890319824, 796.6812845468521)
0.014863907359540462, (380.5704355239868, 763.8282343149185)
0.014809160493314266, (435.5003833770752, 856.9628098011017)
0.014766734093427658, (444.02828216552734, 988.4481997489929)
0.014758758246898651, (406.06603622436523, 863.3416274785995)
0.014670208096504211, (437.48650550842285, 853.5339893102646)
0.01466361340135336, (465.85841178894043, 909.1451885700226)
0.014654011465609074, (619.6477890014648, 904.739534497261)
0.014597673900425434, (546.3393688201904, 967.3696845769882)
0.0145677849650383, (583.750581741333, 1006.9783289432526)
0.014498393051326275, (533.216667175293, 980.271531701088)
0.014447003602981567, (454.1506767272949, 840.0509625673294)
0.014381665736436844, (585.0500583648682, 1010.7454745769501)
0.01437655184417963, (584.7460269927979, 1072.8478281497955)
0.01433427445590496, (403.5621643066406, 667.5096269845963)
0.014316168613731861, (536.1788272857666, 978.606365442276)
0.01426535565406084, (401.2730121612549, 703.485976099968)
0.014146792702376842, (592.1186923980713, 832.5093214511871)
0.014136342331767082, (441.6300296783447, 922.9707182645798)
0.014090006239712238, (263.8080835342407, 751.1919101476669)
0.013971695676445961, (401.1423110961914, 830.2597261667252)
0.013934453949332237, (541.0192012786865, 977.7549434900284)
0.013847874477505684, (481.27641677856445, 901.504208445549)
0.013718795962631702, (391.5323734283447, 707.068601846695)
0.01371491327881813, (475.02989768981934, 906.2188656330109)
0.013711823150515556, (430.4649829864502, 921.9767866134644)
0.013681360520422459, (546.6785907745361, 970.055009841919)
0.01365838386118412, (440.47536849975586, 923.907862663269)
0.013658203184604645, (467.1161651611328, 901.1415901184082)
0.01365149300545454, (522.8142738342285, 978.9504157304764)
0.01361988764256239, (445.7505702972412, 725.4836091995239)
0.013604842126369476, (435.50848960876465, 862.9177346229553)
0.013578834943473339, (528.097677230835, 980.6011143922806)
0.013569671660661697, (591.1661148071289, 1011.6796790361404)
0.013545935042202473, (571.8136787414551, 1008.6824107170105)
0.013431546278297901, (444.80624198913574, 850.6430230140686)
0.013347170315682888, (663.6479377746582, 758.460523724556)
0.01322834100574255, (565.418529510498, 795.2416425943375)
0.013185475952923298, (520.9330081939697, 782.2628154754639)
0.013181790709495544, (594.7828769683838, 1011.6285395622253)
0.013116209767758846, (441.49842262268066, 923.518862247467)
0.013092688284814358, (538.3134841918945, 980.5169392824173)
0.013092435896396637, (493.2147026062012, 711.8040707111359)
0.0130878034979105, (443.9143180847168, 862.4827783107758)
0.01308340672403574, (614.7324085235596, 1000.6141335964203)
0.013044699095189571, (580.3388595581055, 1009.8388900756836)
0.013043796643614769, (419.6698188781738, 863.9963829517365)
0.013015711680054665, (577.1086692810059, 1006.2284896373749)
0.013000505045056343, (592.0671939849854, 1011.1537393331528)
0.012987123802304268, (426.5298366546631, 1001.0456084012985)
0.01296535599976778, (402.32882499694824, 663.2563855648041)
0.012955890968441963, (347.15025424957275, 853.0048775672913)
0.012867260724306107, (579.503059387207, 809.975768327713)
0.01286519505083561, (544.6963310241699, 770.3820557594299)
0.012799444608390331, (461.87124252319336, 705.2843680381775)
0.012782929465174675, (349.4490385055542, 859.3475649356842)
0.012769968248903751, (656.9668292999268, 748.9660664796829)
0.012748260982334614, (448.95663261413574, 917.5191420316696)
0.012719223275780678, (527.5180816650391, 1072.6145671606064)
0.01267241220921278, (390.8155918121338, 610.1827409267426)
0.012666035443544388, (346.24295234680176, 859.4469813108444)
0.01262417621910572, (419.38939094543457, 860.3428891897202)
0.012611771933734417, (547.7074146270752, 974.200169801712)
0.012562888674438, (653.5757064819336, 674.9294927120209)
