0.08681676536798477, (476.03116035461426, 450.8495296239853)
0.07704735547304153, (475.29969215393066, 449.7074683904648)
0.07073605805635452, (477.0843982696533, 448.44440269470215)
0.06901302188634872, (477.2343635559082, 448.80935633182526)
0.04603417590260506, (479.6124458312988, 449.25274085998535)
0.04564961418509483, (312.8056049346924, 651.1107206344604)
0.04427853971719742, (311.62757873535156, 655.1727840900421)
0.043325718492269516, (764.4695281982422, 509.92082607746124)
0.04139317572116852, (476.793909072876, 448.66555392742157)
0.03896448388695717, (305.08172512054443, 656.101865530014)
0.03561185672879219, (771.2287425994873, 508.1879585981369)
0.033524900674819946, (316.0433292388916, 593.7965821027756)
0.03246443346142769, (327.9104232788086, 602.5565141439438)
0.032219842076301575, (330.46600818634033, 593.2375288009644)
0.03152342140674591, (471.8374252319336, 438.8107236623764)
0.031376536935567856, (294.73931789398193, 740.9995365142822)
0.0313442163169384, (315.1061773300171, 590.4547619819641)
0.030644655227661133, (764.456033706665, 506.8836625814438)
0.029654566198587418, (303.9680480957031, 656.212012052536)
0.028518177568912506, (298.77781867980957, 656.2048480510712)
0.028190061450004578, (304.8924207687378, 466.6373097896576)
0.027912111952900887, (282.8402519226074, 656.0462698936462)
0.027573419734835625, (472.8871822357178, 446.9321267604828)
0.027268949896097183, (312.3511552810669, 464.2382274866104)
0.026856660842895508, (302.33404636383057, 468.1761522293091)
0.026722785085439682, (286.7518901824951, 659.2418622970581)
0.026203185319900513, (329.5525312423706, 579.164034485817)
0.02611554227769375, (312.2973918914795, 656.9169199466705)
0.02545846253633499, (305.82125186920166, 657.0512449741364)
0.025278281420469284, (311.2762689590454, 459.883260846138)
0.025177588686347008, (467.987060546875, 445.6179429292679)
0.02515236847102642, (312.0511770248413, 447.20144844055176)
0.025001680478453636, (307.85343647003174, 592.7653017044067)
0.02479841373860836, (301.67980194091797, 582.9843128919601)
0.024769945070147514, (344.06604766845703, 601.9803717136383)
0.02416880987584591, (312.8064155578613, 592.8151512145996)
0.023851292207837105, (771.7997074127197, 507.5672650337219)
0.023799272254109383, (317.7624702453613, 602.8499397039413)
0.023605195805430412, (328.3811569213867, 627.273699760437)
0.02345159277319908, (314.02502059936523, 605.0591759681702)
0.023081209510564804, (327.88166999816895, 648.2181804180145)
0.023015841841697693, (291.5672302246094, 739.6370329856873)
0.022804677486419678, (302.5674343109131, 657.817046880722)
0.022671781480312347, (278.6989450454712, 659.8287134170532)
0.022614412009716034, (486.8724822998047, 433.19104957580566)
0.022179564461112022, (312.8512144088745, 658.4724037647247)
0.022090040147304535, (292.66209602355957, 577.445420384407)
0.021864915266633034, (483.9695453643799, 448.2619445323944)
0.021726831793785095, (346.541690826416, 574.0183038711548)
0.02119731903076172, (311.4025354385376, 582.5409283638)
0.02117338962852955, (322.27556705474854, 656.0793287754059)
0.020964866504073143, (290.96665382385254, 744.7323544025421)
0.020665183663368225, (335.29250621795654, 579.6439852714539)
0.020620927214622498, (305.45654296875, 465.64841639995575)
0.020604461431503296, (780.1804065704346, 1063.693922996521)
0.02049749344587326, (296.3949918746948, 583.2799398899078)
0.02035222388803959, (327.74741649627686, 660.5430986881256)
0.02020762488245964, (322.7703332901001, 651.0126633644104)
0.02016874961555004, (274.102783203125, 659.8486382961273)
0.02016322873532772, (296.89836502075195, 461.9504110813141)
0.020134015008807182, (385.31460762023926, 418.42484855651855)
0.020085832104086876, (596.6874599456787, 563.4085669517517)
0.020003395155072212, (335.74047088623047, 631.9126892089844)
0.019960133358836174, (323.9125967025757, 591.4340660572052)
0.019879883155226707, (336.3619804382324, 603.3621658086777)
0.01973281055688858, (371.1358070373535, 631.0268156528473)
0.01944071054458618, (366.44134521484375, 575.3126374483109)
0.01941913552582264, (360.61344146728516, 574.0686384439468)
0.019325153902173042, (310.62471866607666, 729.3022146224976)
0.019271498546004295, (474.992036819458, 417.4429326057434)
0.019261440262198448, (743.7259674072266, 722.4158928394318)
0.01917356438934803, (384.73143577575684, 425.8086953163147)
0.01910371147096157, (299.6760368347168, 467.9168303012848)
0.018890300765633583, (324.60196018218994, 584.5233045816422)
0.01887381821870804, (401.7536163330078, 606.7233138084412)
0.018872136250138283, (402.5332450866699, 636.2137765884399)
0.018824052065610886, (586.6572856903076, 566.7183356285095)
0.01876486837863922, (328.598952293396, 456.73158526420593)
0.018469927832484245, (307.2340488433838, 734.2398533821106)
0.018449295312166214, (599.8776435852051, 572.8540790081024)
0.018445976078510284, (344.4240093231201, 559.5106785297394)
0.01834903098642826, (779.1863441467285, 505.04467833042145)
0.018232276663184166, (779.7012329101562, 507.1720509529114)
0.018230868503451347, (303.9577007293701, 636.7189133167267)
0.018215779215097427, (304.9738645553589, 447.24178326129913)
0.01818927936255932, (313.6452913284302, 745.7150166034698)
0.018090100958943367, (296.3191509246826, 748.6061389446259)
0.018062809482216835, (329.0885925292969, 616.3315457105637)
0.01795707643032074, (306.5518617630005, 609.6508531570435)
0.017906248569488525, (314.13230895996094, 465.5237179994583)
0.017895685508847237, (368.2171821594238, 607.7795189619064)
0.017699766904115677, (296.5703010559082, 666.415415763855)
0.017698712646961212, (379.3328285217285, 426.0901435613632)
0.01766940765082836, (298.70221614837646, 748.9312801361084)
0.01766604743897915, (486.41276359558105, 609.6808151006699)
0.017616944387555122, (342.0790195465088, 616.8856364488602)
0.017561830580234528, (472.5452423095703, 623.2455160617828)
0.017516646534204483, (593.0447578430176, 569.7055376768112)
0.0173500869423151, (304.9456834793091, 575.5499823093414)
0.017187748104333878, (283.69526863098145, 744.2694554328918)
0.017183978110551834, (594.4030284881592, 563.9190766811371)
0.017073260620236397, (329.16486263275146, 602.1087267398834)
0.017038894817233086, (309.9536657333374, 433.7116709947586)
0.017026713117957115, (273.2292890548706, 636.3264603614807)
0.016879726201295853, (299.7642517089844, 464.5241905450821)
0.016801755875349045, (273.5959529876709, 812.2952313423157)
0.016653846949338913, (485.3407859802246, 622.0896492004395)
0.016652269288897514, (328.0362367630005, 595.1985622644424)
0.016527673229575157, (375.11072158813477, 573.6356641054153)
0.0164704080671072, (452.78539657592773, 302.44664227962494)
0.016453569754958153, (262.6731872558594, 797.0546391010284)
0.016197271645069122, (358.9916706085205, 588.5068998336792)
0.016186242923140526, (343.4075355529785, 589.7900769710541)
0.01616058126091957, (467.3827648162842, 447.3757724761963)
0.016046341508626938, (304.75401878356934, 722.1011245250702)
0.01601000316441059, (746.8745231628418, 726.9482431411743)
0.015970896929502487, (400.1293659210205, 588.8543912172318)
0.015956133604049683, (501.3445854187012, 607.0095007419586)
0.015767399221658707, (280.155086517334, 749.2448544502258)
0.015703244134783745, (304.54118251800537, 418.5704046487808)
0.0155697762966156, (500.0048637390137, 598.2645683288574)
0.015562184154987335, (780.2519798278809, 1066.1881148815155)
0.015544077381491661, (776.2100696563721, 503.64101910591125)
0.015540883876383305, (400.26769638061523, 574.9573850631714)
0.015480068512260914, (435.7804298400879, 558.2979100942612)
0.015467226505279541, (343.6995506286621, 647.1133570671082)
0.015449047088623047, (362.3889207839966, 562.4977313280106)
0.015379075892269611, (298.0978012084961, 744.9095888137817)
0.015241355635225773, (277.5135278701782, 811.2282428741455)
0.01517645176500082, (386.45145893096924, 427.8597265481949)
0.015152132138609886, (600.724983215332, 582.4050735235214)
0.015116779133677483, (335.2309465408325, 661.0398774147034)
0.015081940218806267, (486.54236793518066, 634.0502481460571)
0.015053910203278065, (295.87881565093994, 418.7525269985199)
0.01505227666348219, (264.83821868896484, 801.3959493637085)
0.015042769722640514, (478.7729263305664, 507.0272411108017)
0.015011653304100037, (405.65195083618164, 446.2134132385254)
0.0149722620844841, (269.2446231842041, 668.3226819038391)
0.014965842477977276, (312.760591506958, 759.0867745876312)
0.014807929284870625, (392.05775260925293, 429.086599111557)
0.014764397405087948, (461.70058250427246, 649.3116607666016)
0.014674841426312923, (336.77780628204346, 448.39272487163544)
0.014635227620601654, (442.0133113861084, 303.52855575084686)
0.014626717194914818, (380.5535316467285, 429.9967257976532)
0.0146100465208292, (451.32312774658203, 295.2619883418083)
0.014510074630379677, (391.0186529159546, 415.65950667858124)
0.014508984051644802, (756.8010330200195, 512.0156621932983)
0.014469112269580364, (594.778299331665, 571.4038164615631)
0.014397931285202503, (340.66810607910156, 587.583079457283)
0.014352759346365929, (297.4797010421753, 436.9668514728546)
0.014290731400251389, (582.3050498962402, 564.573911190033)
0.014274760149419308, (602.3399353027344, 570.201905965805)
0.014257888309657574, (311.18128299713135, 415.6201046705246)
0.014176816679537296, (472.3806858062744, 635.6300597190857)
0.014135305769741535, (490.92559814453125, 437.16304063796997)
0.014062483794987202, (506.9434642791748, 595.1503545045853)
0.01406189426779747, (273.9765167236328, 762.8041450977325)
0.01388056855648756, (393.67454051971436, 487.9764448404312)
0.013875112868845463, (263.4077787399292, 808.7051711082458)
0.013820421881973743, (305.5874824523926, 661.7494120597839)
0.013803243637084961, (346.0096597671509, 348.96354854106903)
0.01379304938018322, (336.14110946655273, 541.4711258411407)
0.013759858906269073, (457.1542739868164, 638.6710290908813)
0.013748235069215298, (376.2274742126465, 558.0322450399399)
0.013739606365561485, (588.3511066436768, 580.0924816131592)
0.013737066648900509, (733.0928325653076, 729.7633225917816)
0.013734908774495125, (363.57476711273193, 319.95314848423004)
0.013731946237385273, (501.67951583862305, 620.4728236198425)
0.013726534321904182, (249.7934341430664, 794.3703773021698)
0.01372250635176897, (278.74720096588135, 795.1475222110748)
0.01369417179375887, (442.27356910705566, 652.4669556617737)
0.0136395413428545, (313.5233163833618, 473.06521010398865)
0.013638714328408241, (376.8758773803711, 445.0109803676605)
0.013578400015830994, (218.6540126800537, 653.9107258319855)
0.01349513977766037, (326.984167098999, 446.33878326416016)
0.013478550128638744, (615.3660774230957, 571.8991026878357)
0.013465835712850094, (432.72337913513184, 637.050323009491)
0.013448331505060196, (602.3863792419434, 571.7789937257767)
0.013430439867079258, (280.2708625793457, 821.2555315494537)
0.01336123701184988, (216.1184549331665, 638.7200577259064)
0.013352515175938606, (293.40739250183105, 470.29128634929657)
0.013298867270350456, (744.4808959960938, 732.4440770149231)
0.01326359249651432, (269.8427438735962, 458.633217215538)
0.01321028359234333, (440.6543731689453, 559.781343460083)
0.013209251686930656, (764.6596908569336, 510.8936377763748)
0.01316691841930151, (377.14500427246094, 585.3040688037872)
0.013166448101401329, (243.7830924987793, 783.1335663795471)
0.013139696791768074, (282.8636169433594, 417.78915536403656)
0.013139610178768635, (339.25955295562744, 651.5433964729309)
0.0130945248529315, (304.69467639923096, 478.30351305007935)
0.013093329034745693, (760.5747222900391, 500.00043773651123)
0.013065367005765438, (393.35551261901855, 572.0984261035919)
0.01306193508207798, (361.62500381469727, 336.2556173801422)
0.013055587187409401, (322.298002243042, 460.79611134529114)
0.013052798807621002, (202.57196426391602, 569.8443028926849)
0.013017731718719006, (400.7205009460449, 652.1516649723053)
0.01294307317584753, (253.11579704284668, 459.8533362150192)
0.01291588880121708, (455.6486129760742, 304.4944459795952)
0.012890920974314213, (304.36885356903076, 693.4848191738129)
0.012841005809605122, (343.67456436157227, 365.4278417825699)
0.012790603563189507, (313.43650817871094, 429.9513911008835)
0.01278163492679596, (611.0616207122803, 328.63185119628906)
0.012779277749359608, (236.33365631103516, 524.787435054779)
0.012739039026200771, (273.8747835159302, 666.0792300701141)
0.012719569727778435, (369.623327255249, 581.27357172966)
0.012708489783108234, (392.993426322937, 475.4545911550522)
0.012707347981631756, (583.8510036468506, 575.8613924980164)
0.012680754996836185, (392.6443099975586, 460.36668169498444)
0.01265797484666109, (426.19004249572754, 661.571207523346)
0.012648223899304867, (458.0890655517578, 287.7028474211693)
0.012579250149428844, (437.3555660247803, 312.1012536287308)
0.012571202591061592, (490.16122817993164, 620.0986911058426)
0.012524464167654514, (251.47650241851807, 446.96518564224243)
0.012469707056879997, (376.4990568161011, 433.2672790288925)
0.012433107942342758, (216.30895137786865, 556.0121085643768)
0.012423991225659847, (267.27869510650635, 604.7602281570435)
0.012408507987856865, (361.4739418029785, 346.76722240448)
0.012340504676103592, (345.1456546783447, 841.962630033493)
0.012337871827185154, (280.6178331375122, 434.9405211210251)
0.012323111295700073, (424.89070892333984, 650.0886564254761)
0.012318788096308708, (211.2220287322998, 660.4182510375977)
0.012305033393204212, (427.49180793762207, 657.5986940860748)
0.012303677387535572, (391.53637886047363, 600.7849909067154)
0.012299024499952793, (375.9097099304199, 460.387464761734)
0.012289951555430889, (258.5831880569458, 803.8470079898834)
0.012242382392287254, (411.5368843078613, 573.2229504585266)
0.012238606810569763, (312.133264541626, 401.0999050140381)
0.012230688706040382, (520.2634334564209, 351.22759687900543)
0.012219943106174469, (595.8340167999268, 575.9902698993683)
0.012151193805038929, (272.438383102417, 819.8739240169525)
0.012151159346103668, (218.49498748779297, 659.447155714035)
0.01211902778595686, (505.71675300598145, 350.49313747882843)
0.01208135113120079, (593.182373046875, 573.1810485124588)
0.012079615145921707, (320.67723274230957, 456.25928354263306)
0.012070138938724995, (464.33234214782715, 449.70668482780457)
0.012062163092195988, (757.0277214050293, 511.7121249437332)
0.012053040787577629, (375.75812339782715, 320.7012642621994)
0.012041617184877396, (618.8389301300049, 319.4779363870621)
0.012024723924696445, (401.3707637786865, 663.8948812484741)
0.012004301883280277, (375.9485721588135, 333.74549305438995)
0.011994912289083004, (375.5779981613159, 475.6427208185196)
0.01198766939342022, (401.1155605316162, 479.30087637901306)
0.01185291912406683, (611.0608577728271, 256.75837218761444)
0.011830984614789486, (787.9487991333008, 1061.3178625106812)
0.01181412860751152, (501.1472225189209, 632.3240969181061)
0.011781523004174232, (273.22537899017334, 448.8322288990021)
0.01176681462675333, (409.8128318786621, 473.0449494123459)
0.011723863892257214, (304.5311212539673, 759.0587902069092)
0.01170937530696392, (400.56939125061035, 462.3801019191742)
0.011708906851708889, (360.77375411987305, 507.39062762260437)
0.01168506033718586, (246.9719409942627, 770.205080986023)
0.011683364398777485, (440.2183532714844, 318.8662724494934)
0.011638099327683449, (275.96964836120605, 816.986980676651)
0.011625128798186779, (495.1192855834961, 634.323301076889)
0.01160923857241869, (393.71604919433594, 875.9767866134644)
0.01160715613514185, (520.0419902801514, 336.01857101917267)
0.011606630869209766, (747.3476886749268, 724.6073310375214)
0.011602161452174187, (611.2476825714111, 566.4404320716858)
0.01158695388585329, (360.60378551483154, 647.7645349502563)
0.011559691280126572, (788.1501197814941, 1065.8440189361572)
0.011536900885403156, (618.8371181488037, 327.44385826587677)
0.011518432758748531, (483.23373794555664, 625.2976293563843)
0.01150067150592804, (395.15528678894043, 889.1522061824799)
0.011463603004813194, (233.89644622802734, 540.9721456766129)
0.011414248496294022, (747.8322505950928, 733.4581563472748)
0.01133684627711773, (697.7086544036865, 1195.2879734039307)
0.011321255937218666, (756.2332630157471, 466.1170988082886)
0.011314516887068748, (201.22442245483398, 639.0346021652222)
0.011309492401778698, (441.4553642272949, 333.10244929790497)
0.011215746402740479, (339.58778381347656, 465.04063296318054)
0.011211395263671875, (511.06419563293457, 630.892341375351)
0.011201282031834126, (439.73679542541504, 641.9910960197449)
0.011174279265105724, (409.0700149536133, 461.74944591522217)
0.011173414997756481, (248.52519035339355, 782.7785005569458)
0.011101584881544113, (584.9094867706299, 585.3580973148346)
0.01108247134834528, (788.3107662200928, 1069.8736951351166)
0.011052192188799381, (482.8038215637207, 626.6974453926086)
0.01100928708910942, (266.7322635650635, 680.3326079845428)
0.011001418344676495, (518.0482864379883, 632.3617825508118)
0.010978075675666332, (760.9281539916992, 505.5465315580368)
0.010945764370262623, (649.3706226348877, 272.66659712791443)
0.010945321060717106, (440.3951168060303, 571.2511709928513)
0.010921291075646877, (538.0130767822266, 334.4294686317444)
0.01092044822871685, (201.71868801116943, 558.0783632993698)
0.010919298976659775, (201.36172771453857, 667.0036101341248)
0.01090911217033863, (617.1257972717285, 255.7275768518448)
0.010886038653552532, (764.7886276245117, 1066.4750480651855)
0.010869252495467663, (472.31431007385254, 301.7973300218582)
0.010824477300047874, (463.31377029418945, 636.4509348869324)
0.010819938965141773, (360.58976650238037, 744.130802154541)
0.01081581600010395, (394.04215812683105, 317.9482355117798)
0.010794955305755138, (297.477388381958, 522.0597414970398)
0.010793890804052353, (615.3038024902344, 557.4154319763184)
0.010782730765640736, (495.24707794189453, 608.3065954446793)
0.01076130848377943, (471.56219482421875, 921.1987249851227)
0.010738875716924667, (200.90768337249756, 653.9680378437042)
0.010711115784943104, (772.4336624145508, 511.03456711769104)
0.010685074143111706, (661.0785961151123, 238.56221890449524)
0.010634038597345352, (633.0389499664307, 303.81302630901337)
0.010607993230223656, (756.0904502868652, 470.8532873392105)
