0.04740332439541817, (67.10341000556946, 432.9464219212532)
0.04604347422719002, (73.67464935779572, 435.36302438378334)
0.03999491035938263, (65.2980340719223, 433.68235525488853)
0.03260890394449234, (70.41458162665367, 432.3502066731453)
0.03151654079556465, (67.79272651672363, 434.1470758020878)
0.030866095796227455, (85.44879984855652, 437.2366053760052)
0.030541928485035896, (58.081295758485794, 429.36607149243355)
0.022232355549931526, (86.57095149159431, 443.1608985066414)
0.021780408918857574, (405.18463253974915, 604.5328639745712)
0.021773187443614006, (401.80474376678467, 605.9161008298397)
0.021283501759171486, (721.4233758449554, 46.33876736089587)
0.02115209773182869, (371.9373837709427, 669.0494081377983)
0.021020395681262016, (370.0654688477516, 662.9817420840263)
0.020897328853607178, (70.48616245388985, 423.33078253269196)
0.020734934136271477, (364.20596891641617, 665.6530708372593)
0.02045319601893425, (262.30171650648117, 703.0827792286873)
0.020407676696777344, (100.05686116218567, 434.43580797314644)
0.020360063761472702, (417.04117727279663, 559.9897689819336)
0.02000463753938675, (58.583826556801796, 431.67533296346664)
0.01983480155467987, (419.1438447237015, 601.504314571619)
0.01949828863143921, (418.3302513360977, 589.7362141907215)
0.01931704953312874, (261.6453488469124, 680.3206095099449)
0.019307173788547516, (210.50749284029007, 565.5569606423378)
0.019139280542731285, (276.0573755502701, 689.2868795990944)
0.0190373957157135, (713.6058738231659, 46.31859623268247)
0.018735341727733612, (400.37803637981415, 606.4005654454231)
0.01864107884466648, (263.1697750091553, 707.44172924757)
0.0185437873005867, (234.13139927387238, 680.69793176651)
0.01827470399439335, (403.5181725025177, 575.8801289200783)
0.01823628880083561, (359.3750259876251, 669.3452910780907)
0.018108295276761055, (416.38175797462463, 574.1625141501427)
0.017969802021980286, (387.3008362054825, 548.1568746864796)
0.017957832664251328, (54.39184257388115, 423.23555812239647)
0.017814883962273598, (262.02335399389267, 714.7207356095314)
0.01762387901544571, (59.41636000573635, 431.775364279747)
0.017430108040571213, (292.6158319711685, 679.4183413386345)
0.017427783459424973, (277.00550639629364, 702.5575949549675)
0.017409883439540863, (403.368288397789, 561.6200251877308)
0.017269065603613853, (295.466681599617, 709.3344584107399)
0.017232056707143784, (71.74165190756321, 443.6783758401871)
0.0171523354947567, (415.79022657871246, 581.5819536745548)
0.0170887541025877, (390.5483546257019, 551.3201763629913)
0.01697683148086071, (195.5293429493904, 560.2669804692268)
0.016865774989128113, (402.63863718509674, 608.0939867794514)
0.016864335164427757, (409.42406618595123, 605.4180497527122)
0.016804056242108345, (246.40606272220612, 689.1064418554306)
0.016753263771533966, (375.21263229846954, 545.1736134886742)
0.01674940623342991, (74.89260697364807, 436.9551828801632)
0.016435129567980766, (71.37779375910759, 590.6190958321095)
0.016372963786125183, (263.02172631025314, 734.6447650194168)
0.01636536233127117, (75.05758342146873, 428.70323491096497)
0.016349894925951958, (165.24627459049225, 718.7834054231644)
0.01629439741373062, (389.81167137622833, 558.5210407078266)
0.016193222254514694, (188.01202929019928, 552.0195215940475)
0.016107769683003426, (293.7288618683815, 735.7483670711517)
0.016097843647003174, (414.3704627752304, 554.7022518515587)
0.016025274991989136, (387.381019115448, 554.5131140053272)
0.015950145199894905, (58.868911519646645, 586.379802018404)
0.015901727601885796, (373.27510714530945, 646.568343102932)
0.01587037369608879, (416.3754777908325, 543.1820050776005)
0.01585695892572403, (309.790984749794, 746.1800681352615)
0.01581566035747528, (386.57976496219635, 699.9527286291122)
0.015808403491973877, (431.5484902858734, 563.269588470459)
0.01577657088637352, (397.10247826576233, 554.5213771164417)
0.015767287462949753, (327.48352295160294, 708.9951941370964)
0.015761414542794228, (186.78372263908386, 547.9227664470673)
0.015738941729068756, (230.04308807849884, 669.5294631123543)
0.015709582716226578, (182.20812225341797, 546.2802347540855)
0.015708714723587036, (188.8689647912979, 918.38211196661)
0.015658503398299217, (393.11579990386963, 704.1476876735687)
0.015587546862661839, (388.20067155361176, 580.9430721700191)
0.015586772002279758, (339.3858643770218, 463.934717386961)
0.015553298406302929, (394.6329950094223, 606.9629734456539)
0.015515522100031376, (403.18381905555725, 547.325836122036)
0.015515470877289772, (446.984739780426, 601.5990622639656)
0.015497441403567791, (86.34237712621689, 421.9506443440914)
0.015299320220947266, (261.7944810986519, 650.8925324380398)
0.015295987017452717, (394.3991245031357, 605.5231660604477)
0.015262418426573277, (393.9220074415207, 551.2310698330402)
0.015240825712680817, (101.70153957605362, 444.96221700310707)
0.01519724726676941, (233.14510083198547, 709.7067751288414)
0.015113413333892822, (67.67624458670616, 590.2795137465)
0.015094353817403316, (347.83950036764145, 662.5652495026588)
0.015076697804033756, (245.41399270296097, 671.232855796814)
0.015059728175401688, (262.1263357400894, 729.4621258378029)
0.01498905848711729, (445.75254118442535, 586.2549416422844)
0.014909543097019196, (403.5045506954193, 591.8442609608173)
0.014866065233945847, (375.2444312572479, 556.9170437157154)
0.014844628982245922, (178.6813789010048, 554.8844772875309)
0.01481696218252182, (402.0818237066269, 548.3297643959522)
0.014795135706663132, (325.04917776584625, 677.3502594232559)
0.014714802615344524, (388.3172972202301, 547.4879599511623)
0.014712955802679062, (397.0427722930908, 612.2903759777546)
0.014707986265420914, (366.6373509168625, 547.8998045325279)
0.014642882160842419, (251.9508900642395, 700.6942633986473)
0.014529453590512276, (370.27059203386307, 671.2012335062027)
0.014480567537248135, (309.2918870449066, 684.9773493409157)
0.014472194015979767, (296.06104350090027, 606.8705298900604)
0.014435634948313236, (307.20416820049286, 730.7344065904617)
0.014432373456656933, (259.2455004453659, 690.1332923173904)
0.014428121969103813, (721.6113833189011, 52.00511138886213)
0.014426955953240395, (244.937295794487, 701.029475569725)
0.014325074851512909, (293.66911166906357, 655.8171480298042)
0.014323385432362556, (204.19670420885086, 758.3350251317024)
0.014224136248230934, (42.58647083491087, 712.541578412056)
0.014194473624229431, (389.0638872385025, 600.6173013746738)
0.014194154180586338, (376.45004963874817, 558.397570759058)
0.014162489213049412, (168.62543362379074, 563.3109040260315)
0.014131718315184116, (283.60505080223083, 693.2037531733513)
0.014086535200476646, (291.73227202892303, 421.3303151130676)
0.014035693369805813, (283.06785184144974, 416.5418819487095)
0.014031496830284595, (381.81881070137024, 551.2486289441586)
0.013989564031362534, (232.4400617480278, 648.1053612232208)
0.013974271714687347, (404.15264797210693, 614.8117769360542)
0.013969614170491695, (386.78931081295013, 531.1730826795101)
0.013956260867416859, (398.1915594339371, 622.8292988538742)
0.013906275853514671, (57.989564165472984, 585.606446325779)
0.013889560475945473, (309.2797247171402, 637.5462175607681)
0.013888089917600155, (86.5098966062069, 592.7351276278496)
0.01388626080006361, (409.59787690639496, 548.01223051548)
0.01388481818139553, (284.15929913520813, 409.8279452621937)
0.013856681995093822, (90.57168839871883, 440.24545043706894)
0.01382790319621563, (296.59233820438385, 647.8140468299389)
0.013826506212353706, (393.63409197330475, 548.1981107890606)
0.013812734745442867, (387.69551479816437, 576.1238112449646)
0.013753595761954784, (292.3075501322746, 700.3437962532043)
0.013739373534917831, (201.4578806757927, 613.5530826449394)
0.013720589689910412, (292.800168633461, 672.6895469427109)
0.013700355775654316, (205.0217965245247, 734.0686513781548)
0.01368436124175787, (309.1740230321884, 671.4292635917664)
0.013676163740456104, (387.2990229129791, 530.5537466108799)
0.01366759929805994, (311.1382610797882, 605.176830470562)
0.013667468912899494, (417.34669494628906, 610.3664615154266)
0.013651305809617043, (187.14717721939087, 557.239305049181)
0.013621130958199501, (433.4949049949646, 575.94814068079)
0.013598425313830376, (356.9137467741966, 699.3263212442398)
0.013581779785454273, (201.43901801109314, 568.8001125752926)
0.01357910968363285, (282.8218190073967, 730.5605634450912)
0.013577851466834545, (389.95607137680054, 605.113347530365)
0.013576849363744259, (402.26859283447266, 531.7319550216198)
0.013532263226807117, (308.9909247159958, 654.1122457385063)
0.013531887903809547, (273.58977192640305, 697.9904780983925)
0.01350032165646553, (401.78780496120453, 701.6369731426239)
0.013492207042872906, (55.40792766213417, 432.0062943994999)
0.013440381735563278, (361.18075573444366, 556.1988283991814)
0.013412035070359707, (292.52454817295074, 747.6364414691925)
0.013358340598642826, (283.7487652897835, 619.4826196730137)
0.013339925557374954, (417.57561206817627, 531.2109817564487)
0.013331199064850807, (262.02178394794464, 639.7297049462795)
0.013322991319000721, (373.009393453598, 531.5189415514469)
0.013320514932274818, (209.34988248348236, 568.9139289855957)
0.013300850987434387, (420.2332354784012, 617.7153070569038)
0.013291935436427593, (213.84514516592026, 576.9386811256409)
0.013261939398944378, (281.14074206352234, 723.3347111344337)
0.013248416595160961, (402.57097041606903, 551.3487794399261)
0.013221689499914646, (292.53381365537643, 417.19244304299355)
0.013214748352766037, (180.22171559929848, 556.8865337669849)
0.013205275870859623, (293.7035199999809, 637.2786198854446)
0.013204777613282204, (278.9607885479927, 416.9451853334904)
0.013204398564994335, (273.6993655562401, 706.9493590593338)
0.013183719478547573, (35.92913878709078, 716.7874668240547)
0.013178949244320393, (374.0761843919754, 553.5106953382492)
0.013156915083527565, (410.22585105895996, 610.6420839428902)
0.013145380653440952, (360.1848379969597, 544.2403983771801)
0.013133687898516655, (169.69987577199936, 614.9251563549042)
0.013115190900862217, (326.1779081225395, 652.5724467635155)
0.013086959719657898, (59.55201418697834, 588.2365389764309)
0.01308468822389841, (280.96319419145584, 662.1700105965137)
0.01308001484721899, (82.64600247144699, 433.0193994939327)
0.013059595599770546, (357.94951272010803, 552.7198599874973)
0.013057922944426537, (274.11653339862823, 701.3157446980476)
0.013056915253400803, (183.02635943889618, 562.1204201281071)
0.013042936101555824, (275.785846054554, 415.99735087156296)
0.01301695965230465, (325.5317347049713, 681.6130713224411)
0.013011529110372066, (385.17088091373444, 704.0130943059921)
0.012965545989573002, (290.2610284090042, 417.2540588378906)
0.012935989536345005, (357.8644206523895, 552.1501820385456)
0.012926677241921425, (331.32208627462387, 675.0731366872787)
0.012923088856041431, (170.142584502697, 718.391304910183)
0.012918107211589813, (323.3363239765167, 447.69686979055405)
0.01291623618453741, (433.02075111866, 543.4634275734425)
0.012904568575322628, (276.4157882928848, 715.798277080059)
0.012903918512165546, (410.7846989631653, 601.3511689305305)
0.01289703231304884, (355.18357825279236, 692.6695907115936)
0.012888258323073387, (197.26081615686417, 544.0530879497528)
0.012855315580964088, (409.246230840683, 593.159207969904)
0.012848231010138988, (309.0685867071152, 760.1336819529533)
0.012824865989387035, (371.9349513053894, 692.3915846943855)
0.012822475284337997, (346.84902250766754, 702.6910759806633)
0.012817605398595333, (346.62448382377625, 462.8144699335098)
0.012805905193090439, (90.05477841198444, 434.3327177166939)
0.012799077667295933, (246.0065634250641, 572.6661362349987)
0.012767232954502106, (196.99233829975128, 562.6673745214939)
0.01276056282222271, (52.36661045253277, 588.3318031132221)
0.012760438024997711, (213.4772458076477, 668.9571632146835)
0.012758497148752213, (276.2048714160919, 731.1144302487373)
0.01274916622787714, (387.12494683265686, 685.6499983668327)
0.012714182026684284, (411.79894864559174, 557.5813104510307)
0.012705236673355103, (262.8579108119011, 621.111922442913)
0.012687628157436848, (372.44457495212555, 685.1308525204659)
0.012660793960094452, (419.6172467470169, 715.7498902082443)
0.01265928614884615, (432.6556159257889, 602.4223541617393)
0.012650718912482262, (229.73372268676758, 685.2034725546837)
0.012633749283850193, (229.79201340675354, 560.6624577343464)
0.012609990313649178, (388.1892168521881, 670.6697724461555)
0.01256816741079092, (245.98566633462906, 653.3997113108635)
0.012563309632241726, (432.61766946315765, 588.4393824636936)
0.012538236565887928, (419.95496141910553, 660.5988276898861)
0.012513292953372002, (82.98194807767868, 438.2584502995014)
0.012507637962698936, (327.13377863168716, 645.9956856667995)
0.012495064176619053, (199.6617038846016, 586.8386827707291)
0.012483513914048672, (166.2997201383114, 543.5629424452782)
0.0124736363068223, (260.6422000527382, 559.5944903492928)
0.012464194558560848, (131.11302235722542, 388.0119414925575)
0.012385038658976555, (341.1597509384155, 671.1547535061836)
0.012374737299978733, (416.6376533508301, 524.1772070527077)
0.012371957302093506, (231.49491620063782, 615.9633685946465)
0.012366784736514091, (260.0105993151665, 672.9980629086494)
0.012362498790025711, (388.5107445716858, 591.2904736101627)
0.012347394600510597, (230.1633182168007, 641.2304130494595)
0.012282464653253555, (235.20380699634552, 384.9542328417301)
0.012278992682695389, (410.5774086713791, 552.5137589275837)
0.012270784005522728, (315.07710832357407, 731.1346907615662)
0.012236900627613068, (324.50992226600647, 667.9268168210983)
0.012204574421048164, (230.0868061184883, 587.7067464292049)
0.01219329982995987, (355.91406977176666, 707.0332614183426)
0.01218786183744669, (371.1428962945938, 700.5819963216782)
0.01216492522507906, (215.09025794267654, 683.2900856137276)
0.0121558653190732, (232.13770627975464, 554.7818637490273)
0.012150420807301998, (267.7931401729584, 556.4338900744915)
0.012114821933209896, (66.89626345038414, 591.0139374732971)
0.012112008407711983, (292.7319269180298, 685.5502848625183)
0.012097080238163471, (383.9874643087387, 524.4923176169395)
0.012085801921784878, (291.3920585513115, 715.8229869604111)
0.012083353474736214, (228.98821622133255, 574.3232872784138)
0.012069336138665676, (182.66026231646538, 649.2303361296654)
0.01206420361995697, (402.6589814424515, 714.6515320539474)
0.012062078341841698, (245.26921677589417, 716.899257183075)
0.01202374417334795, (292.09495264291763, 731.7765120267868)
0.012012612074613571, (402.6673402786255, 539.4621351957321)
0.011993441730737686, (330.72102403640747, 449.6541942358017)
0.011991708539426327, (267.05672228336334, 747.8369013667107)
0.011966870166361332, (282.10486084222794, 725.7009801268578)
0.011948791332542896, (229.17093861103058, 656.7047968506813)
0.011907720938324928, (196.7282167673111, 634.9181509613991)
0.011894027702510357, (198.2159348130226, 574.9274478256702)
0.011873534880578518, (339.7610832452774, 662.8328869044781)
0.011865939944982529, (340.1002352833748, 463.3493871986866)
0.011857567355036736, (355.8277614712715, 749.9472522735596)
0.011853734962642193, (330.7513635158539, 457.0698597431183)
0.0118489321321249, (231.05134505033493, 748.243223965168)
0.011844221502542496, (356.5854744911194, 519.4260373413563)
0.01183666754513979, (73.35861127078533, 592.835000038147)
0.011822530999779701, (729.8030427694321, 51.075322687625885)
0.011812146753072739, (281.9696599841118, 853.6789327263832)
0.01179971918463707, (35.177482053637505, 715.9589310288429)
0.011796372011303902, (122.00565019249916, 377.5394015908241)
0.011786775663495064, (198.25138247013092, 669.2176101207733)
0.011779563501477242, (418.0176131725311, 696.5361705422401)
0.011771324090659618, (50.842156648635864, 583.9418267011642)
0.011770031414926052, (123.2493587732315, 383.68564665317535)
0.01176562812179327, (212.54806607961655, 654.6336162686348)
0.011720158159732819, (197.3994003534317, 588.146002292633)
0.011693505570292473, (323.5162822008133, 456.76646849513054)
0.01168188825249672, (419.4468857049942, 630.3869468569756)
0.011668551713228226, (381.24824273586273, 558.0809903144836)
0.011660201475024223, (70.13184067606926, 582.5030124783516)
0.011644556187093258, (115.22378143668175, 458.3638311624527)
0.01163923554122448, (275.9882271885872, 859.8542575836182)
0.01162490900605917, (231.88360208272934, 738.0084074139595)
0.01161904912441969, (200.54880195856094, 645.5144388973713)
0.011609534732997417, (71.39875718951225, 454.31629714369774)
0.011600450612604618, (360.3779094219208, 581.6682793498039)
0.01154808048158884, (298.5555590391159, 416.4037529230118)
0.011545071378350258, (306.8417308330536, 753.0499710440636)
0.011508501134812832, (170.00571408867836, 586.8767010271549)
0.01149872038513422, (370.7190281152725, 513.0479087233543)
0.011490771546959877, (236.6057916879654, 494.12971445918083)
0.011447806842625141, (290.75495159626007, 733.1484268307686)
0.011434901505708694, (229.62320029735565, 730.0656507611275)
0.011417428962886333, (322.9968844652176, 746.9465511441231)
0.011415406130254269, (375.22209680080414, 589.4605520367622)
0.011415201239287853, (199.0236902832985, 841.5860285162926)
0.011408589780330658, (183.30329564213753, 667.6936222910881)
0.01140417531132698, (51.75048351287842, 587.3870673179626)
0.011402793228626251, (277.03356820344925, 745.7016816735268)
0.01139866653829813, (171.2319531440735, 673.8618758320808)
0.011393123306334019, (100.36998581886292, 764.1831625699997)
0.011380551382899284, (65.43581666052341, 591.9871968924999)
0.011378388851881027, (43.61297682672739, 715.3664500713348)
0.01137536484748125, (244.40018528699875, 581.4833127856255)
0.011372935026884079, (340.4680904150009, 476.891434520483)
0.011359475553035736, (116.63193574547768, 447.97646486759186)
0.011347491294145584, (340.4673385620117, 724.1127942800522)
0.011340368539094925, (168.32164078950882, 573.5778990387917)
0.011328532360494137, (262.6100867986679, 616.9305498600006)
0.011316799558699131, (292.1803542971611, 760.5245906710625)
0.011289426125586033, (261.3969941139221, 654.781239926815)
0.011272587813436985, (213.4493609070778, 599.8334976136684)
0.011256585828959942, (107.77308416366577, 765.8885415792465)
