0.2927371561527252, (172.32120037078857, 808.6508377790451)
0.28608688712120056, (169.62062120437622, 809.4793750047684)
0.27973365783691406, (170.1213002204895, 812.1570689678192)
0.2394026666879654, (171.17910385131836, 809.30650806427)
0.2004658281803131, (171.47340774536133, 810.6736443042755)
0.17296083271503448, (176.02081298828125, 806.2033009529114)
0.10300521552562714, (170.83492279052734, 810.7337812185287)
0.09660135209560394, (171.7703342437744, 809.403865814209)
0.08193383365869522, (170.73510885238647, 814.5840382575989)
0.06503229588270187, (208.58378410339355, 445.2725370526314)
0.056964848190546036, (205.72144985198975, 445.41846692562103)
0.052535973489284515, (189.18485641479492, 790.8381414413452)
0.051026806235313416, (169.21746730804443, 816.8873888254166)
0.04967035353183746, (207.94706344604492, 440.9596171975136)
0.04809863865375519, (172.40822315216064, 808.8739492893219)
0.0477038137614727, (186.8028163909912, 803.2293348312378)
0.044818028807640076, (184.62626934051514, 800.9778656959534)
0.044167980551719666, (204.68320846557617, 796.7624459266663)
0.043271321803331375, (165.85551500320435, 802.9927725791931)
0.042076751589775085, (177.27112770080566, 795.9767518043518)
0.041599713265895844, (198.99930953979492, 444.165946662426)
0.041567347943782806, (203.24416160583496, 441.5827993154526)
0.041337158530950546, (210.79065799713135, 448.9233815073967)
0.040565766394138336, (180.7529091835022, 813.4314733743668)
0.036285996437072754, (166.0820484161377, 426.17415618896484)
0.0356002040207386, (92.49163269996643, 1149.2490974664688)
0.03480127453804016, (159.59413051605225, 810.3523210287094)
0.03473972529172897, (170.20565271377563, 811.0283453464508)
0.034553367644548416, (179.3067455291748, 425.58079344034195)
0.03376474604010582, (174.02591705322266, 808.4028886556625)
0.03328375890851021, (164.89075422286987, 807.0314823389053)
0.03245377168059349, (171.77380323410034, 800.08036673069)
0.032192304730415344, (152.8542399406433, 805.4539024829865)
0.03201298043131828, (169.8819875717163, 429.59356248378754)
0.031652819365262985, (164.84006643295288, 419.2271683216095)
0.03145354613661766, (171.9184160232544, 809.2090791463852)
0.031346604228019714, (165.11608362197876, 813.349986076355)
0.03104330040514469, (166.757071018219, 813.0052485466003)
0.030500106513500214, (171.37101888656616, 805.1613310575485)
0.030112478882074356, (174.1567611694336, 824.2521325349808)
0.029631130397319794, (197.24738597869873, 785.6174032688141)
0.029622962698340416, (203.23803424835205, 452.2664601802826)
0.029563840478658676, (197.03892469406128, 438.8471390604973)
0.027969153597950935, (173.84599447250366, 421.6234286427498)
0.02781708352267742, (216.6930913925171, 439.4028539657593)
0.02761472947895527, (159.0527057647705, 800.982705116272)
0.027344143018126488, (153.0750036239624, 420.57790035009384)
0.02689242549240589, (200.48420429229736, 443.75694447755814)
0.02682298980653286, (178.2824993133545, 798.5422850847244)
0.026778239756822586, (211.2321138381958, 782.7802931070328)
0.026463089510798454, (202.87623405456543, 426.3949191570282)
0.025667240843176842, (174.33422803878784, 423.6702187657356)
0.025494327768683434, (159.83277559280396, 815.7517619132996)
0.025415601208806038, (173.53540658950806, 812.1249010562897)
0.024967588484287262, (247.30889797210693, 387.0812832713127)
0.024913806468248367, (150.76355934143066, 414.35006457567215)
0.023905180394649506, (177.34754085540771, 801.8532314300537)
0.02308191917836666, (230.50620555877686, 475.4141192436218)
0.023055661469697952, (248.29742908477783, 717.1638028621674)
0.022687355056405067, (214.74075317382812, 459.1236340999603)
0.022395459935069084, (264.477014541626, 384.11069762706757)
0.022336836904287338, (181.25298023223877, 412.0063261985779)
0.02194545976817608, (138.19491863250732, 418.623806476593)
0.021924804896116257, (263.70036602020264, 400.07007390260696)
0.02191140502691269, (170.3686237335205, 440.25359559059143)
0.021877514198422432, (176.8144130706787, 807.8156819343567)
0.021528257057070732, (196.81551456451416, 443.51230466365814)
0.021440036594867706, (167.295503616333, 814.9857813119888)
0.02140726149082184, (52.19112038612366, 1165.554670214653)
0.021380841732025146, (160.8010172843933, 814.7227445840836)
0.021128736436367035, (59.370505809783936, 1165.6797122955322)
0.02107485942542553, (199.6476173400879, 895.6046168804169)
0.021028531715273857, (192.45492219924927, 438.1734277009964)
0.02093285322189331, (185.18593311309814, 909.6541657447815)
0.02085135318338871, (185.40706634521484, 791.3736802339554)
0.020677240565419197, (87.57904767990112, 915.0829989910126)
0.0203924011439085, (180.65872192382812, 804.6503452062607)
0.02037726901471615, (182.853102684021, 432.3134234547615)
0.020215708762407303, (183.61735343933105, 798.0367079973221)
0.019992586225271225, (151.6535520553589, 806.3478430509567)
0.019973071292042732, (129.97095584869385, 272.97659477591515)
0.019969215616583824, (27.092742919921875, 162.07062077522278)
0.019797978922724724, (135.96022129058838, 409.93366652727127)
0.01955343596637249, (103.16541194915771, 903.0813789367676)
0.019521722570061684, (119.92599964141846, 908.8718165159225)
0.019514622166752815, (179.94496822357178, 805.2464479207993)
0.01920514926314354, (103.00589799880981, 910.2711918354034)
0.01917140558362007, (103.18784713745117, 291.3657336831093)
0.019005857408046722, (199.98044967651367, 787.8934965133667)
0.018928950652480125, (272.62251377105713, 545.7034256458282)
0.018740089610219002, (219.00548934936523, 466.13727074861526)
0.0185948945581913, (175.63774585723877, 450.72129732370377)
0.018572773784399033, (140.83694219589233, 270.4069159626961)
0.018466906622052193, (152.87909507751465, 812.5312700271606)
0.018412955105304718, (215.92707633972168, 471.3402881026268)
0.018353139981627464, (119.42954063415527, 289.1797034740448)
0.018274664878845215, (143.62577199935913, 391.06925028562546)
0.018263189122080803, (88.14780712127686, 902.6789953708649)
0.018132321536540985, (195.10704278945923, 637.2163656949997)
0.018111899495124817, (152.94125080108643, 805.7977148294449)
0.018099017441272736, (189.93737697601318, 792.3201427459717)
0.018096378073096275, (202.37174034118652, 469.76989620923996)
0.018067605793476105, (238.49875926971436, 447.90767258405685)
0.01788382977247238, (103.97225618362427, 276.0155194401741)
0.017751183360815048, (239.5263433456421, 418.3196346759796)
0.017726557329297066, (231.84452056884766, 430.89703899621964)
0.017607778310775757, (274.3830442428589, 547.032807290554)
0.017590416595339775, (171.24775648117065, 421.8963221311569)
0.017578504979610443, (143.83845329284668, 421.4610233902931)
0.0174158476293087, (213.00456523895264, 464.8142586350441)
0.01730172522366047, (280.9258699417114, 829.4243341684341)
0.017198408022522926, (266.619610786438, 686.1519434452057)
0.017143255099654198, (200.2551794052124, 637.4305812120438)
0.017103584483265877, (216.08664989471436, 893.9433435201645)
0.017060454934835434, (281.3390254974365, 399.7148035168648)
0.016987046226859093, (121.98371887207031, 403.9439231157303)
0.01693551056087017, (88.71277570724487, 291.1582079529762)
0.016857434064149857, (266.6828393936157, 545.9241174459457)
0.016505714505910873, (282.3975086212158, 702.0643132925034)
0.016468383371829987, (188.6963963508606, 800.226118683815)
0.016465403139591217, (135.4045271873474, 654.3312603235245)
0.01645476557314396, (107.78777599334717, 288.1595465540886)
0.01643253117799759, (92.53652095794678, 299.6425302028656)
0.016421006992459297, (170.41116952896118, 811.7219481468201)
0.01641598530113697, (174.87090826034546, 919.8244922161102)
0.016407188028097153, (184.52304601669312, 685.8548884391785)
0.016389504075050354, (187.66334056854248, 797.3884391784668)
0.016344457864761353, (104.7783613204956, 684.5349365472794)
0.016315391287207603, (120.71106433868408, 274.71037048101425)
0.016292860731482506, (183.83954763412476, 805.3734827041626)
0.016284387558698654, (272.27299213409424, 701.0666810274124)
0.01608830876648426, (239.1916036605835, 479.1350285410881)
0.016088247299194336, (273.3677387237549, 731.9510786533356)
0.016009297221899033, (119.56074237823486, 387.8193660378456)
0.015996921807527542, (119.9542760848999, 897.8310348987579)
0.015981730073690414, (278.79953384399414, 545.5674237012863)
0.01596859097480774, (99.88961219787598, 298.0887916088104)
0.015878858044743538, (144.5525050163269, 922.2684706449509)
0.015866165980696678, (111.03746891021729, 895.5436971187592)
0.015860186889767647, (135.13883352279663, 273.9252457022667)
0.01579947955906391, (153.5544991493225, 430.731004178524)
0.01577802188694477, (176.74596309661865, 811.855886220932)
0.015756472945213318, (208.8312864303589, 504.6616541147232)
0.015747802332043648, (278.1136989593506, 717.5879638195038)
0.015673276036977768, (19.456787407398224, 164.35176694393158)
0.015634216368198395, (113.58113288879395, 924.6166570186615)
0.015581168234348297, (139.43092823028564, 277.8303020596504)
0.01555822603404522, (123.50420951843262, 667.3408319950104)
0.015550406649708748, (99.65174198150635, 296.67740669846535)
0.015533361583948135, (167.78806447982788, 421.6763064265251)
0.01553164329379797, (271.7000722885132, 416.1451692581177)
0.015449455007910728, (136.0878825187683, 415.33381909132004)
0.015437670983374119, (205.8767557144165, 790.3450187444687)
0.015421944670379162, (104.62052822113037, 367.6050717830658)
0.015294263139367104, (235.20939350128174, 558.3533145189285)
0.01528234500437975, (209.21404361724854, 476.5964679121971)
0.01527888048440218, (272.4628448486328, 668.5217928886414)
0.015057486481964588, (27.624890208244324, 166.6733365058899)
0.015042559243738651, (184.5128297805786, 639.2079294919968)
0.01499156467616558, (263.60528469085693, 545.2541424036026)
0.01490276399999857, (186.73959970474243, 800.7002395391464)
0.014882037416100502, (178.00180912017822, 425.5049639940262)
0.014866113662719727, (120.46180963516235, 370.77389574050903)
0.014791500754654408, (201.59859657287598, 486.40782326459885)
0.014687836170196533, (153.16002368927002, 812.3792552947998)
0.01464042067527771, (144.53996419906616, 668.8504464626312)
0.014595630578696728, (23.280149698257446, 163.8995658159256)
0.014566903002560139, (152.97771692276, 818.3456200361252)
0.014539923518896103, (168.38560104370117, 815.4026119709015)
0.01448515523225069, (164.23332691192627, 815.2900242805481)
0.014441769570112228, (23.55763018131256, 150.53897604346275)
0.014428975060582161, (272.16124534606934, 388.6287235021591)
0.01442110538482666, (99.025958776474, 291.1198128461838)
0.014391720294952393, (298.4997510910034, 701.2721428871155)
0.0143481669947505, (265.20683765411377, 716.6156673431396)
0.014332064427435398, (217.25027561187744, 288.92036747932434)
0.014319292269647121, (172.29485511779785, 813.8391945362091)
0.014219055883586407, (177.0456314086914, 423.17990720272064)
0.014210930094122887, (27.3369699716568, 1108.405030488968)
0.014187243767082691, (163.00549507141113, 814.3669048547745)
0.0141556141898036, (88.24157118797302, 685.5170542001724)
0.014137174002826214, (151.3233780860901, 823.1644728183746)
0.014066364616155624, (114.64818716049194, 287.25631856918335)
0.014065604656934738, (249.05242919921875, 621.6757771968842)
0.014034044928848743, (209.07301902770996, 846.7260446548462)
0.014029880985617638, (152.26562023162842, 653.9088785648346)
0.014029499143362045, (172.01476097106934, 454.16717809438705)
0.013983163982629776, (280.56771755218506, 688.6814657449722)
0.013947228901088238, (156.8228840827942, 1076.674801826477)
0.013883615843951702, (167.61386394500732, 423.92386132478714)
0.013865009881556034, (91.7973518371582, 296.60515344142914)
0.01379929669201374, (35.64921021461487, 235.69688540697098)
0.01376952975988388, (145.85697650909424, 449.4538673758507)
0.013627737760543823, (163.72005939483643, 422.79090321063995)
0.013603439554572105, (165.4362678527832, 425.7427361011505)
0.0135926129296422, (156.01418018341064, 423.84077274799347)
0.013583855703473091, (200.68256855010986, 1153.107609987259)
0.013579793274402618, (154.5269250869751, 814.6082353591919)
0.01357566099613905, (19.700776040554047, 167.47858402132988)
0.013525065965950489, (87.79041171073914, 925.875119805336)
0.013508477248251438, (98.88520836830139, 906.6446868181229)
0.01346589345484972, (154.1653871536255, 910.0673668384552)
0.013421528041362762, (135.44272184371948, 288.4726143479347)
0.013378163799643517, (240.11528491973877, 510.9028694629669)
0.013272951357066631, (39.13377523422241, 162.0784848332405)
0.013231037184596062, (152.04858779907227, 557.524421453476)
0.013213361613452435, (184.0160608291626, 622.9350228309631)
0.013165797106921673, (123.36947917938232, 418.3936493396759)
0.013154290616512299, (119.43999528884888, 669.9075751304626)
0.013114839792251587, (298.5023260116577, 574.8476958274841)
0.0130913145840168, (104.38216924667358, 301.4168894290924)
0.012929463759064674, (113.80951404571533, 419.5468903183937)
0.012927930802106857, (39.55250382423401, 148.77507850527763)
0.01281264703720808, (303.8884162902832, 701.4113473892212)
0.012799952179193497, (121.1579442024231, 511.2995951771736)
0.012712398543953896, (184.48607921600342, 805.5689098834991)
0.012659626081585884, (73.38749170303345, 882.6719777584076)
0.012636033818125725, (274.50177669525146, 604.9027022123337)
0.012631971389055252, (271.85819149017334, 544.6972532272339)
0.012617984786629677, (91.82465076446533, 905.9808322191238)
0.012509175576269627, (120.03142833709717, 619.4285069704056)
0.012501878663897514, (88.70049715042114, 303.55548620224)
0.012484701350331306, (282.57758617401123, 555.1998984217644)
0.012479434721171856, (91.62550568580627, 683.4802987575531)
0.012423035688698292, (327.7231454849243, 686.0298192501068)
0.012356957420706749, (201.0944366455078, 273.72223913669586)
0.01230333000421524, (100.07778406143188, 525.0984193682671)
0.012269489467144012, (232.50539302825928, 289.73041883111)
0.012217238545417786, (120.04457712173462, 525.4449360966682)
0.012216174043715, (282.6425075531006, 288.456494808197)
0.012212439440190792, (19.439956545829773, 140.01526513695717)
0.012194792740046978, (295.8739995956421, 688.2602226734161)
0.012145934626460075, (312.1548652648926, 606.9620178937912)
0.01213179249316454, (168.45883131027222, 814.5011987686157)
0.012101246044039726, (106.94694519042969, 292.12299621105194)
0.012057050131261349, (114.70187902450562, 293.02686470746994)
0.012055743485689163, (88.9760971069336, 540.2557328939438)
0.011999699287116528, (214.20435905456543, 465.72125852108)
0.011990148574113846, (151.1723756790161, 509.99914330244064)
0.011966345831751823, (141.84938669204712, 418.2350871562958)
0.011964254081249237, (55.35560846328735, 161.30067256093025)
0.011936389841139317, (122.90953397750854, 286.0177116394043)
0.011927041225135326, (103.52511405944824, 529.3959669470787)
0.011879891157150269, (155.5718183517456, 815.6597417593002)
0.011831588111817837, (273.65076541900635, 576.6182119846344)
0.011741484515368938, (248.0344533920288, 289.51438853144646)
0.011652445420622826, (39.547520875930786, 193.05831867456436)
0.011642822995781898, (168.2425022125244, 509.5712460279465)
0.011618003249168396, (155.9038281440735, 440.8931819200516)
0.011596034280955791, (39.655959606170654, 132.67701369524002)
0.011564182117581367, (169.0014123916626, 817.041680932045)
0.0115631353110075, (72.15733528137207, 670.3986339569092)
0.011555898934602737, (20.229938626289368, 177.07650670409203)
0.011552561074495316, (103.67625951766968, 936.4807806015015)
0.011500210501253605, (39.64363932609558, 1103.7270902395248)
0.011454204097390175, (55.991363525390625, 256.93580237030983)
0.011426032520830631, (167.91949272155762, 524.7096644639969)
0.01140714343637228, (112.0431661605835, 388.1352805495262)
0.01137206144630909, (108.22317600250244, 675.9787702560425)
0.011342919431626797, (216.70019626617432, 542.795218706131)
0.011287957429885864, (283.51285457611084, 692.0292059183121)
0.011282099410891533, (162.4542236328125, 818.7571842670441)
0.011281524784862995, (120.34733295440674, 606.2165336608887)
0.011196387931704521, (153.20942401885986, 209.22287213802338)
0.011191442608833313, (144.28894519805908, 808.710120677948)
0.011120608076453209, (311.6530656814575, 688.1209470033646)
0.011091668158769608, (71.79467678070068, 176.5549524128437)
0.011054339818656445, (111.82230710983276, 667.8977211713791)
0.010970012284815311, (35.58865785598755, 1108.2718752622604)
0.010968826711177826, (71.6028094291687, 399.5513307452202)
0.010963795706629753, (23.417019844055176, 176.44812932610512)
0.010884422808885574, (88.81016969680786, 526.8003296256065)
0.010863183997571468, (112.81437873840332, 951.5491697788239)
0.010859008878469467, (55.22984266281128, 192.4205471277237)
0.010856018401682377, (151.6852855682373, 541.4360176920891)
0.010768880136311054, (168.72196197509766, 209.32547852396965)
0.010753651149570942, (55.69754242897034, 131.93257029354572)
0.010753530077636242, (186.12444400787354, 432.48223382234573)
0.010747174732387066, (185.51126718521118, 225.3351527452469)
0.010734113864600658, (23.715239763259888, 1103.8776104450226)
0.010732068680226803, (136.2843632698059, 559.1395779848099)
0.010715951211750507, (154.46295738220215, 844.683026432991)
0.010713393799960613, (152.94110774993896, 786.4631631374359)
0.010694550350308418, (71.84962034225464, 193.70386531949043)
0.010673935525119305, (39.72533345222473, 1119.8620734214783)
0.01063566841185093, (144.96781826019287, 813.3913346529007)
0.010619990527629852, (136.0368847846985, 543.6498389840126)
0.010602318681776524, (90.04590511322021, 415.42043048143387)
0.010586120188236237, (152.83586978912354, 402.0632389783859)
0.01055839192122221, (148.23850393295288, 420.09093368053436)
0.010557664558291435, (31.151914596557617, 906.3460661172867)
0.010549384169280529, (119.61451768875122, 178.184075653553)
0.010535908862948418, (55.82510232925415, 667.7838524580002)
0.010509392246603966, (93.51673126220703, 304.2013708949089)
0.010501019656658173, (327.68359184265137, 716.8864613771439)
0.010436135344207287, (118.905508518219, 924.8574893474579)
0.010426949709653854, (136.18903160095215, 511.92259937524796)
0.010365466587245464, (72.95948266983032, 914.0623083114624)
0.010346479713916779, (132.19215869903564, 412.9432877898216)
0.010329196229577065, (154.19223308563232, 465.79335165023804)
