0.3065171539783478, (394.385027885437, 962.5980780124664)
0.26253125071525574, (396.1754083633423, 961.2196089029312)
0.21700330078601837, (395.6618547439575, 961.31458568573)
0.1671193540096283, (144.86017227172852, 430.99013954401016)
0.14316318929195404, (397.2147464752197, 960.8726206421852)
0.08172154426574707, (400.24380683898926, 952.7191868424416)
0.07830415666103363, (399.45456981658936, 963.581383228302)
0.07594630867242813, (393.88396739959717, 962.1779672503471)
0.07280290871858597, (147.0201015472412, 427.6862601339817)
0.06549002230167389, (147.1690535545349, 426.217453122139)
0.06365466117858887, (142.4121379852295, 430.85090440511703)
0.062327466905117035, (401.2646675109863, 926.8794541954994)
0.053847093135118484, (204.31463718414307, 637.377093911171)
0.04910178482532501, (459.94629859924316, 918.5559968352318)
0.04617561027407646, (405.7018756866455, 964.0090536475182)
0.04318391531705856, (436.0011577606201, 918.1333432793617)
0.039894454181194305, (194.80915069580078, 636.1362792849541)
0.036692261695861816, (197.68521785736084, 637.1026783585548)
0.036101873964071274, (165.8307433128357, 426.7131948173046)
0.03606268763542175, (418.60551834106445, 953.6569279432297)
0.03474118933081627, (424.4234561920166, 950.7591052055359)
0.033103860914707184, (441.5088653564453, 921.5808905363083)
0.03301325440406799, (138.51441144943237, 422.3555335700512)
0.03188702464103699, (196.34480476379395, 636.0577275753021)
0.03097154200077057, (427.0668029785156, 937.8663161993027)
0.029362106695771217, (217.63579845428467, 635.6310192942619)
0.028093360364437103, (375.802206993103, 922.9862307906151)
0.027922598645091057, (167.01085567474365, 415.8692790567875)
0.027474218979477882, (432.1604251861572, 887.1298837661743)
0.027109524235129356, (166.47602319717407, 404.31736704707146)
0.025805732235312462, (201.93653106689453, 649.7118427753448)
0.02576940320432186, (230.88810443878174, 649.9543015956879)
0.025051118806004524, (142.24092960357666, 431.88894841074944)
0.024612193927168846, (228.3050298690796, 614.3912692666054)
0.024423589929938316, (461.7466926574707, 943.3231515884399)
0.02383759245276451, (196.70253992080688, 640.5683687925339)
0.023748045787215233, (151.12096071243286, 436.9700001180172)
0.023566706106066704, (208.72457027435303, 415.23169070482254)
0.023415813222527504, (425.19569396972656, 870.3510186672211)
0.02339278720319271, (438.4540557861328, 906.5990246534348)
0.02295719087123871, (203.5067081451416, 565.1040230989456)
0.022763509303331375, (252.4754285812378, 589.9840229153633)
0.022662771865725517, (234.25931930541992, 617.973034799099)
0.022643599659204483, (432.8249454498291, 970.1833004951477)
0.02218044362962246, (460.3968143463135, 858.3217486739159)
0.02204740047454834, (465.5055046081543, 861.110093832016)
0.02201138809323311, (500.9448528289795, 553.4506055116653)
0.021926963701844215, (251.71451568603516, 596.3295990824699)
0.021753299981355667, (399.79259967803955, 939.0176519751549)
0.02164399065077305, (399.8927354812622, 887.8333442211151)
0.021557318046689034, (229.98111248016357, 661.8432368636131)
0.021523555740714073, (295.1475143432617, 431.5080447793007)
0.02147737890481949, (402.349328994751, 968.1547008752823)
0.021442033350467682, (153.02060842514038, 426.0629612207413)
0.021382512524724007, (378.81927490234375, 737.3079949021339)
0.021227721124887466, (215.38994312286377, 625.1669419407845)
0.021226240321993828, (459.1905117034912, 879.1930685043335)
0.020489243790507317, (396.62420749664307, 859.0964760780334)
0.020316027104854584, (216.06507301330566, 649.53281635046)
0.02017958089709282, (456.31418228149414, 907.9889019727707)
0.02009093202650547, (204.0064811706543, 641.0883357524872)
0.020052088424563408, (406.3623905181885, 956.1603427529335)
0.020046332851052284, (278.73592376708984, 436.01524978876114)
0.019924817606806755, (286.448335647583, 435.2931994497776)
0.019919002428650856, (152.91434526443481, 427.56338134407997)
0.019846221432089806, (398.86980056762695, 855.0552895665169)
0.01979946158826351, (278.3167839050293, 446.276934504509)
0.01975909247994423, (385.9839200973511, 964.4029117822647)
0.019627733156085014, (284.15212631225586, 438.7156967520714)
0.019545607268810272, (409.9402904510498, 955.062680542469)
0.019528280943632126, (267.7364110946655, 446.75013467669487)
0.01949010230600834, (231.31086826324463, 635.4179744124413)
0.019359881058335304, (453.8289546966553, 890.1926444768906)
0.01935451477766037, (364.7606134414673, 743.56959015131)
0.01923299953341484, (386.44747734069824, 961.4464673399925)
0.019129712134599686, (444.85979080200195, 934.5729859471321)
0.019125377759337425, (372.66197204589844, 741.1241098046303)
0.019124969840049744, (372.25842475891113, 945.6737238764763)
0.01911385916173458, (241.0240650177002, 633.4326710104942)
0.018775993958115578, (288.4039878845215, 430.5932919085026)
0.01872875541448593, (246.0923433303833, 591.5413810014725)
0.01870892569422722, (177.76246070861816, 445.81655138731)
0.018572092056274414, (130.85414171218872, 429.18709260225296)
0.01853242516517639, (510.84766387939453, 554.7202842831612)
0.018497267737984657, (392.2473669052124, 964.5765777230263)
0.018465688452124596, (421.12669944763184, 945.7556430697441)
0.01830669306218624, (456.9340705871582, 935.3794639110565)
0.01827661134302616, (170.34555673599243, 421.087813436985)
0.018062233924865723, (367.1663761138916, 743.839950978756)
0.017966285347938538, (395.7116365432739, 976.0231356024742)
0.017895516008138657, (502.08845138549805, 552.0355751514435)
0.017851321026682854, (170.89662551879883, 404.6306804716587)
0.017835402861237526, (492.2818183898926, 916.1805464029312)
0.017803989350795746, (196.96543216705322, 567.2081505656242)
0.017786627635359764, (424.70431327819824, 740.3284215331078)
0.01769944280385971, (376.1049747467041, 735.6988188028336)
0.017434217035770416, (185.8596920967102, 625.674194931984)
0.01726735755801201, (421.6804504394531, 744.4535889625549)
0.01713681034743786, (146.83715105056763, 431.006324082613)
0.017126718536019325, (388.2301330566406, 867.315060377121)
0.01701476238667965, (259.210205078125, 594.7661932706833)
0.016969328746199608, (210.5738401412964, 475.12815964221954)
0.016833119094371796, (281.44690990448, 437.15555533766747)
0.01679191365838051, (378.20773124694824, 956.0507964491844)
0.016777826473116875, (208.85357856750488, 605.7827441096306)
0.01674836128950119, (130.74142932891846, 432.31754660606384)
0.016720956191420555, (440.2933120727539, 873.2057513594627)
0.01666264981031418, (135.6379747390747, 427.83315801620483)
0.016559690237045288, (458.6219310760498, 935.3946519494057)
0.016533393412828445, (143.1693196296692, 432.28136333823204)
0.016518831253051758, (504.593563079834, 555.6185777187347)
0.016446927562355995, (398.17512035369873, 877.9554839134216)
0.01638340950012207, (408.0474853515625, 856.012067258358)
0.016370952129364014, (365.28964042663574, 907.2653740644455)
0.016313929110765457, (247.74911403656006, 604.8740046024323)
0.016218742355704308, (456.7570686340332, 921.7590235471725)
0.016102859750390053, (187.1738314628601, 647.96886074543)
0.016049321740865707, (462.9995822906494, 888.4221727848053)
0.016028154641389847, (514.3214225769043, 558.6074256002903)
0.015944046899676323, (313.0504369735718, 445.2558653652668)
0.015748731791973114, (457.6125144958496, 980.1019142270088)
0.015710564330220222, (248.07000160217285, 617.4938212633133)
0.015685852617025375, (451.29785537719727, 438.5028924047947)
0.015581109561026096, (53.679752349853516, 178.1286296993494)
0.015499413944780827, (139.7222399711609, 434.0343447327614)
0.015281987376511097, (254.25851345062256, 447.48469281196594)
0.01525502372533083, (296.51782512664795, 445.48811864852905)
0.015186874195933342, (215.76621532440186, 661.1254130601883)
0.015101077035069466, (267.5608158111572, 442.8426166474819)
0.014909633435308933, (121.10304832458496, 384.3660231232643)
0.014878388494253159, (458.3927631378174, 984.915903866291)
0.014860661700367928, (247.30794429779053, 647.4274518489838)
0.014831280335783958, (403.25560569763184, 1003.4563752412796)
0.014817113988101482, (466.18313789367676, 977.398305952549)
0.01462244987487793, (204.92148399353027, 646.0111157298088)
0.014504479244351387, (357.23421573638916, 748.4031661748886)
0.014404930174350739, (183.06844234466553, 400.9863415956497)
0.014274182729423046, (597.7819919586182, 661.1981919407845)
0.01421838253736496, (420.44787406921387, 953.4149501919746)
0.014133617281913757, (358.5615396499634, 748.2607697248459)
0.014129366725683212, (299.45435523986816, 429.87175700068474)
0.014122765511274338, (650.2341270446777, 687.2971521019936)
0.014091338030993938, (433.8645935058594, 1004.146228313446)
0.0140913100913167, (172.92156219482422, 651.9388490319252)
0.014068784192204475, (185.36159992218018, 639.222062587738)
0.014051752164959908, (115.20968675613403, 390.3571544587612)
0.014020748436450958, (239.64660167694092, 663.0959407687187)
0.014010751619935036, (168.73306035995483, 469.15400317311287)
0.014009513892233372, (398.0931282043457, 963.7599285840988)
0.013991115614771843, (341.5652275085449, 877.3084459900856)
0.013978523202240467, (183.5144281387329, 410.78774628043175)
0.01397073082625866, (359.3999147415161, 748.7871280312538)
0.013915196992456913, (281.040096282959, 456.62081331014633)
0.013893406838178635, (176.5477180480957, 475.2191504240036)
0.01386710349470377, (455.108118057251, 440.2864560484886)
0.01380937173962593, (472.15991020202637, 922.7990261912346)
0.01376332063227892, (420.5953121185303, 748.5332610011101)
0.013714764267206192, (381.28089904785156, 787.8589408397675)
0.01362009346485138, (523.9592552185059, 606.5284699201584)
0.013613163493573666, (380.86867332458496, 738.0731696486473)
0.013603529892861843, (400.3218173980713, 790.3020845651627)
0.01352584920823574, (38.796466588974, 179.33197247982025)
0.013480616733431816, (369.640851020813, 740.7574664354324)
0.013456426560878754, (255.59868812561035, 448.82752844691277)
0.013416514731943607, (506.3866138458252, 550.7129100561142)
0.013240739703178406, (263.52906227111816, 587.8583160638809)
0.013198727741837502, (42.767924070358276, 180.78308302164078)
0.013144631870090961, (501.1270046234131, 920.8812099099159)
0.013123148120939732, (116.26322269439697, 396.60741022229195)
0.013089405372738838, (395.8889961242676, 960.8748885393143)
0.013087895698845387, (446.59457206726074, 444.77936643362045)
0.013079842552542686, (442.90080070495605, 834.1346945166588)
0.012991297990083694, (225.870680809021, 658.1551550626755)
0.012982808984816074, (186.0027313232422, 397.6382725536823)
0.012942299246788025, (417.39768981933594, 745.2727808952332)
0.012924742884933949, (406.8150043487549, 746.4835630655289)
0.012909792363643646, (272.21519947052, 441.9389283657074)
0.01284633856266737, (465.5282974243164, 437.0183131992817)
0.012701756320893764, (274.9948978424072, 443.29822343587875)
0.012701199389994144, (443.1084156036377, 446.7403758466244)
0.01265497226268053, (338.97125720977783, 946.4658384919167)
0.012620467692613602, (121.21423482894897, 379.78638285398483)
0.012594634667038918, (452.0317077636719, 442.85454028844833)
0.012585322372615337, (426.87392234802246, 744.7335024476051)
0.012568983249366283, (450.0439167022705, 441.99325481057167)
0.012546947225928307, (272.40610122680664, 633.3048440814018)
0.01253462303429842, (263.19618225097656, 602.8436868786812)
0.012496793642640114, (503.1930923461914, 553.8844267427921)
0.012488012202084064, (461.58785820007324, 973.8168840408325)
0.012482273392379284, (380.763840675354, 779.4875827431679)
0.01247774250805378, (411.10386848449707, 958.9930837154388)
0.012465093284845352, (452.91099548339844, 437.40715447068214)
0.01241089217364788, (485.9980583190918, 934.7381988167763)
0.012222038581967354, (518.4696197509766, 905.4823258519173)
0.01221256610006094, (446.2940216064453, 444.15933710336685)
0.012209967710077763, (431.54335021972656, 788.8856797218323)
0.012204613536596298, (394.88701820373535, 965.2832682132721)
0.012194884940981865, (523.8414287567139, 548.6467526853085)
0.012103413231670856, (153.4019947052002, 602.7519401311874)
0.012088808231055737, (227.1700620651245, 666.1890775561333)
0.01208227314054966, (279.35845851898193, 509.9855323433876)
0.012037237174808979, (148.80566596984863, 586.4264482855797)
0.012014689855277538, (502.15415954589844, 549.8730665147305)
0.011992035433650017, (493.1586742401123, 943.3725642561913)
0.01197287067770958, (490.4107093811035, 921.6175892353058)
0.011962348595261574, (120.7254409790039, 403.6230125427246)
0.01195383071899414, (522.0931053161621, 874.0006836652756)
0.011928283609449863, (470.22900581359863, 430.67854422330856)
0.011921243742108345, (454.0255069732666, 447.65262028574944)
0.01190983597189188, (363.99528980255127, 747.4016490578651)
0.01188229862600565, (241.666579246521, 690.9211829900742)
0.011871308088302612, (306.0173749923706, 506.2907499372959)
0.011828682385385036, (518.1430816650391, 567.5642791390419)
0.011822326108813286, (138.7896180152893, 751.3300592303276)
0.011802226305007935, (595.2675342559814, 660.5755510926247)
0.011799306608736515, (207.21580982208252, 662.8176766633987)
0.01179160363972187, (391.1051273345947, 732.1358149647713)
0.011737982742488384, (148.2798457145691, 635.3232725262642)
0.011735675856471062, (482.08675384521484, 936.2534289956093)
0.011733951047062874, (276.1730432510376, 454.6358191668987)
0.011724499054253101, (216.0571575164795, 512.7711628973484)
0.011713763698935509, (48.95936846733093, 178.57633320987225)
0.011652126908302307, (264.96455669403076, 459.83002519607544)
0.011612610891461372, (215.3651237487793, 570.5236787199974)
0.011591056361794472, (392.97871589660645, 962.6415804028511)
0.011562355794012547, (402.9764175415039, 963.4722492694855)
0.011556084267795086, (145.3153133392334, 604.9157888889313)
0.011543679051101208, (501.81593894958496, 894.7415650486946)
0.011531861498951912, (145.46220302581787, 439.57567647099495)
0.011488626711070538, (108.8377833366394, 429.9744308888912)
0.01143188402056694, (457.0377826690674, 453.6658464372158)
0.011422079987823963, (35.04071235656738, 168.95227120816708)
0.011409574188292027, (261.83764934539795, 444.3227287828922)
0.011377268470823765, (469.4005489349365, 445.0248491168022)
0.011357194744050503, (526.471996307373, 572.6935064792633)
0.011349059641361237, (588.4918212890625, 667.4601308107376)
0.011347385123372078, (262.02967166900635, 445.37960320711136)
0.011334969662129879, (425.15459060668945, 995.7298558950424)
0.011282630264759064, (111.65261268615723, 386.5493208169937)
0.011238079518079758, (251.2357473373413, 447.3452171385288)
0.011212055571377277, (229.327654838562, 339.88795590400696)
0.011176434345543385, (422.45402336120605, 760.7464368343353)
0.01110951229929924, (590.1771068572998, 665.7436075806618)
0.011080960743129253, (154.445219039917, 620.0277495980263)
0.011068986728787422, (567.1790599822998, 796.1451497077942)
0.011057691648602486, (438.33861351013184, 823.6721978187561)
0.01103871688246727, (435.40711402893066, 738.9886441230774)
0.01101240236312151, (503.1672954559326, 551.3784691393375)
0.010984828695654869, (152.34628915786743, 486.0456446111202)
0.010939489118754864, (655.5382251739502, 687.5158323645592)
0.010928051546216011, (272.5996971130371, 604.2498518228531)
0.010916955769062042, (156.9892406463623, 635.9450199604034)
0.010901863686740398, (398.3273506164551, 760.3262573480606)
0.010898739099502563, (309.1151237487793, 854.2393963932991)
0.0108792744576931, (345.0611114501953, 977.0075404047966)
0.010866032913327217, (503.1924247741699, 553.3696484565735)
0.010861719027161598, (442.5913333892822, 792.4470341801643)
0.010846851393580437, (485.15753746032715, 941.2753092050552)
0.01080537773668766, (559.1542720794678, 543.980897963047)
0.01080010924488306, (120.00391483306885, 368.9604384601116)
0.010785946622490883, (456.9601535797119, 444.4613110423088)
0.010771837085485458, (610.4280471801758, 714.1605310440063)
0.010740079917013645, (513.3773803710938, 894.0197552442551)
0.01069200225174427, (50.804513692855835, 183.64571899175644)
0.010681944899260998, (43.50981116294861, 418.6219907402992)
0.010671247728168964, (395.95091342926025, 962.2875135540962)
0.010633557103574276, (42.39533543586731, 175.90658876299858)
0.010558192618191242, (248.31931591033936, 663.3114597201347)
0.010498474352061749, (508.13002586364746, 914.0204087495804)
0.010491804219782352, (583.538293838501, 528.5056270062923)
0.010471719317138195, (42.53027141094208, 179.1658833771944)
0.010470469482243061, (650.1511096954346, 682.8940641880035)
0.010463165119290352, (177.07815170288086, 503.6266236901283)
0.010459497570991516, (431.76589012145996, 759.017405807972)
0.010443085804581642, (500.63204765319824, 909.8918738365173)
0.010442464612424374, (291.8583631515503, 596.3298052549362)
0.010398952290415764, (316.6449785232544, 954.3373658061028)
0.010369336232542992, (657.2060585021973, 686.4361071586609)
0.01036878302693367, (585.9318733215332, 663.215039730072)
0.010363392531871796, (369.93536949157715, 762.2679896354675)
0.010361441411077976, (483.1211566925049, 932.0547267198563)
0.010350421071052551, (341.5431022644043, 936.7626749873161)
0.010337304323911667, (582.9129219055176, 671.4732778668404)
0.010317664593458176, (593.8070774078369, 663.1936665177345)
0.010308547876775265, (460.7405185699463, 998.3485898375511)
0.01024231594055891, (510.9539985656738, 550.5828839540482)
0.010218261741101742, (608.9645385742188, 714.3787989616394)
0.010216468013823032, (39.8257851600647, 151.5788218975067)
0.010196260176599026, (27.210518717765808, 148.96572333574295)
0.010194585658609867, (304.18949127197266, 478.0641242861748)
0.010177671909332275, (644.7454452514648, 680.4424673914909)
0.010173402726650238, (580.4782390594482, 554.35834851861)
0.010134654119610786, (408.23206901550293, 747.4263897538185)
0.010122510604560375, (617.4286365509033, 686.0419054031372)
0.010091648437082767, (505.88178634643555, 909.0859456658363)
0.010084510780870914, (582.3140144348145, 540.6153729856014)
0.010060694999992847, (35.63801646232605, 769.8180940747261)
0.010042811743915081, (459.89723205566406, 816.0201754570007)
0.010042238049209118, (274.3933439254761, 478.48677784204483)
0.010025816038250923, (519.3172454833984, 891.7823716402054)
