0.3035774528980255, (550.3671857714653, 417.40989768505096)
0.20283421874046326, (555.5108828544617, 420.6510533094406)
0.15866227447986603, (556.8142394423485, 422.29616367816925)
0.13911162316799164, (550.7720521092415, 418.6029818058014)
0.1373206377029419, (644.4586580991745, 322.1998794078827)
0.1285233199596405, (546.4673715233803, 423.1746515035629)
0.12406656891107559, (648.9034562110901, 311.0341522693634)
0.11841187626123428, (495.19387114048004, 716.7962064743042)
0.11496520042419434, (554.2277901768684, 421.12312638759613)
0.10702310502529144, (545.8376663923264, 425.2374107837677)
0.09322626143693924, (643.8943164348602, 335.48981630802155)
0.09050314128398895, (649.7037982940674, 318.07590901851654)
0.08972914516925812, (496.76288264989853, 718.0724551677704)
0.08818325400352478, (649.8514941930771, 321.72947359085083)
0.078909732401371, (499.0928204655647, 718.4623560905457)
0.07890472561120987, (581.6558576822281, 414.24059307575226)
0.07825516164302826, (495.07381159067154, 718.9168038368225)
0.07708398252725601, (651.1454601883888, 323.27089619636536)
0.07678081095218658, (635.3835976719856, 311.56596887111664)
0.07003907859325409, (572.957862496376, 410.67841029167175)
0.0695565715432167, (547.3672209382057, 430.8419884443283)
0.0662127211689949, (496.01056438684464, 719.1972212791443)
0.06608352810144424, (553.705706179142, 437.919392824173)
0.0656943991780281, (637.8702101111412, 327.9388105273247)
0.06299841403961182, (622.1997823119164, 354.7902295589447)
0.06276081502437592, (550.9533152580261, 386.3779603242874)
0.06206708028912544, (509.9066232442856, 718.6513917446136)
0.06032941862940788, (580.8971966505051, 381.7347571849823)
0.05404204875230789, (549.7180404663086, 408.5614253282547)
0.05304205045104027, (624.1103972196579, 375.5638267993927)
0.052132830023765564, (643.1335548758507, 294.7034089565277)
0.051090989261865616, (497.5135122537613, 728.3703331947327)
0.050433751195669174, (493.18984454870224, 714.1932148933411)
0.04935714229941368, (554.550200521946, 405.6249815225601)
0.04894313961267471, (582.9847912788391, 454.7212961912155)
0.04816111549735069, (568.2901201844215, 412.2091941833496)
0.0479869470000267, (509.96712666749954, 706.1871063709259)
0.04701264202594757, (560.0200147628784, 429.6373128890991)
0.04696743190288544, (649.9721303582191, 297.7797042131424)
0.046738650649785995, (542.2542080283165, 414.0602113008499)
0.046267781406641006, (636.9250963926315, 318.51473611593246)
0.04534505680203438, (644.4512032866478, 346.48147344589233)
0.04432642459869385, (544.7084476351738, 411.9256407022476)
0.04425262287259102, (566.8795955181122, 410.4452716112137)
0.043994028121232986, (569.5916233658791, 407.15806782245636)
0.04371768608689308, (560.4292880892754, 403.52391493320465)
0.04363725706934929, (501.702251970768, 720.3443763256073)
0.04297270625829697, (493.3210245370865, 719.568941116333)
0.04284217208623886, (584.0644623041153, 431.8614789247513)
0.04216095432639122, (489.1880517601967, 717.6448423862457)
0.04206562414765358, (653.975776553154, 289.5292426943779)
0.040521614253520966, (559.0052953362465, 403.8139786720276)
0.03916560485959053, (621.9178586006165, 306.1755151748657)
0.03914610296487808, (552.5665614008904, 415.6952784061432)
0.03904399648308754, (501.5518789291382, 716.4916534423828)
0.0371098667383194, (531.8419766426086, 427.4525656700134)
0.03701295703649521, (560.343042910099, 404.99586832523346)
0.03631282597780228, (551.4172846674919, 411.09153378009796)
0.03610117733478546, (563.1888867020607, 405.5389984846115)
0.03600984811782837, (555.2960936427116, 405.8249337673187)
0.03562215715646744, (543.6390733122826, 421.05933380126953)
0.03549346700310707, (510.35910153388977, 703.2399444580078)
0.034613147377967834, (543.786522090435, 731.5802872180939)
0.03433363884687424, (654.5599290728569, 294.41080462932587)
0.033991921693086624, (574.2161195278168, 713.9146234989166)
0.03348987177014351, (487.93238949775696, 632.0973168611526)
0.03334426134824753, (550.0318839550018, 417.82079815864563)
0.033171020448207855, (612.543576002121, 382.3564074039459)
0.0329001359641552, (638.2041115760803, 321.4842075705528)
0.032862771302461624, (647.6920285820961, 322.1355707645416)
0.03261987864971161, (572.2229662537575, 702.212911605835)
0.032441068440675735, (489.50078320503235, 630.9268201589584)
0.032129786908626556, (488.8999088406563, 714.4862558841705)
0.03148163855075836, (647.2955231666565, 289.7138521671295)
0.031333256512880325, (614.5807167887688, 342.2964495420456)
0.031175412237644196, (576.5288412570953, 698.8086025714874)
0.03108830563724041, (589.4463427066803, 711.9713909626007)
0.03108440712094307, (605.5338693261147, 378.2803509235382)
0.030314015224575996, (660.0968366265297, 343.02103328704834)
0.030076581984758377, (502.93942135572433, 724.7404675483704)
0.029437003657221794, (654.2696444392204, 320.9433004260063)
0.029408782720565796, (544.8816381692886, 417.00669836997986)
0.029135625809431076, (553.9572340250015, 460.57822573184967)
0.0291233342140913, (637.6181880235672, 340.0286965370178)
0.02890969067811966, (639.2801169753075, 511.1709072589874)
0.028818706050515175, (533.0451669096947, 435.1249043941498)
0.028489336371421814, (647.1695327162743, 295.30832701921463)
0.028408953920006752, (636.6542519330978, 292.07116091251373)
0.02805432304739952, (496.5331838130951, 628.9414694309235)
0.028027193620800972, (550.2952324151993, 738.4249498844147)
0.02797490544617176, (564.4765099287033, 404.95287680625916)
0.02788274735212326, (555.7712246775627, 410.0522743463516)
0.027734817937016487, (646.5335260033607, 327.44573789834976)
0.02747824601829052, (615.7808592319489, 362.66097235679626)
0.027390968054533005, (538.0435981154442, 405.9748681783676)
0.027377188205718994, (569.8445515632629, 405.8237428665161)
0.027319664135575294, (608.9499444961548, 532.344250202179)
0.027112172916531563, (597.7122058868408, 409.98034393787384)
0.02708056941628456, (621.1646754145622, 518.8071219921112)
0.027030915021896362, (489.598725438118, 735.0768513679504)
0.026545120403170586, (571.275957942009, 402.70687758922577)
0.02647421509027481, (494.83422791957855, 622.1525409221649)
0.02643142081797123, (573.7115811109543, 786.3530702590942)
0.02622711844742298, (511.60405522584915, 713.8284816741943)
0.026211582124233246, (543.0616342425346, 743.0098385810852)
0.026081746444106102, (538.2461960315704, 413.27219223976135)
0.025964928790926933, (639.3194091916084, 296.8086040019989)
0.025914689525961876, (662.0733916163445, 286.6423999071121)
0.02561352215707302, (632.0439652204514, 510.56688237190247)
0.0254332534968853, (631.3607584238052, 367.87576818466187)
0.02533254213631153, (496.93739116191864, 633.5006346702576)
0.02519472874701023, (624.4699580669403, 375.96825671195984)
0.025181978940963745, (511.30351507663727, 710.4727613925934)
0.025114702060818672, (666.1413716077805, 291.994705080986)
0.024937883019447327, (583.5028801560402, 699.8022902011871)
0.024899428710341454, (640.6767616868019, 333.23409140110016)
0.024843374267220497, (543.5071519613266, 419.98379158973694)
0.0247262641787529, (655.0872849822044, 441.04526925086975)
0.0246892049908638, (528.2723570466042, 413.6793612241745)
0.024639371782541275, (638.6331545710564, 509.3472411632538)
0.02462542988359928, (655.4117958545685, 320.9012417793274)
0.024554148316383362, (631.5067244768143, 508.8275717496872)
0.02453187108039856, (497.38117903470993, 621.9147180318832)
0.024466795846819878, (640.3503974080086, 329.9785655736923)
0.024446209892630577, (631.8069763183594, 374.0904840230942)
0.024331718683242798, (489.71017694473267, 720.0446662902832)
0.02424638904631138, (583.6940693259239, 694.0783445835114)
0.02417760156095028, (559.4359858036041, 407.4936239719391)
0.0240708589553833, (639.9734557271004, 327.25592815876007)
0.023903345689177513, (621.1633162498474, 372.31679606437683)
0.023817090317606926, (654.9285922050476, 322.42150604724884)
0.023734144866466522, (520.3635011315346, 764.618495464325)
0.023645831272006035, (604.5691094994545, 488.10911321640015)
0.023642975836992264, (574.1138114929199, 406.91865706443787)
0.023640254512429237, (550.9486199617386, 414.40632677078247)
0.023543333634734154, (565.9747213125229, 406.91508436203003)
0.023483654484152794, (590.0223814249039, 501.50051486492157)
0.023432008922100067, (582.8958689570427, 714.0015592575073)
0.02343033067882061, (640.0322293043137, 288.6438674926758)
0.02342788130044937, (640.2702066898346, 332.66553550958633)
0.023346535861492157, (583.7148686647415, 461.3669196367264)
0.023317504674196243, (639.9725908041, 293.0077646970749)
0.023234305903315544, (525.2414609193802, 472.38362538814545)
0.023223675787448883, (503.78976422548294, 627.4458965063095)
0.023127170279622078, (583.0663823485374, 687.891853094101)
0.02298678271472454, (631.9579671621323, 285.900170981884)
0.022836530581116676, (635.6749119758606, 498.9676276445389)
0.022824883460998535, (560.1607912778854, 439.6969710588455)
0.022646749392151833, (558.740876019001, 409.53768610954285)
0.022613316774368286, (613.2316428422928, 282.06425964832306)
0.02260439284145832, (636.4811025857925, 520.343661904335)
0.022480294108390808, (623.4821748137474, 503.4437474012375)
0.02238558605313301, (555.0524324774742, 489.00165367126465)
0.022373119369149208, (580.6544415950775, 704.4710183143616)
0.022278133779764175, (646.6738494634628, 333.888808965683)
0.022264419123530388, (553.2878659963608, 412.8061133623123)
0.022226350381970406, (518.0002020001411, 440.1940927505493)
0.022116681560873985, (620.024418592453, 490.5335490703583)
0.021989306434988976, (665.7785158157349, 300.02542555332184)
0.021864963695406914, (605.7230815291405, 519.39923787117)
0.021747471764683723, (530.5629202723503, 419.6477987766266)
0.021725282073020935, (621.4372497200966, 531.8959554433823)
0.021624531596899033, (646.7107528448105, 504.81217181682587)
0.021550485864281654, (512.0775387883186, 720.4631488323212)
0.021486185491085052, (639.1003365516663, 507.21203541755676)
0.021433789283037186, (634.9015060663223, 509.910497546196)
0.02135305292904377, (511.54021567106247, 725.2948715686798)
0.021235980093479156, (606.7342177033424, 532.6630146503448)
0.021112259477376938, (534.4526437520981, 426.5187009572983)
0.021072370931506157, (633.0896983146667, 332.1400902271271)
0.020979220047593117, (526.551077902317, 723.6190359592438)
0.020952587947249413, (522.9750743508339, 577.064838051796)
0.020941223949193954, (538.4795193076134, 418.6934902667999)
0.020890936255455017, (566.6836698651314, 784.8801641464233)
0.020843829959630966, (623.0427527427673, 340.7634823322296)
0.02079167030751705, (632.3694645762444, 330.56964933872223)
0.020750757306814194, (489.34876269102097, 761.6992800235748)
0.020711570978164673, (601.2233814001083, 535.1365156173706)
0.02069593220949173, (646.8720815777779, 501.4869385957718)
0.020686637610197067, (524.4090343117714, 718.3442981243134)
0.02066461369395256, (633.0771775245667, 336.38239645957947)
0.020653270184993744, (636.769863307476, 363.3948848247528)
0.02063058689236641, (457.8206306695938, 711.2548656463623)
0.020623208954930305, (532.1612979769707, 417.162230014801)
0.020557627081871033, (526.0001219511032, 446.055984377861)
0.020521413534879684, (567.4612356424332, 785.6795761585236)
0.020446758717298508, (637.3211487531662, 352.1304717063904)
0.020410938188433647, (633.3370662927628, 338.1072574853897)
0.020315682515501976, (546.7872694730759, 420.8855813741684)
0.02029416896402836, (547.7963051199913, 422.1004589796066)
0.02029111422598362, (662.3377285599709, 322.6846157312393)
0.020237870514392853, (617.1412595510483, 288.79221403598785)
0.02014239691197872, (494.64732217788696, 475.39402413368225)
0.020133452489972115, (525.2619307637215, 494.92364609241486)
0.02009003795683384, (601.2403503656387, 540.5573769807816)
0.020075712352991104, (546.642539024353, 420.7356072664261)
0.020033108070492744, (646.3915138840675, 496.94130992889404)
0.019888397306203842, (604.9512819051743, 506.6317491531372)
0.01986871287226677, (480.84249210357666, 629.6879260540009)
0.019758405163884163, (614.6331475973129, 404.95327377319336)
0.019709765911102295, (624.1841216087341, 513.5725175142288)
0.01969205215573311, (544.6113703250885, 502.4796735048294)
0.019567927345633507, (591.0989634394646, 517.7096672058105)
0.01935088448226452, (588.9861212968826, 699.6287362575531)
0.019292224198579788, (620.6287526488304, 508.56585144996643)
0.019245902076363564, (591.3696019649506, 454.4388542175293)
0.019207093864679337, (531.7269830703735, 403.2625916004181)
0.019106512889266014, (573.5385965108871, 776.8012518882751)
0.01910044066607952, (592.4155821800232, 513.5231745243073)
0.019078556448221207, (606.3142769932747, 545.745814204216)
0.01904676854610443, (529.7257571816444, 510.31961166858673)
0.01897895522415638, (480.5122562646866, 621.5318434238434)
0.018920280039310455, (530.450274348259, 516.1324778795242)
0.01879599131643772, (551.7404363751411, 796.358939409256)
0.018747802823781967, (610.2762421369553, 290.63580787181854)
0.018746644258499146, (574.3397211432457, 787.2906267642975)
0.018705835565924644, (647.2709346413612, 748.1582615375519)
0.018696919083595276, (614.4353685379028, 311.91819763183594)
0.018640145659446716, (662.7675952911377, 312.01972192525864)
0.018536046147346497, (654.7258295416832, 533.3977210521698)
0.018512479960918427, (674.8649026155472, 287.1273744106293)
0.01848187856376171, (515.0214895606041, 431.61444640159607)
0.01828077994287014, (583.3329021930695, 488.2039883136749)
0.018257468938827515, (575.5955481529236, 454.55504643917084)
0.018222855404019356, (539.6746369600296, 423.1900141239166)
0.01815665513277054, (571.9302104115486, 421.5209666490555)
0.01796875149011612, (655.3378655314445, 331.6284395456314)
0.017909040674567223, (574.2201146483421, 516.1443074941635)
0.017902180552482605, (546.9150309562683, 421.5556615591049)
0.017836671322584152, (581.086573600769, 738.8918623924255)
0.017831284552812576, (575.1506894230843, 532.7408995628357)
0.017706815153360367, (647.3318911194801, 532.8980190753937)
0.017688289284706116, (541.562352001667, 422.59122920036316)
0.017646992579102516, (632.2229630947113, 299.26479721069336)
0.017625290900468826, (616.3802508711815, 523.4745401144028)
0.017582055181264877, (624.3509693741798, 511.503803730011)
0.01755574159324169, (427.2871600985527, 709.3328311443329)
0.01753208041191101, (560.6252961158752, 575.7350385189056)
0.017395231872797012, (559.1261374354362, 565.8556827306747)
0.01726599968969822, (582.5744059085846, 403.6698796749115)
0.017246996983885765, (669.9519340395927, 286.7160769701004)
0.017239319160580635, (654.7332431674004, 499.3293836116791)
0.017117146402597427, (574.6069411635399, 484.5578867197037)
0.017083371058106422, (631.8602720499039, 514.2883282899857)
0.017074326053261757, (576.4559406042099, 468.9919399023056)
0.017064599320292473, (550.7326363325119, 768.0578963756561)
0.017049185931682587, (587.9183532595634, 469.29561960697174)
0.017032667994499207, (607.1894143223763, 435.86175441741943)
0.017002921551465988, (560.9480359554291, 569.8153088092804)
0.016875162720680237, (636.0546543598175, 531.730499625206)
0.01687251217663288, (589.1462144255638, 484.5992109775543)
0.016790086403489113, (654.6413142085075, 527.8071166276932)
0.016740472987294197, (639.4425577521324, 368.21878731250763)
0.016704242676496506, (575.5418405532837, 410.5147408246994)
0.01667066104710102, (454.12386739254, 717.7081983089447)
0.01665985956788063, (583.1575699448586, 459.32384991645813)
0.016635077074170113, (632.4253550767899, 532.7975467443466)
0.016593262553215027, (569.1708589196205, 567.1981852054596)
0.016487596556544304, (553.3095302581787, 418.7408484220505)
0.016444481909275055, (666.1368410587311, 309.9058928489685)
0.016400078311562538, (636.0512358546257, 544.3215365409851)
0.016392819583415985, (463.36453998088837, 508.3689161539078)
0.01637040637433529, (569.2852758765221, 479.69103240966797)
0.016354741528630257, (662.6012005805969, 532.787384390831)
0.01635023206472397, (559.6313760280609, 497.00125193595886)
0.016298333182930946, (670.5124453306198, 295.468364238739)
0.016112608835101128, (547.9830461144447, 444.004816532135)
0.016109758988022804, (424.64469677209854, 612.4897305965424)
0.016094619408249855, (537.8626232743263, 513.8607949018478)
0.016089199110865593, (534.1836938858032, 427.215616106987)
0.01608310081064701, (663.094494998455, 321.4530258178711)
0.016075866296887398, (638.9006217122078, 747.5484409332275)
0.01604808121919632, (567.2804255485535, 763.3374831676483)
0.0160363782197237, (402.1976796388626, 698.7142832279205)
0.015999970957636833, (591.9202284216881, 656.1041700839996)
0.015924710780382156, (466.1981101036072, 509.3875730037689)
0.015897557139396667, (465.7671725153923, 508.7663197517395)
0.0158828292042017, (670.2848470211029, 301.6974304318428)
0.015814242884516716, (529.1914407014847, 501.9527395963669)
0.015800459310412407, (553.0052421092987, 417.52406537532806)
0.015772469341754913, (447.44159585237503, 581.6067352294922)
0.015767591074109077, (610.5797889232635, 432.4317616224289)
0.01564215123653412, (616.1979580521584, 521.7070845365524)
0.015633579343557358, (560.5913581848145, 475.8082194328308)
0.01562424749135971, (608.3781068325043, 529.658848285675)
0.015613015741109848, (473.5749559998512, 509.41873490810394)
0.01559071708470583, (646.9902465343475, 512.4830814599991)
0.015575156547129154, (525.2874253988266, 419.22161507606506)
0.015570566058158875, (533.1467747688293, 421.14825439453125)
0.015568607486784458, (481.09813863039017, 545.7927356958389)
0.015566971153020859, (481.91326677799225, 540.3317806720734)
0.015553982928395271, (481.30201333761215, 743.9717688560486)
0.01553360465914011, (620.992061495781, 629.6625995635986)
0.01547866128385067, (434.4091420173645, 617.5740830898285)
0.01546495221555233, (576.0064689517021, 466.11916959285736)
0.015461964532732964, (623.3320488929749, 633.8222572803497)
0.015428419224917889, (589.2048644423485, 776.504558801651)
0.015409079380333424, (605.7372497916222, 680.4814331531525)
0.01537405140697956, (575.4116902351379, 566.5872927904129)
0.01536581665277481, (542.4242271780968, 410.92441070079803)
