0.09315542131662369, (169.07174587249756, 771.5459113121033)
0.09291760623455048, (164.43167924880981, 770.9973146915436)
0.07034576684236526, (165.56379795074463, 772.55404317379)
0.05776330456137657, (182.98873901367188, 769.3156183958054)
0.05550193786621094, (167.26332902908325, 768.2416468858719)
0.05103502795100212, (161.67171001434326, 771.8620221614838)
0.04920591413974762, (180.74138164520264, 736.086327791214)
0.04916989803314209, (179.91124391555786, 732.0832637548447)
0.0489673838019371, (186.8544578552246, 728.8700070381165)
0.04769135266542435, (167.27750301361084, 757.1450822353363)
0.04604018107056618, (170.3110933303833, 772.6244466304779)
0.04262452945113182, (181.53977394104004, 767.9351334571838)
0.04198933392763138, (199.98188018798828, 765.940749168396)
0.04116843268275261, (157.908034324646, 771.2128875255585)
0.040182217955589294, (183.52768421173096, 779.7939883470535)
0.037502091377973557, (169.44197416305542, 779.5536501407623)
0.035964686423540115, (174.67358112335205, 764.0324732065201)
0.03536006435751915, (178.94859313964844, 401.8173933625221)
0.03506919741630554, (178.14176082611084, 777.7524223327637)
0.03410223126411438, (177.01795101165771, 401.8187692165375)
0.03359680250287056, (178.63192558288574, 402.7386115193367)
0.029576946049928665, (208.16211700439453, 762.6884316205978)
0.02955007739365101, (201.07274055480957, 779.332305431366)
0.029380008578300476, (232.03682899475098, 749.042241692543)
0.028291746973991394, (240.1623249053955, 762.5491683483124)
0.028270801529288292, (218.24944019317627, 778.1237015724182)
0.027632953599095345, (139.02641534805298, 716.3559100627899)
0.027253497391939163, (182.10349082946777, 401.589236497879)
0.02724936418235302, (136.24991178512573, 717.4272640943527)
0.02723792754113674, (19.479887187480927, 917.8057032823563)
0.026010747998952866, (216.4609432220459, 764.028446316719)
0.025691788643598557, (170.89581489562988, 399.9346881508827)
0.025614580139517784, (26.98451280593872, 914.0717025995255)
0.02518574893474579, (232.6075792312622, 766.8230407238007)
0.024935979396104813, (183.37979316711426, 790.1932299137115)
0.024506645277142525, (130.24338483810425, 719.9744732379913)
0.024445049464702606, (130.77845573425293, 714.0631332397461)
0.02430146001279354, (140.02552032470703, 711.6508920192719)
0.024228913709521294, (67.6949679851532, 733.5693874359131)
0.02399653010070324, (177.0944118499756, 789.1208020448685)
0.023820552974939346, (264.3619775772095, 589.917006611824)
0.023792030289769173, (186.5342140197754, 396.7788146138191)
0.02369178645312786, (265.2569532394409, 575.2245635986328)
0.02348506450653076, (208.9834690093994, 791.8786846399307)
0.02347656898200512, (146.91919088363647, 804.7115099430084)
0.023469673469662666, (162.46930360794067, 671.1872267723083)
0.023359252139925957, (112.20766305923462, 732.1722580194473)
0.02328484132885933, (153.89245748519897, 780.7549384832382)
0.022798676043748856, (143.43500137329102, 732.4707847833633)
0.022714944556355476, (171.4725375175476, 670.8995726108551)
0.02270418033003807, (234.94341373443604, 779.3674064874649)
0.022360127419233322, (88.91812562942505, 717.6687432527542)
0.02217455953359604, (153.19136381149292, 715.6285195350647)
0.02207900770008564, (27.52872407436371, 773.4241869449615)
0.02203982137143612, (283.12435150146484, 738.3812522888184)
0.02164442464709282, (163.28543424606323, 664.537153840065)
0.02163917012512684, (247.9813575744629, 580.1411275863647)
0.02158885821700096, (72.00537919998169, 729.1983327865601)
0.02140289731323719, (172.86546230316162, 402.6093483567238)
0.021271172910928726, (71.9264268875122, 717.3387396335602)
0.021190952509641647, (144.4425344467163, 761.369490981102)
0.021173162385821342, (247.85163402557373, 764.4654980897903)
0.021013952791690826, (112.46016025543213, 760.9290834665298)
0.02093818411231041, (249.21255111694336, 600.6356476545334)
0.020886819809675217, (71.71117067337036, 685.8914148807526)
0.02069922909140587, (27.44108736515045, 917.6376477479935)
0.020655537024140358, (150.39000511169434, 773.9529846906662)
0.020587002858519554, (136.2541913986206, 702.3386422395706)
0.020494187250733376, (104.08790111541748, 745.6336808204651)
0.020430268719792366, (239.51001167297363, 790.2924927473068)
0.02027440257370472, (248.02627563476562, 591.2778269052505)
0.020220233127474785, (72.07520008087158, 702.552268743515)
0.019953250885009766, (248.37870597839355, 564.1392071247101)
0.019881442189216614, (150.17098188400269, 579.1324588060379)
0.019765904173254967, (111.39870882034302, 698.8970608711243)
0.019752759486436844, (121.51318788528442, 605.2032816410065)
0.019706804305315018, (271.36833667755127, 603.6610499620438)
0.019685622304677963, (273.199725151062, 761.7160048484802)
0.019587770104408264, (138.5953187942505, 586.5463656187057)
0.019463662058115005, (153.50271463394165, 791.8957989215851)
0.01944275200366974, (182.58367776870728, 387.4682427048683)
0.01941298320889473, (138.97746801376343, 783.0598630905151)
0.019346682354807854, (153.8105010986328, 803.7955938577652)
0.019292738288640976, (283.4952116012573, 729.5561890602112)
0.019271036610007286, (87.7418041229248, 745.4995182752609)
0.019108237698674202, (136.54049634933472, 603.3120528459549)
0.01901828497648239, (247.1900463104248, 778.872770190239)
0.019013557583093643, (88.22765350341797, 703.9146326780319)
0.018858058378100395, (105.15986680984497, 760.9090832471848)
0.01871558465063572, (27.029043436050415, 908.3919758796692)
0.01869693584740162, (222.45101928710938, 568.0598541498184)
0.018631651997566223, (220.5639362335205, 565.8979512453079)
0.01861182227730751, (135.41407585144043, 589.82271027565)
0.018396098166704178, (150.40416717529297, 590.352581858635)
0.018375245854258537, (240.9489870071411, 604.3116611242294)
0.018357958644628525, (212.33491897583008, 639.0539213418961)
0.018229590728878975, (19.60272192955017, 909.1356081962585)
0.01814250275492668, (289.74316120147705, 744.7250131368637)
0.018038824200630188, (279.55360412597656, 734.6669833660126)
0.01794116385281086, (151.43874883651733, 651.545870423317)
0.017939332872629166, (262.91050910949707, 617.7667080163956)
0.01792924478650093, (282.75060653686523, 745.5956267118454)
0.01785152219235897, (271.47014141082764, 576.7037744522095)
0.01775069162249565, (209.942626953125, 576.933508515358)
0.01766720600426197, (91.0959005355835, 559.5775463581085)
0.017588043585419655, (274.22072887420654, 627.9542022943497)
0.01752154529094696, (120.51845788955688, 729.2944412231445)
0.017339343205094337, (104.16070222854614, 730.8373440504074)
0.017305755987763405, (217.99094676971436, 634.6405843496323)
0.01719064824283123, (232.05111026763916, 591.0868180990219)
0.01709045097231865, (55.89867830276489, 716.2976543903351)
0.017080696299672127, (295.943284034729, 733.5973743200302)
0.016958920285105705, (103.97285223007202, 702.6301890611649)
0.01688305102288723, (120.14600038528442, 702.1616604328156)
0.016717201098799706, (279.02886867523193, 574.6311342716217)
0.01665322110056877, (104.15667295455933, 715.8642268180847)
0.016613949090242386, (122.68284559249878, 762.4464826583862)
0.01660752296447754, (278.8090705871582, 617.6603310108185)
0.01655859686434269, (240.9672498703003, 576.5786052942276)
0.01655031368136406, (234.13033485412598, 579.5497117042542)
0.0165226049721241, (79.34070825576782, 728.7121529579163)
0.0165011715143919, (27.534392476081848, 768.7670217752457)
0.016427500173449516, (234.15462970733643, 564.786731004715)
0.016279537230730057, (218.7971830368042, 562.8690925240517)
0.016274819150567055, (177.84223556518555, 574.8510695695877)
0.016273224726319313, (168.08712482452393, 604.4045480489731)
0.016255874186754227, (19.73947286605835, 779.2222371101379)
0.01620628498494625, (120.61350345611572, 745.0848828554153)
0.016169119626283646, (278.9593696594238, 587.7125529050827)
0.016139458864927292, (280.1865339279175, 560.8185331225395)
0.016032299026846886, (23.120148479938507, 911.0993210077286)
0.016020290553569794, (79.44656610488892, 698.4361833333969)
0.015944017097353935, (75.13533234596252, 733.2060948610306)
0.01587359793484211, (206.92856311798096, 634.0240675210953)
0.01586824283003807, (244.51372623443604, 591.2300411462784)
0.01584927923977375, (208.79433155059814, 666.9940935373306)
0.015731025487184525, (233.5427761077881, 619.044909954071)
0.015713337808847427, (263.15016746520996, 604.3030704259872)
0.0156741663813591, (272.33667373657227, 631.6512227058411)
0.015646468847990036, (136.1067533493042, 632.9738546609879)
0.015626931563019753, (144.2725658416748, 634.3676954507828)
0.015580042265355587, (154.94872331619263, 581.6324862241745)
0.015557407401502132, (19.490045309066772, 776.5135496854782)
0.01551517378538847, (115.66296815872192, 639.0611026287079)
0.015493609011173248, (215.5109405517578, 775.3807184696198)
0.015434013679623604, (265.3622627258301, 683.3150779008865)
0.015364173799753189, (266.66903495788574, 630.6583259105682)
0.015321402810513973, (241.01450443267822, 823.1368126869202)
0.015296108089387417, (168.7800168991089, 618.3408753871918)
0.015121713280677795, (250.97942352294922, 601.4267301559448)
0.015110085718333721, (283.73863697052, 662.8160611391068)
0.015098481439054012, (297.2094774246216, 493.76521384716034)
0.01508322823792696, (280.68904876708984, 480.7621517777443)
0.01500280573964119, (184.39512252807617, 410.6533963084221)
0.014969399198889732, (55.707478523254395, 732.1936676502228)
0.014951959252357483, (265.6175374984741, 542.2588664889336)
0.014916310086846352, (296.4046239852905, 479.23700082302094)
0.014911210164427757, (103.66051197052002, 554.7944066524506)
0.014896397478878498, (263.31965923309326, 779.4970723390579)
0.014840305782854557, (55.91315031051636, 701.5033981800079)
0.014712347649037838, (199.52882528305054, 398.2506763935089)
0.014692343771457672, (177.77936458587646, 636.2311387062073)
0.014578036032617092, (71.84957265853882, 669.9163403511047)
0.01448346022516489, (23.38361293077469, 896.9209775924683)
0.014444328844547272, (303.3713102340698, 752.0312677621841)
0.014421341940760612, (56.027138233184814, 686.3157148361206)
0.014289138838648796, (295.8716154098511, 748.869286775589)
0.014273806475102901, (39.52271342277527, 793.5693072080612)
0.014269943349063396, (145.25117874145508, 604.9761650562286)
0.014235205948352814, (275.63843727111816, 481.3253458738327)
0.014232611283659935, (239.87205028533936, 634.7537399530411)
0.014185456559062004, (59.265077114105225, 673.3580559492111)
0.014175343327224255, (176.76219940185547, 603.9706506729126)
0.014162841252982616, (290.30447006225586, 751.8111982345581)
0.014129911549389362, (175.29947757720947, 667.9714196920395)
0.014107000082731247, (87.23505735397339, 732.8013924360275)
0.01401287317276001, (278.4541845321655, 604.0464904308319)
0.013958320952951908, (248.64003658294678, 827.2841064929962)
0.01388174295425415, (23.461323976516724, 779.8576803207397)
0.013852453790605068, (143.92030239105225, 574.5520730018616)
0.013811917044222355, (119.85275745391846, 684.8454302549362)
0.013786680996418, (295.1869249343872, 587.3781868219376)
0.013772152364253998, (243.3201789855957, 563.416380405426)
0.013719434849917889, (83.82488489151001, 11.725376076996326)
0.01371048204600811, (240.6111240386963, 664.4598375558853)
0.013708734884858131, (19.86549347639084, 920.5701631307602)
0.013640152290463448, (47.64031171798706, 728.8333623409271)
0.013583945110440254, (303.06005477905273, 632.2552561759949)
0.013570381328463554, (250.62079429626465, 579.2341377735138)
0.013515437953174114, (213.16964626312256, 716.7445720434189)
0.013443519361317158, (215.24922847747803, 653.1896468400955)
0.01343065407127142, (305.8267116546631, 760.8023035526276)
0.013429074548184872, (87.9112958908081, 558.9280090332031)
0.013416016474366188, (154.86918687820435, 773.7788217067719)
0.013405885547399521, (272.10984230041504, 543.0631034970284)
0.013337573036551476, (46.52864933013916, 699.0388745069504)
0.013323781080543995, (92.09897518157959, 775.5420625209808)
0.013237587176263332, (105.11789321899414, 606.5400077104568)
0.013228876516222954, (27.489513158798218, 286.2280048727989)
0.013226667419075966, (146.06841802597046, 790.7550481557846)
0.013225222937762737, (169.26286220550537, 571.4888179302216)
0.013215986080467701, (313.2167100906372, 480.6729226112366)
0.013168257661163807, (302.9707908630371, 575.6273868083954)
0.01314575131982565, (91.66186451911926, 11.569455742835999)
0.013139492832124233, (304.0742874145508, 730.513716340065)
0.013103241100907326, (38.889503479003906, 908.4543926715851)
0.013083030469715595, (280.89332580566406, 666.2618036270142)
0.01301942951977253, (43.61567497253418, 608.4983513355255)
0.013018774800002575, (91.78013801574707, 713.3729243278503)
0.013010512106120586, (276.8136262893677, 650.9017022848129)
0.012998509220778942, (305.062198638916, 664.9215204715729)
0.01299823448061943, (27.926132082939148, 923.0263645648956)
0.012961908243596554, (310.8992099761963, 749.2586870193481)
0.012940770015120506, (277.1982431411743, 591.7369594573975)
0.01293991133570671, (311.93954944610596, 493.6390379667282)
0.012896668165922165, (294.89338397979736, 573.0719225406647)
0.012870785780251026, (23.406803607940674, 881.1461737155914)
0.012864201329648495, (278.0608892440796, 775.2770260572433)
0.01282895915210247, (266.0627841949463, 480.2296962738037)
0.012828541919589043, (72.54475355148315, 586.3146852254868)
0.012805881910026073, (303.17609310150146, 604.7596526145935)
0.0127885015681386, (296.4895963668823, 506.50219917297363)
0.012786197476089, (119.64173316955566, 541.4647302627563)
0.012731203809380531, (186.4858627319336, 602.8029197454453)
0.012701021507382393, (68.0476188659668, 11.771909724920988)
0.01267590094357729, (273.03335666656494, 823.0519124269485)
0.012656492181122303, (103.72710227966309, 683.7664922475815)
0.012638294138014317, (99.27268028259277, 11.619141690433025)
0.01263597421348095, (72.20759987831116, 604.5834761857986)
0.012595891021192074, (80.79711198806763, 760.2173978090286)
0.012572540901601315, (34.7724050283432, 912.070942401886)
0.01255184505134821, (47.60044813156128, 759.6928954124451)
0.012529371306300163, (168.4126615524292, 476.5102930665016)
0.012476908974349499, (23.382365703582764, 921.8250762224197)
0.012428026646375656, (74.82315301895142, 546.690592944622)
0.012406964786350727, (151.73633098602295, 716.2723520994186)
0.012394344434142113, (136.25946044921875, 509.36672723293304)
0.012372673489153385, (116.37952327728271, 613.8251211643219)
0.0123561667278409, (23.377519845962524, 768.4587633609772)
0.012260339222848415, (170.5447554588318, 22.99406509846449)
0.012255027890205383, (111.7678165435791, 574.7155647277832)
0.0122041255235672, (11.577731370925903, 917.3469734191895)
0.012188339605927467, (39.90057706832886, 763.4633394479752)
0.012115380726754665, (30.45375943183899, 712.1925758123398)
0.012110307812690735, (11.70569509267807, 910.1406527757645)
0.012079296633601189, (19.42928582429886, 287.77033722400665)
0.012071525678038597, (28.120145201683044, 794.5607274770737)
0.012065981514751911, (327.4989128112793, 478.0138330459595)
0.012051292695105076, (87.86858320236206, 544.7076517343521)
0.012031949125230312, (200.54924488067627, 22.801017679274082)
0.01196211762726307, (203.66525650024414, 587.42718064785)
0.011813648976385593, (200.23586750030518, 383.5363203883171)
0.011773542501032352, (216.75090789794922, 591.538702249527)
0.011740222573280334, (282.4361324310303, 620.6216386556625)
0.011694964952766895, (266.24176502227783, 648.4346282482147)
0.01167907565832138, (112.76391744613647, 633.8311123847961)
0.011626937426626682, (328.7954568862915, 22.88707147538662)
0.011601106263697147, (296.5193510055542, 242.28651624917984)
0.011536644771695137, (296.43657207489014, 650.7311635017395)
0.011498106643557549, (30.63918948173523, 778.7169295549393)
0.011485697701573372, (298.1647729873657, 22.965126022696495)
0.01144689042121172, (344.3639039993286, 668.1202132701874)
0.011436162516474724, (39.940592646598816, 698.4432975053787)
0.011393100954592228, (27.711400389671326, 515.6796823740005)
0.011333714239299297, (88.50607872009277, 603.9085023403168)
0.011320924386382103, (233.94417762756348, 22.924265675246716)
0.011283120140433311, (280.29425144195557, 242.0534600019455)
0.011260413564741611, (137.571918964386, 22.804885171353817)
0.011235281825065613, (39.60714340209961, 778.2826966047287)
0.011038118042051792, (39.72145915031433, 668.7895494699478)
0.010964001528918743, (20.199859142303467, 925.6299501657486)
0.010908576659858227, (120.12789249420166, 526.2740267515182)
0.010871103964745998, (359.49225425720215, 543.6023711562157)
0.010866090655326843, (56.20752573013306, 602.656676530838)
0.010832750238478184, (88.49282264709473, 842.661993265152)
0.010829874314367771, (239.92257118225098, 853.8613107204437)
0.010813954286277294, (30.482083559036255, 649.3569873571396)
0.01080663688480854, (153.70306968688965, 22.918774843215942)
0.01079384982585907, (27.942752838134766, 929.2382447719574)
0.010746232233941555, (39.56843614578247, 509.72887885570526)
0.010717043653130531, (35.0430428981781, 918.0612094402313)
0.010703321546316147, (250.83842277526855, 830.7319966554642)
0.010694291442632675, (312.01093196868896, 558.6120659708977)
0.010692966170608997, (83.76575708389282, 19.049791555851698)
0.010685089975595474, (208.29169750213623, 417.34877175092697)
0.010679510422050953, (88.85728120803833, 22.858423929661512)
0.010649627074599266, (23.60411137342453, 681.1270002126694)
0.010645357891917229, (313.5852575302124, 22.963959902524948)
0.010631194338202477, (226.81236267089844, 11.748349273577332)
0.010609769262373447, (104.06132936477661, 527.0983982086182)
0.010592115111649036, (227.78630256652832, 846.5084784030914)
0.0105918999761343, (249.05848503112793, 843.4235452413559)
0.01055073831230402, (15.560543537139893, 887.3593962192535)
0.010539066046476364, (329.919171333313, 557.6775926351547)
0.010538309812545776, (174.9788999557495, 416.3406734466553)
0.010487611405551434, (311.52238845825195, 573.8737434148788)
0.010485434904694557, (111.51440143585205, 539.4230971336365)
0.010480780154466629, (313.56515884399414, 19.60201447457075)
0.01041296124458313, (424.13721084594727, 762.3125885725021)
0.010369041934609413, (87.80862092971802, 827.2738379240036)
