0.28279367089271545, (551.7969131469727, 606.70506554842)
0.24175041913986206, (551.7240524291992, 606.6498469114304)
0.22769899666309357, (550.5513668060303, 606.9545238614082)
0.15878580510616302, (552.8762340545654, 607.1366370916367)
0.12832359969615936, (551.9100189208984, 605.9950188398361)
0.12283804267644882, (551.3484477996826, 606.7054264545441)
0.1137869656085968, (549.6287822723389, 607.0342841148376)
0.08466878533363342, (550.5034923553467, 608.4789191484451)
0.049021895974874496, (551.870584487915, 598.2539433836937)
0.04316991940140724, (566.0444259643555, 597.6264719963074)
0.036209553480148315, (565.4669761657715, 607.8396100401878)
0.03568800166249275, (542.5511837005615, 607.6408229470253)
0.03507388010621071, (541.3029193878174, 604.1944581866264)
0.034744635224342346, (500.6072998046875, 532.6750991046429)
0.03395910561084747, (502.2878646850586, 522.6245492696762)
0.03375779092311859, (491.7200565338135, 532.4817616939545)
0.0328042171895504, (487.33677864074707, 577.3971062898636)
0.03247959166765213, (619.5022583007812, 554.5496553778648)
0.032287683337926865, (505.2696704864502, 543.7592840790749)
0.0316302590072155, (490.9073829650879, 557.4202305078506)
0.03140889108181, (555.255937576294, 612.4213132858276)
0.03102966398000717, (556.4480781555176, 605.9195172786713)
0.030997851863503456, (343.9286708831787, 610.0948402285576)
0.029753660783171654, (341.1755561828613, 610.8846471905708)
0.029705729335546494, (468.5373783111572, 616.742225766182)
0.0293890368193388, (332.5567960739136, 778.7819295525551)
0.029247693717479706, (472.3083972930908, 574.2836413383484)
0.028392145410180092, (347.43499755859375, 611.8153519034386)
0.028247898444533348, (336.4959955215454, 777.9200135469437)
0.028084859251976013, (527.2490978240967, 584.930408090353)
0.02807479351758957, (627.6610374450684, 553.1539953052998)
0.028060492128133774, (494.4164752960205, 557.7852509617805)
0.02791411243379116, (338.94331455230713, 776.1278980970383)
0.02776576578617096, (486.7820739746094, 532.7196710109711)
0.027356524020433426, (487.8052234649658, 521.7360705733299)
0.027336928993463516, (495.47481536865234, 582.9369431138039)
0.026721110567450523, (491.4695739746094, 531.8320223987103)
0.02653447724878788, (345.098876953125, 611.6081196069717)
0.02633894979953766, (351.2491226196289, 614.0049693584442)
0.02628547139465809, (408.4831237792969, 661.3225051164627)
0.025968197733163834, (503.0512809753418, 529.415719807148)
0.025868147611618042, (496.36778831481934, 531.7290197908878)
0.025569021701812744, (376.26631259918213, 645.4814691543579)
0.02552044577896595, (621.73752784729, 553.3458530008793)
0.02514941245317459, (406.4657211303711, 669.9911814928055)
0.024997541680932045, (486.82847023010254, 533.2957854568958)
0.02482249028980732, (499.0255355834961, 612.4368322491646)
0.0247966218739748, (424.22895431518555, 423.7692941725254)
0.02469031699001789, (477.0463466644287, 499.1243635416031)
0.024670837447047234, (464.2777919769287, 647.4718664288521)
0.024450644850730896, (503.5961151123047, 571.0978147089481)
0.024437161162495613, (482.4357032775879, 576.5053433477879)
0.024370405822992325, (339.5497798919678, 775.5592544078827)
0.02434413880109787, (478.25050354003906, 510.7697936296463)
0.024125725030899048, (489.674711227417, 589.0521725714207)
0.023723799735307693, (489.05835151672363, 573.5235369503498)
0.023496486246585846, (474.20387268066406, 590.4333963990211)
0.023220056667923927, (520.4091548919678, 542.9677447676659)
0.02305721864104271, (527.513313293457, 560.8322730958462)
0.02293483540415764, (437.42284774780273, 618.6141014695168)
0.02289605885744095, (630.4054260253906, 551.6106163561344)
0.02284667082130909, (587.6349449157715, 579.9081828296185)
0.022484716027975082, (379.8898935317993, 660.2495312094688)
0.02234184555709362, (466.14789962768555, 582.5693963170052)
0.02220269851386547, (500.79102516174316, 619.8843466639519)
0.022183381021022797, (490.5062198638916, 527.446652084589)
0.02207154408097267, (476.51257514953613, 507.4293909072876)
0.02165314555168152, (559.0538501739502, 604.1618322730064)
0.021629728376865387, (495.2108383178711, 533.2407472729683)
0.021507572382688522, (425.59332847595215, 430.4264963567257)
0.02137412317097187, (492.183780670166, 529.840217590332)
0.02119598723948002, (434.30652618408203, 649.9284100532532)
0.02111727185547352, (496.2472915649414, 611.0932509303093)
0.020885372534394264, (475.3485679626465, 577.1776031851768)
0.020808836445212364, (615.3623580932617, 552.8273752629757)
0.02069740742444992, (438.16823959350586, 427.1874360740185)
0.020641053095459938, (578.18603515625, 605.6801643371582)
0.020240427926182747, (504.55427169799805, 525.5643822848797)
0.02004714123904705, (626.2343406677246, 549.2093274593353)
0.019980043172836304, (463.8556480407715, 557.1344650387764)
0.019971497356891632, (330.76157569885254, 778.2533464431763)
0.01993768848478794, (475.00147819519043, 514.9282983541489)
0.0196289774030447, (393.8267707824707, 660.5340695977211)
0.019289210438728333, (539.0582084655762, 666.206575512886)
0.01923658698797226, (589.4113063812256, 587.9916499257088)
0.019230464473366737, (552.4121284484863, 607.9791363477707)
0.01921934261918068, (435.2552890777588, 556.1203910112381)
0.019047919660806656, (392.34676361083984, 646.0138778686523)
0.01902765966951847, (406.13393783569336, 603.7090394496918)
0.018865475431084633, (348.2449769973755, 771.9789934754372)
0.018735481426119804, (399.58391189575195, 650.8002148866653)
0.01870463229715824, (469.6828365325928, 506.01001930236816)
0.018623309209942818, (379.92587089538574, 650.7975441813469)
0.018619997426867485, (490.27533531188965, 563.7307101786137)
0.01850397326052189, (498.17662239074707, 535.5444832444191)
0.01832091063261032, (337.23249435424805, 609.5251138210297)
0.018253495916724205, (461.8655204772949, 512.4040126502514)
0.01782987266778946, (409.00235176086426, 668.3562045693398)
0.01778322085738182, (413.36092948913574, 423.10937732458115)
0.01778126321732998, (436.5720272064209, 435.41111519932747)
0.017741018906235695, (327.91121006011963, 775.1557613611221)
0.017692388966679573, (424.4915962219238, 433.66256111860275)
0.017628131434321404, (567.7351474761963, 646.9312290549278)
0.01761440373957157, (419.2073345184326, 671.454583644867)
0.017553364858031273, (634.2934608459473, 562.186862051487)
0.01753733679652214, (616.3182258605957, 998.6308544874191)
0.0174422487616539, (342.44911670684814, 612.723752617836)
0.017365003004670143, (524.2647171020508, 600.1438643932343)
0.017357876524329185, (464.3226623535156, 665.1288376450539)
0.01730402745306492, (453.54857444763184, 446.0837228298187)
0.01709040440618992, (520.7119941711426, 560.0334795713425)
0.017041131854057312, (496.36664390563965, 643.5122931599617)
0.017030296847224236, (386.5631580352783, 657.2650541067123)
0.016958007588982582, (537.4854564666748, 650.7218260765076)
0.016943981871008873, (441.66107177734375, 639.7437835931778)
0.016778724268078804, (339.9327754974365, 613.263668179512)
0.016738785430788994, (330.11653423309326, 781.6820268034935)
0.01668439991772175, (380.4567813873291, 657.0366727113724)
0.016607142984867096, (469.3809986114502, 503.79004964232445)
0.016566161066293716, (331.7929744720459, 778.6030644774437)
0.016502540558576584, (436.795711517334, 419.17106142640114)
0.01632833667099476, (358.51333141326904, 611.4677993059158)
0.0163057129830122, (280.52804470062256, 729.3255197405815)
0.016254890710115433, (372.0148801803589, 648.8151590228081)
0.016099369153380394, (611.5524768829346, 552.3569341301918)
0.016084888949990273, (461.20171546936035, 564.7377465367317)
0.01608150824904442, (343.77167224884033, 598.3200252950191)
0.01588970236480236, (387.16726303100586, 481.63633248209953)
0.015772202983498573, (548.3142852783203, 608.9228336811066)
0.015715129673480988, (523.0231761932373, 669.9114934206009)
0.015701444819569588, (522.1845626831055, 655.0903059840202)
0.015591328963637352, (627.3369312286377, 553.6777783632278)
0.015474730171263218, (417.72732734680176, 672.5896334052086)
0.015449403785169125, (447.133731842041, 442.5483947098255)
0.015429405495524406, (433.396053314209, 679.4812080264091)
0.015420244075357914, (387.54191398620605, 485.5152071416378)
0.015285604633390903, (469.071626663208, 584.1831880509853)
0.015245585702359676, (392.9432153701782, 562.3095340430737)
0.015239259228110313, (466.2613868713379, 676.5661692619324)
0.01522478275001049, (558.0036163330078, 638.1210052967072)
0.015073195099830627, (457.09872245788574, 495.6757250726223)
0.015064544975757599, (395.33400535583496, 658.2771070599556)
0.015005717054009438, (455.6727409362793, 639.2901245951653)
0.014916282147169113, (343.44942569732666, 783.1669389605522)
0.014915966428816319, (409.39855575561523, 418.9694953560829)
0.014898831956088543, (634.8632335662842, 548.6687622666359)
0.014877081848680973, (403.76477241516113, 724.2068603634834)
0.014860857278108597, (353.2809019088745, 618.6288986206055)
0.014842557720839977, (635.9753131866455, 541.5815404355526)
0.014758738689124584, (294.20132637023926, 721.5554996132851)
0.014651822857558727, (415.0541305541992, 672.0530381798744)
0.014584318734705448, (379.1454315185547, 484.0479072034359)
0.014567293226718903, (520.1598644256592, 661.206582069397)
0.01453394629061222, (333.30419063568115, 609.4370527267456)
0.014507035724818707, (551.511812210083, 653.7403005361557)
0.014493795111775398, (429.36487197875977, 436.4661520719528)
0.014446025714278221, (433.1517219543457, 436.55031538009644)
0.014420759864151478, (407.8595161437988, 648.8569519519806)
0.01440443005412817, (440.40637016296387, 653.9914911985397)
0.014375435188412666, (463.4239196777344, 486.3977308869362)
0.014345522969961166, (415.5244827270508, 429.02278807759285)
0.014181002974510193, (373.13151359558105, 678.4612873196602)
0.014130311086773872, (283.53259563446045, 729.5833510756493)
0.014125887304544449, (363.0026340484619, 562.4291383326054)
0.014121332205832005, (461.95340156555176, 600.7231909036636)
0.014072587713599205, (401.83568000793457, 659.9313563704491)
0.014051157049834728, (400.2842903137207, 707.0509712100029)
0.01404593139886856, (461.7076873779297, 536.957322448492)
0.014022831805050373, (394.0970182418823, 484.12813663482666)
0.013850928284227848, (392.8168773651123, 476.4813659489155)
0.013832814060151577, (382.07406997680664, 488.75433960556984)
0.013831142336130142, (396.2646007537842, 480.3873085677624)
0.013820070773363113, (542.318058013916, 607.8170894980431)
0.013809818774461746, (439.9607181549072, 439.39176538586617)
0.01380210742354393, (616.4856910705566, 1004.7404899001122)
0.013797168619930744, (490.2228832244873, 655.3003533482552)
0.013640472665429115, (376.69382095336914, 564.2608451843262)
0.013608194887638092, (431.7841053009033, 576.4921341836452)
0.013585165143013, (456.47873878479004, 447.7624776661396)
0.01354996394366026, (519.3930625915527, 542.3708782196045)
0.013546726666390896, (443.320894241333, 514.305338293314)
0.013542572036385536, (432.4763298034668, 523.9473784863949)
0.013541114516556263, (552.060079574585, 665.9274507164955)
0.01353104691952467, (403.7290573120117, 588.1039639115334)
0.013508286327123642, (440.5533790588379, 668.2643900513649)
0.013484751805663109, (288.4255647659302, 725.6966086626053)
0.013484034687280655, (439.68281745910645, 443.9595376551151)
0.013470626436173916, (410.01477241516113, 577.1646827459335)
0.013455483131110668, (410.78953742980957, 422.4171232879162)
0.013452483341097832, (402.1648406982422, 553.7114148139954)
0.013450262136757374, (277.9507637023926, 726.9805682897568)
0.013441742397844791, (411.7178440093994, 412.5498054921627)
0.013391911052167416, (391.6317939758301, 662.8831353783607)
0.013376830145716667, (582.151460647583, 278.0399847626686)
0.013345468789339066, (418.9467430114746, 421.75168457627296)
0.013320716097950935, (419.3732738494873, 427.0592061281204)
0.013317570090293884, (445.9869861602783, 437.12029442191124)
0.013310184702277184, (401.47948265075684, 483.9637438952923)
0.013175496831536293, (401.97911262512207, 680.3507752418518)
0.013154767453670502, (431.6326141357422, 423.7367043495178)
0.013135449960827827, (387.27612495422363, 490.174036026001)
0.013132866472005844, (426.6319751739502, 543.7960604131222)
0.013120721094310284, (360.18083095550537, 767.4638413190842)
0.013113239780068398, (458.0711841583252, 514.5721922814846)
0.013044791296124458, (378.9441108703613, 576.9009325504303)
0.012992857955396175, (546.8296051025391, 609.6678161025047)
0.012991953641176224, (422.6292610168457, 436.4023077785969)
0.01296454481780529, (368.28413009643555, 620.5274091959)
0.012962122447788715, (572.2551822662354, 279.5959773808718)
0.012944065034389496, (325.37667751312256, 780.4413759112358)
0.01291364524513483, (338.4392023086548, 776.6114401221275)
0.012771938927471638, (392.1825408935547, 482.3066434264183)
0.012737409211695194, (527.4252891540527, 644.5803587436676)
0.012711207382380962, (386.2375259399414, 661.650640964508)
0.012708712369203568, (425.3148078918457, 512.2700803875923)
0.012705404311418533, (442.11363792419434, 829.7479375004768)
0.012699417769908905, (611.1180782318115, 1001.2288011312485)
0.012693332508206367, (433.59646797180176, 434.0195694565773)
0.012616143561899662, (566.5924549102783, 278.64558523893356)
0.012587561272084713, (458.07223320007324, 654.1637156009674)
0.012536287307739258, (401.15795135498047, 666.0433737635612)
0.012528285384178162, (623.277997970581, 555.7435328364372)
0.012500006705522537, (623.6865997314453, 583.4822000861168)
0.012458039447665215, (442.5018787384033, 442.6242932677269)
0.012430813163518906, (584.6909523010254, 667.8229296803474)
0.012391258031129837, (295.723819732666, 706.4501346945763)
0.01235260535031557, (403.4212589263916, 519.5862971544266)
0.012315649539232254, (493.5055732727051, 489.33557891845703)
0.012311148457229137, (377.9395341873169, 494.5831900537014)
0.012279259972274303, (426.4847755432129, 652.4897608160973)
0.012276656925678253, (409.42416191101074, 478.7527286410332)
0.012251772917807102, (355.5406093597412, 638.4637217521667)
0.012180234305560589, (618.1187152862549, 1003.8624774813652)
0.012171071022748947, (409.07678604125977, 526.7261030077934)
0.012162977829575539, (433.11872482299805, 737.4644581079483)
0.01204927172511816, (381.21113777160645, 664.8079199194908)
0.012040124274790287, (433.08610916137695, 484.9113029241562)
0.011972317472100258, (575.9692192077637, 274.36229722201824)
0.011949742212891579, (591.5968418121338, 645.6445265412331)
0.011931274086236954, (407.8467845916748, 697.3140127062798)
0.011911025270819664, (408.5855484008789, 407.5946004986763)
0.011875509284436703, (648.3675003051758, 546.4540257453918)
0.011834581382572651, (432.5007915496826, 451.72389155626297)
0.011789641343057156, (471.7179775238037, 384.22170636057854)
0.011742431670427322, (439.92419242858887, 404.6943227946758)
0.011733166873455048, (290.79747200012207, 721.7640311717987)
0.011671164073050022, (426.2788772583008, 527.3557759225368)
0.011650864034891129, (426.51829719543457, 666.8400379419327)
0.011631650850176811, (392.1225070953369, 495.682365745306)
0.011607242748141289, (585.3974342346191, 418.0699368417263)
0.01158942747861147, (730.0854682922363, 1187.7117383480072)
0.011533144861459732, (465.33970832824707, 708.3638755083084)
0.011522026732563972, (295.8296298980713, 733.4841688275337)
0.011516093276441097, (585.5983257293701, 782.1635477542877)
0.011490056291222572, (402.4728298187256, 413.7310873270035)
0.011428398080170155, (334.42933559417725, 780.2717500329018)
0.011416907422244549, (426.82409286499023, 673.3488355278969)
0.011413446627557278, (402.09102630615234, 663.7353790998459)
0.011353601701557636, (570.3552722930908, 416.49068382382393)
0.011286999098956585, (570.4452991485596, 275.11900909245014)
0.011217216961085796, (586.9248867034912, 422.2295242846012)
0.011184758506715298, (281.2814235687256, 736.6454177498817)
0.0111047038808465, (401.5255928039551, 485.7301267385483)
0.011086396872997284, (666.0325050354004, 570.6411601901054)
0.011022049933671951, (313.76659870147705, 702.7631899118423)
0.011007074266672134, (369.047474861145, 588.5181036889553)
0.01098107360303402, (470.2502250671387, 368.98233699798584)
0.010855927132070065, (578.0001640319824, 279.17997893691063)
0.010854006744921207, (407.60674476623535, 714.1938808560371)
0.010824925266206264, (457.37757682800293, 370.340029746294)
0.010800710879266262, (553.7871837615967, 414.6485467851162)
0.010797791182994843, (456.3408851623535, 444.5724284350872)
0.010725256986916065, (526.765251159668, 677.0778619647026)
0.010717276483774185, (582.60498046875, 783.9010941982269)
0.010714824311435223, (426.13563537597656, 444.48378989100456)
0.010702479630708694, (346.94106578826904, 542.9479671120644)
0.01066564116626978, (568.7041282653809, 289.1781612932682)
0.01063807774335146, (616.4651870727539, 572.1797029972076)
0.010613389313220978, (585.4199409484863, 788.9096050262451)
0.010572439059615135, (393.40128898620605, 698.9820486307144)
0.010570204816758633, (587.8395557403564, 784.2446046471596)
0.010505237616598606, (378.41904163360596, 698.4790898561478)
0.010504539124667645, (409.3812942504883, 976.3264951109886)
0.010432275012135506, (410.62445640563965, 460.0879631638527)
0.010426837019622326, (584.9441051483154, 795.7018582820892)
0.010416794568300247, (431.4469337463379, 396.87558034062386)
0.01039425190538168, (780.7398796081543, 757.414915561676)
0.010333851911127567, (331.75809383392334, 562.4757313132286)
0.010296888649463654, (400.74477195739746, 426.3536346554756)
0.01029577199369669, (441.34764671325684, 385.5466649234295)
0.010257312096655369, (394.22099590301514, 467.9466579258442)
0.010224924422800541, (350.5000591278076, 676.760048031807)
0.010216067545115948, (423.89516830444336, 698.4684792160988)
0.010200009681284428, (442.1827793121338, 833.4778301119804)
0.0101907504722476, (338.5979413986206, 617.9966632723808)
0.010144325904548168, (509.44361686706543, 880.9898220896721)
0.01011392381042242, (599.7429847717285, 769.0047661066055)
0.010036413557827473, (335.6621265411377, 775.5689988732338)
0.009998951107263565, (373.0308532714844, 391.0850581228733)
0.009994198568165302, (647.5872993469238, 944.565312564373)
