0.2317778766155243, (365.38705825805664, 608.6776760220528)
0.22955137491226196, (356.57548904418945, 606.3661906123161)
0.2196260243654251, (365.31004905700684, 617.9461669921875)
0.17834003269672394, (359.9111795425415, 611.1356247067451)
0.1599969118833542, (360.10332107543945, 615.512986779213)
0.15774403512477875, (341.04812145233154, 605.2909096479416)
0.11992628872394562, (353.902530670166, 594.1024326086044)
0.11719691008329391, (353.0357837677002, 610.2090977430344)
0.1139785498380661, (364.19854164123535, 628.0405361652374)
0.10957688093185425, (374.8148202896118, 611.1628270745277)
0.09606850147247314, (376.9905090332031, 616.6557725667953)
0.07556351274251938, (371.7137098312378, 617.8679959774017)
0.07551759481430054, (362.9833459854126, 610.1738778352737)
0.07539796084165573, (388.9273166656494, 625.4177983999252)
0.07233583182096481, (381.17995262145996, 620.9926890134811)
0.06953655928373337, (379.4205904006958, 611.8274238705635)
0.05368484929203987, (345.200252532959, 606.5664143562317)
0.051591865718364716, (331.65762424468994, 609.8140191435814)
0.050706375390291214, (326.6603708267212, 602.3214132785797)
0.048330869525671005, (369.88861560821533, 616.5346504449844)
0.04820239543914795, (328.91504764556885, 605.2823910117149)
0.04797201603651047, (313.7486934661865, 596.4300962686539)
0.04752231016755104, (379.43217754364014, 607.2199154496193)
0.04590320587158203, (336.676025390625, 612.1297996640205)
0.04565083980560303, (330.0964117050171, 583.9258120656013)
0.0451066754758358, (364.34035301208496, 612.0342334508896)
0.044650644063949585, (361.8906497955322, 598.8178914785385)
0.04386846348643303, (363.36634159088135, 626.9048373103142)
0.04350581020116806, (373.96554946899414, 621.0221821069717)
0.04247964546084404, (364.7166967391968, 619.0559520125389)
0.03963055461645126, (352.52532958984375, 616.1782994270325)
0.03960089012980461, (314.29295539855957, 604.578851878643)
0.03953343629837036, (363.86163234710693, 622.4414298534393)
0.03908875212073326, (360.772180557251, 614.8479604721069)
0.03793712705373764, (301.6493797302246, 590.01262819767)
0.03708217665553093, (343.81980895996094, 615.5346770882607)
0.03614828363060951, (341.9616460800171, 652.5316869020462)
0.035286277532577515, (349.4368076324463, 626.6254403591156)
0.03523160144686699, (343.23604106903076, 574.0028893947601)
0.03515256196260452, (306.2507152557373, 603.7088056206703)
0.0345919094979763, (368.2032108306885, 614.9183287024498)
0.034560445696115494, (338.645339012146, 641.6121553778648)
0.03444639593362808, (351.8253803253174, 597.8959459662437)
0.03399964049458504, (370.86071968078613, 676.997854411602)
0.03365615755319595, (359.73355770111084, 617.7064282298088)
0.03357844054698944, (339.39032554626465, 629.4169759750366)
0.033237241208553314, (344.5742607116699, 611.353458404541)
0.03297344595193863, (339.26422595977783, 597.6246739327908)
0.03281111642718315, (368.5399055480957, 606.4826596975327)
0.03271187096834183, (247.39768505096436, 583.3619356155396)
0.03258337080478668, (352.2313594818115, 612.2795558571815)
0.03208211809396744, (302.9410123825073, 573.3989968299866)
0.03121003322303295, (389.38095569610596, 550.4540859460831)
0.0310042817145586, (417.9605007171631, 609.6178041696548)
0.030414115637540817, (330.29322624206543, 616.1903257369995)
0.03037879802286625, (377.5790214538574, 621.0947694778442)
0.03032790683209896, (334.7494125366211, 627.0140762925148)
0.030254291370511055, (303.2430171966553, 609.7932594418526)
0.02990388497710228, (367.28880405426025, 616.7925002574921)
0.02983689494431019, (356.0627222061157, 611.5188917517662)
0.029294509440660477, (329.66458797454834, 555.7855710685253)
0.029017755761742592, (341.77839756011963, 646.7272742986679)
0.028986414894461632, (354.7808885574341, 651.5843286514282)
0.028880802914500237, (353.4435510635376, 582.8927663564682)
0.028609352186322212, (372.8337287902832, 621.8258689045906)
0.028524484485387802, (272.9646682739258, 582.0733308196068)
0.02822946384549141, (327.3131847381592, 594.1828943490982)
0.02769007906317711, (376.50792598724365, 619.2090011239052)
0.026940397918224335, (354.92711067199707, 608.6180455684662)
0.0265908595174551, (363.01796436309814, 619.932942032814)
0.025934496894478798, (352.2040367126465, 633.2736274600029)
0.025865569710731506, (397.1736431121826, 582.0832811594009)
0.025742650032043457, (306.32026195526123, 633.9407297372818)
0.025707729160785675, (351.6544580459595, 572.5859323740005)
0.02554500289261341, (391.9724464416504, 648.7473364472389)
0.02529645711183548, (371.294641494751, 622.0226565599442)
0.025127507746219635, (376.6704797744751, 621.348252594471)
0.0249884445220232, (372.5455045700073, 621.3912752866745)
0.02495528757572174, (368.8373565673828, 619.4203921556473)
0.02485346607863903, (383.7526321411133, 619.3193138837814)
0.024685608223080635, (319.4525480270386, 617.2088396549225)
0.024546951055526733, (354.2712450027466, 601.3142814040184)
0.024144619703292847, (346.3372230529785, 571.7686085999012)
0.02381410263478756, (310.4475498199463, 656.9890812039375)
0.02379830926656723, (341.89908504486084, 607.3840602636337)
0.023762058466672897, (367.9856300354004, 650.8724140524864)
0.023597460240125656, (340.0298595428467, 635.3296969532967)
0.023399481549859047, (342.0436382293701, 581.5740599930286)
0.023163150995969772, (343.5074806213379, 611.5506039857864)
0.023078445345163345, (376.9527196884155, 622.0307456851006)
0.02307020127773285, (289.3230438232422, 595.3028444647789)
0.02305912971496582, (385.3785037994385, 581.773675262928)
0.022721124812960625, (325.48184394836426, 625.9943454265594)
0.022620590403676033, (355.02052307128906, 574.4897759854794)
0.022142112255096436, (368.83060932159424, 575.5686004161835)
0.02175063081085682, (374.8257637023926, 714.4622438549995)
0.02171945944428444, (421.6006278991699, 541.4525003135204)
0.021693209186196327, (318.5899257659912, 591.0351150929928)
0.021380063146352768, (277.7292013168335, 540.804368108511)
0.021357696503400803, (422.6439952850342, 579.1570938229561)
0.021275481209158897, (278.09338569641113, 597.2638488411903)
0.020907273516058922, (377.69994735717773, 619.6148890852928)
0.020836004987359047, (398.7250089645386, 596.0428204536438)
0.020736737176775932, (304.78267669677734, 589.3023600578308)
0.020733794197440147, (344.1448450088501, 576.5148133039474)
0.02064572460949421, (316.51642322540283, 532.8955302238464)
0.020496321842074394, (339.2548084259033, 658.2249277234077)
0.020496053621172905, (282.86585807800293, 551.663553327322)
0.020288102328777313, (218.890380859375, 594.9142443239689)
0.020265258848667145, (245.97680568695068, 559.4453633129597)
0.020198998972773552, (396.93217277526855, 606.2806463241577)
0.02014748379588127, (279.39839363098145, 560.7915225923061)
0.020111024379730225, (376.9270420074463, 620.3298102617264)
0.02003062330186367, (357.4908256530762, 619.9345169067383)
0.019988205283880234, (346.6688632965088, 592.74693146348)
0.01992800645530224, (456.9214344024658, 595.9353353083134)
0.019886238500475883, (272.18236923217773, 609.145485162735)
0.019868550822138786, (343.53888034820557, 714.6994055509567)
0.01976698264479637, (303.1827926635742, 570.6250353753567)
0.019358664751052856, (275.0526189804077, 538.3302411735058)
0.01934359222650528, (221.29087448120117, 536.5369966626167)
0.01925213448703289, (365.4500961303711, 637.9921644926071)
0.019246317446231842, (347.74675369262695, 612.8823030591011)
0.019224336370825768, (336.6305351257324, 571.1084858775139)
0.019108975306153297, (370.30417919158936, 554.1567577123642)
0.019098803400993347, (354.39367294311523, 587.585282176733)
0.01890132576227188, (219.62378025054932, 689.867366194725)
0.018899744376540184, (346.8803644180298, 586.6826288700104)
0.018891964107751846, (343.93036365509033, 664.4796826839447)
0.018794255331158638, (341.43667221069336, 603.2244603037834)
0.018791554495692253, (350.1676321029663, 617.8839594721794)
0.018551087006926537, (352.7168273925781, 581.3760911822319)
0.018113896250724792, (398.8618850708008, 619.0239534378052)
0.018001072108745575, (360.0761413574219, 619.1805102229118)
0.017782745882868767, (362.6960277557373, 582.5299726724625)
0.017612308263778687, (328.20465564727783, 666.5050421357155)
0.017605336382985115, (341.99695587158203, 677.174311876297)
0.01758763939142227, (342.812705039978, 748.7788898348808)
0.017477625980973244, (265.7184362411499, 547.0854306221008)
0.017441708594560623, (332.7784061431885, 573.4672890901566)
0.017410878092050552, (308.2620859146118, 613.6087494492531)
0.017352307215332985, (301.83119773864746, 597.5762465596199)
0.017326833680272102, (317.39299297332764, 602.0909805893898)
0.017321752384305, (343.56086254119873, 615.6812835335732)
0.01730959862470627, (343.2814121246338, 680.8628813624382)
0.017243901267647743, (375.28109550476074, 577.8493757843971)
0.01719406433403492, (340.140438079834, 576.9003710746765)
0.01706426963210106, (251.37948989868164, 512.7945910990238)
0.016971580684185028, (384.8047971725464, 623.0436043739319)
0.016941998153924942, (358.1770181655884, 620.9244683384895)
0.01689409464597702, (340.7778739929199, 583.2192663550377)
0.016821617260575294, (334.5747947692871, 606.360821723938)
0.016792163252830505, (395.65789699554443, 658.7149282693863)
0.016774838790297508, (374.0482807159424, 622.4946176409721)
0.016713956370949745, (383.4407567977905, 623.2119011282921)
0.016695339232683182, (348.86393547058105, 660.9973500967026)
0.01668310910463333, (219.11778450012207, 583.0740916132927)
0.01664816215634346, (326.7740726470947, 576.5267680287361)
0.016542647033929825, (326.42860412597656, 635.7907055020332)
0.01648813672363758, (335.2154731750488, 676.6259694099426)
0.016337599605321884, (193.75767707824707, 364.27413707971573)
0.016333723440766335, (305.13715744018555, 530.2818837761879)
0.01629643142223358, (295.55277824401855, 642.8903803229332)
0.016269706189632416, (248.85718822479248, 698.3710411190987)
0.01614850014448166, (324.4670867919922, 661.8487842082977)
0.01609814539551735, (355.6075096130371, 643.6192606091499)
0.016081975772976875, (430.8357238769531, 618.4574999213219)
0.01597471348941326, (366.2550926208496, 619.536718070507)
0.015959009528160095, (300.1350402832031, 591.6996760964394)
0.015952974557876587, (362.86067962646484, 654.5227570533752)
0.01591905578970909, (420.1333522796631, 587.6659944653511)
0.015833379700779915, (377.82063484191895, 623.1879200935364)
0.01582937501370907, (326.3089895248413, 563.4391004145145)
0.01571406051516533, (328.29596996307373, 673.7740874886513)
0.01564033143222332, (233.76805782318115, 698.4321032762527)
0.015629058703780174, (427.5864601135254, 552.6620591878891)
0.015530112199485302, (307.86144733428955, 601.3047605752945)
0.015526656992733479, (459.6187114715576, 655.5745580792427)
0.015503523871302605, (389.516544342041, 623.1593576073647)
0.01540798507630825, (349.3840456008911, 617.6838788986206)
0.015364599414169788, (166.0073161125183, 528.5435093045235)
0.015362946316599846, (290.98472595214844, 587.4236786365509)
0.015359506011009216, (243.1673288345337, 516.344858020544)
0.01532662007957697, (375.2650022506714, 629.7959479093552)
0.0151946060359478, (245.81773281097412, 518.537941545248)
0.015169069170951843, (266.09179973602295, 534.5811464190483)
0.015131537802517414, (265.55309295654297, 544.9198000133038)
0.015122522599995136, (202.84786224365234, 570.6621522903442)
0.015070001594722271, (328.8653373718262, 676.4601065516472)
0.015003244392573833, (338.97392749786377, 614.7247623801231)
0.014996304176747799, (317.86625385284424, 570.5512310564518)
0.014993337914347649, (97.19749093055725, 509.55292788147926)
0.014981821179389954, (399.65548515319824, 612.0295804142952)
0.014972521923482418, (279.65784072875977, 652.5579586625099)
0.01496878918260336, (199.06549453735352, 365.59463307261467)
0.014902178198099136, (281.1720848083496, 662.6579830646515)
0.014901812188327312, (341.73738956451416, 674.0097458958626)
0.014882233925163746, (313.9870882034302, 688.209381878376)
0.014857666566967964, (340.9705877304077, 612.9065704345703)
0.014802830293774605, (376.01921558380127, 583.9055534601212)
0.014754182659089565, (212.97500133514404, 687.9609097242355)
0.014754148200154305, (290.5468225479126, 583.1021530032158)
0.014703848399221897, (233.09338092803955, 693.6635282039642)
0.014653963968157768, (331.4939260482788, 612.4415531158447)
0.014632338657975197, (136.57608032226562, 514.1946182250977)
0.014628579840064049, (91.1888062953949, 508.33440497517586)
0.014530901797115803, (199.3549942970276, 354.0978744626045)
0.014472117647528648, (104.66833114624023, 510.70935064554214)
0.01446364726871252, (396.7726945877075, 619.1676248908043)
0.014431152492761612, (312.36984729766846, 606.4306888580322)
0.014431043528020382, (438.2029056549072, 522.7406715750694)
0.014379261061549187, (154.09847497940063, 519.7292262911797)
0.01435907557606697, (325.7857322692871, 607.5640969872475)
0.014323316514492035, (150.8765697479248, 524.6985619962215)
0.014301259070634842, (294.580602645874, 728.8924556970596)
0.014285337179899216, (229.6828269958496, 687.7776516675949)
0.014275597408413887, (183.63884687423706, 540.3396013379097)
0.014275423251092434, (267.0027494430542, 552.3202041685581)
0.014134190045297146, (86.26790046691895, 499.57445511221886)
0.014118723571300507, (333.8689088821411, 670.2611880302429)
0.014062965288758278, (150.17662048339844, 515.8913301229477)
0.01404434721916914, (459.7743511199951, 533.0901345312595)
0.014019733294844627, (332.84878730773926, 611.1888840794563)
0.014019003137946129, (294.174861907959, 652.8254724740982)
0.013975409790873528, (283.898663520813, 557.9747532010078)
0.01393499132245779, (308.86590480804443, 601.1614470481873)
0.013888800516724586, (159.8564624786377, 520.4346982240677)
0.013880386017262936, (136.53602600097656, 526.5738789141178)
0.013837732374668121, (341.8303966522217, 706.574201464653)
0.013782636262476444, (441.06459617614746, 619.2717097401619)
0.013652526773512363, (215.89980125427246, 684.949893951416)
0.013600382953882217, (187.100088596344, 361.1578910946846)
0.013593482784926891, (356.46939277648926, 675.019383251667)
0.013502543792128563, (342.46604442596436, 686.2710700035095)
0.013480235822498798, (387.8793239593506, 633.6762225031853)
0.013444081880152225, (240.83776473999023, 524.7607695162296)
0.013416282832622528, (321.0641860961914, 611.0224485397339)
0.013384553603827953, (166.94409847259521, 498.11826941370964)
0.013319374993443489, (96.13884091377258, 509.4536034464836)
0.01328947301954031, (334.451961517334, 678.5063688755035)
0.013227774761617184, (162.4875783920288, 505.2465067207813)
0.013180767185986042, (438.42687606811523, 571.8584837913513)
0.01317043136805296, (335.9478712081909, 615.1090316176414)
0.01316369604319334, (165.1404619216919, 517.2598239779472)
0.013130937702953815, (182.16185569763184, 354.8691331744194)
0.013068649917840958, (349.1124391555786, 674.5274499058723)
0.013031389564275742, (174.17724132537842, 525.0960744917393)
0.013009458780288696, (252.02298164367676, 528.1573788523674)
0.01298616360872984, (208.79805088043213, 519.3467466831207)
0.012983663938939571, (274.09725189208984, 528.435630440712)
0.012938078492879868, (372.44067192077637, 682.0307219624519)
0.012803158722817898, (275.61964988708496, 589.00499522686)
0.012800668366253376, (300.8260488510132, 599.9349066019058)
0.012733595445752144, (83.19387435913086, 504.6203153729439)
0.012726697139441967, (234.52215194702148, 697.1379148364067)
0.012726565822958946, (184.9689483642578, 362.6907087266445)
0.01268967054784298, (226.45466327667236, 694.8017325401306)
0.012685984373092651, (161.95993423461914, 514.3171720504761)
0.012647212482988834, (234.11717414855957, 529.243540763855)
0.012632820755243301, (290.7947301864624, 594.3143247365952)
0.012597381137311459, (154.61877584457397, 521.7765266001225)
0.01258509699255228, (210.71689128875732, 555.6786586046219)
0.01257852092385292, (402.14524269104004, 721.7950716018677)
0.012577964924275875, (160.8847737312317, 522.379846483469)
0.012569805607199669, (155.50289154052734, 535.5133286118507)
0.01254943385720253, (248.37305545806885, 682.8035555481911)
0.01249903067946434, (240.9792184829712, 691.5932132601738)
0.012467247433960438, (286.56928539276123, 636.3376878499985)
0.012453997507691383, (154.9788236618042, 522.463028460741)
0.012448580004274845, (150.9270191192627, 503.6063829064369)
0.012448398396372795, (217.4504518508911, 478.0783924460411)
0.012418591417372227, (360.2328300476074, 684.2538712620735)
0.012380776926875114, (456.03580474853516, 557.1427186727524)
0.012372114695608616, (292.0967102050781, 594.8704699873924)
0.012342521920800209, (51.79217457771301, 478.93193832039833)
0.012323440983891487, (400.8330821990967, 687.4754190444946)
0.01226353831589222, (249.14274215698242, 515.064020216465)
0.012155755423009396, (361.87429428100586, 740.5228996276855)
0.012121962383389473, (304.150128364563, 626.9396992921829)
0.012097552418708801, (185.86164712905884, 584.5633496642113)
0.012079598382115364, (400.17457008361816, 711.0640954375267)
0.012068035081028938, (216.44577980041504, 364.22284629940987)
0.012041248381137848, (184.82487201690674, 512.9920230209827)
0.012026887387037277, (194.92452144622803, 361.4835320711136)
0.012018963694572449, (199.66330528259277, 508.07816582918167)
0.011955628171563148, (259.1721534729004, 548.3590741157532)
0.011911383830010891, (407.25550651550293, 622.0315331220627)
0.011896864511072636, (332.3744535446167, 614.5755072832108)
0.011873438954353333, (342.30451583862305, 683.9610162973404)
0.011854277923703194, (218.48077774047852, 571.9462114274502)
0.011853550560772419, (307.72831439971924, 853.9135358333588)
0.011840354651212692, (200.08471012115479, 544.0160729289055)
0.0118135716766119, (161.55868768692017, 812.801022529602)
0.011734968051314354, (350.0634431838989, 682.5644610524178)
0.011734011583030224, (154.02363538742065, 809.0760877728462)
0.011730081401765347, (220.14532089233398, 694.0703467726707)
0.011725069023668766, (235.57298183441162, 702.5178273320198)
0.011706744320690632, (316.7213201522827, 609.2100549936295)
0.011687152087688446, (403.3238410949707, 629.1768077015877)
0.011660558171570301, (283.60533714294434, 568.2548859119415)
