0.2599216401576996, (130.7792136669159, 659.9029451608658)
0.23905253410339355, (135.2743856906891, 670.1282179355621)
0.22219297289848328, (131.97879946231842, 644.4590656757355)
0.20217573642730713, (72.42896327376366, 629.7005496025085)
0.19308459758758545, (133.6433161497116, 677.5787315368652)
0.18615561723709106, (136.87384378910065, 699.3868246078491)
0.1823781281709671, (87.24078315496445, 664.2939155101776)
0.1610061377286911, (105.91905426979065, 658.5076460838318)
0.16007719933986664, (159.04451036453247, 669.723311662674)
0.158176451921463, (142.24856686592102, 707.7124121189117)
0.1542515754699707, (136.58934080600739, 684.9631898403168)
0.14168545603752136, (159.45037204027176, 658.4341278076172)
0.13908804953098297, (83.25013411045074, 633.95305788517)
0.12280279397964478, (160.11752593517303, 687.8905827999115)
0.12269815802574158, (117.91324764490128, 666.9269971847534)
0.11010093986988068, (77.36050388216972, 645.4418367147446)
0.10518138110637665, (88.87440401315689, 702.9552397727966)
0.10093539953231812, (107.98753470182419, 701.3233087062836)
0.09728454053401947, (106.6088433265686, 670.0329458713531)
0.09597130119800568, (144.5904893875122, 673.5614261627197)
0.0949796661734581, (143.25107896327972, 744.53466796875)
0.0941351056098938, (186.60934603214264, 666.8999240398407)
0.0879124253988266, (105.65563076734543, 665.7405821084976)
0.07632218301296234, (78.79572093486786, 663.9803513288498)
0.075169138610363, (98.98585751652718, 640.3961884975433)
0.07343942672014236, (185.0032296180725, 665.8546307086945)
0.07300408184528351, (87.38065445423126, 744.9999132156372)
0.0684015154838562, (46.29923965036869, 614.8053975105286)
0.06703893840312958, (79.59573778510094, 591.2153992652893)
0.06524348258972168, (103.4069402217865, 664.0471608638763)
0.058956876397132874, (119.80654281377792, 670.5113704204559)
0.057930007576942444, (107.57039433717728, 690.5815422534943)
0.05626459792256355, (130.91552245616913, 667.4022459983826)
0.04774406552314758, (129.11362355947495, 662.5388849973679)
0.04738827422261238, (185.56808191537857, 641.2470474243164)
0.046881914138793945, (45.057771027088165, 585.9414156675339)
0.045592617243528366, (54.637414902448654, 611.6173957586288)
0.04532955586910248, (70.8864197731018, 616.1569111347198)
0.04525861516594887, (89.0653327703476, 660.1374335289001)
0.04402248188853264, (185.1563708782196, 668.6266508102417)
0.043211158365011215, (52.56511138379574, 599.4770354032516)
0.042874958366155624, (190.17039370536804, 667.5523788928986)
0.042672496289014816, (113.43218564987183, 641.415361404419)
0.041719961911439896, (201.8195525407791, 661.3266670703888)
0.04143115505576134, (79.71967113018036, 686.7689130306244)
0.04115363955497742, (187.47621828317642, 660.0897578001022)
0.040881868451833725, (116.54119125008583, 663.8400632143021)
0.0401805080473423, (173.57693767547607, 665.8921837806702)
0.03975222632288933, (135.77263927459717, 576.7893033027649)
0.039294563233852386, (45.10565489530563, 529.3598924875259)
0.03925565630197525, (44.36117586493492, 557.8975675106049)
0.03896985948085785, (30.50589770078659, 663.0558550357819)
0.03896183893084526, (35.87706604599953, 818.6730065345764)
0.037458065897226334, (43.150785863399506, 763.5796329975128)
0.03740338236093521, (87.63440161943436, 655.5854930877686)
0.03696690872311592, (66.60951760411263, 626.6537886857986)
0.03691445663571358, (38.58786392211914, 572.1957607269287)
0.0368972010910511, (69.16980332136154, 636.3541917800903)
0.03611314296722412, (191.0996487736702, 654.22762799263)
0.03607992082834244, (163.43885868787766, 626.331650018692)
0.03571806102991104, (189.3963178396225, 626.0887459516525)
0.03570880740880966, (212.57733714580536, 659.5513515472412)
0.035455793142318726, (38.84501802921295, 553.2933068275452)
0.035251881927251816, (142.60388445854187, 664.1745872497559)
0.035056814551353455, (127.8330956697464, 656.9511387348175)
0.03479469195008278, (189.47347962856293, 665.6110517978668)
0.034353453665971756, (175.0412381887436, 663.9588754177094)
0.034258197993040085, (27.65399370342493, 543.6637623310089)
0.033887844532728195, (189.0939245223999, 685.8202414512634)
0.0338837131857872, (35.512639939785004, 540.4017659425735)
0.033689867705106735, (53.693633660674095, 550.1624683141708)
0.03347286954522133, (53.502397656440735, 557.1433700323105)
0.03332133963704109, (35.15126685798168, 550.4233549833298)
0.033182110637426376, (39.114936500787735, 529.7554700374603)
0.033089976757764816, (174.57053571939468, 659.8718626499176)
0.03245216980576515, (35.58380846679211, 573.4147270917892)
0.03235745429992676, (114.8070578277111, 659.498078584671)
0.03229089453816414, (35.33428497612476, 582.5566771030426)
0.03196490556001663, (164.6530523300171, 700.9904916286469)
0.031839992851018906, (55.743990406394005, 623.3665452003479)
0.03180113434791565, (89.08719009160995, 655.2127411365509)
0.03133736923336983, (158.83940935134888, 667.6110506057739)
0.031065428629517555, (99.02982884645462, 648.4718059301376)
0.030823079869151115, (42.97241534292698, 553.2359451055527)
0.0307858195155859, (144.3279681801796, 671.7661828994751)
0.03075537271797657, (53.00131273269653, 576.9332832098007)
0.030579837039113045, (176.19269120693207, 655.1622469425201)
0.03056769259274006, (43.62285344302654, 490.1519844532013)
0.030522434040904045, (43.27808725833893, 546.2037949562073)
0.03047928772866726, (35.50906576216221, 530.3867665529251)
0.030474837869405746, (71.2909668982029, 583.5494914054871)
0.030384361743927002, (27.744271829724312, 568.1202203035355)
0.03025713376700878, (27.544219002127647, 551.3407455682755)
0.030244793742895126, (35.298278734087944, 565.6095632314682)
0.0301864854991436, (35.48135907948017, 590.2847896814346)
0.030182816088199615, (162.06780570745468, 640.340732216835)
0.030055878683924675, (149.98215383291245, 632.2833752632141)
0.029983773827552795, (42.88224805891514, 561.3799599409103)
0.029778914526104927, (86.14427679777145, 652.0056055784225)
0.029746465384960175, (215.35083675384521, 642.4568835496902)
0.02953256294131279, (71.80789643526077, 646.3091697692871)
0.029410768300294876, (72.94637507200241, 517.8852059841156)
0.029379649087786674, (42.89003813266754, 580.6278544664383)
0.02931457757949829, (35.330290764570236, 555.5998435020447)
0.029293376952409744, (35.94117955863476, 614.2917619943619)
0.029277708381414413, (28.26722963154316, 591.4662029743195)
0.028856733813881874, (35.96996355056763, 764.7290110588074)
0.028846165165305138, (43.8080378472805, 537.9805455207825)
0.028830090537667274, (27.635243855416775, 535.684965133667)
0.02875627391040325, (67.28567889332771, 891.4301383495331)
0.02874438278377056, (70.91657665371895, 792.0424003601074)
0.02874363586306572, (55.410728484392166, 792.4234886169434)
0.02873332053422928, (44.16837251186371, 487.0536972284317)
0.02859051153063774, (43.08475108444691, 571.1058086156845)
0.028585314750671387, (144.1270830631256, 615.7167541980743)
0.028541769832372665, (144.05556839704514, 808.2990696430206)
0.028429409489035606, (105.30219554901123, 673.3943030834198)
0.02831852249801159, (158.88657760620117, 659.9743595123291)
0.028302624821662903, (27.459928303956985, 561.6364005804062)
0.028242532163858414, (43.475020945072174, 815.795313835144)
0.028120506554841995, (188.90728944540024, 666.2483425140381)
0.027919527143239975, (39.79755386710167, 516.0513775348663)
0.027913782745599747, (39.33924239873886, 586.1791194677353)
0.027905231341719627, (50.895853757858276, 556.8996720314026)
0.02784639596939087, (159.42857694625854, 658.2391773462296)
0.027729956433176994, (43.155647367239, 586.8161323070526)
0.02770024910569191, (51.290125608444214, 544.6924624443054)
0.02764529548585415, (181.8025866150856, 650.7987864017487)
0.027497034519910812, (27.652321346104145, 576.7238037586212)
0.02709067240357399, (51.00178398191929, 575.5809359550476)
0.02678539976477623, (193.4116244316101, 574.3387867212296)
0.026759754866361618, (27.887693971395493, 586.2415623664856)
0.026673445478081703, (58.79324617981911, 770.0394759178162)
0.02657034993171692, (159.3524574637413, 623.477497458458)
0.026512635871767998, (174.86894649267197, 646.6272593736649)
0.02639731764793396, (35.709491953253746, 787.1439871788025)
0.026321226730942726, (73.00732666254044, 647.3851089477539)
0.02628619782626629, (59.25261940062046, 543.4225255250931)
0.02625325135886669, (132.77961748838425, 617.5716218948364)
0.02623843401670456, (192.20077550411224, 704.7322225570679)
0.026132406666874886, (161.3006370663643, 651.9267282485962)
0.02611326240003109, (35.62590131163597, 608.4074814319611)
0.0260215625166893, (152.07256937026978, 622.5138602256775)
0.026010289788246155, (39.89616850018501, 600.2738671302795)
0.025927159935235977, (35.49763539433479, 601.1287354230881)
0.02591611072421074, (43.291621685028076, 597.0425165891647)
0.02590116113424301, (43.17143753170967, 605.810444355011)
0.025749383494257927, (101.76782780885696, 661.6226456165314)
0.025736061856150627, (51.00212234258652, 553.7027385234833)
0.025712385773658752, (27.638812199234962, 525.7456276416779)
0.02569854073226452, (19.82060006260872, 540.9957078695297)
0.025678342208266258, (132.96451020240784, 674.3814804553986)
0.02567831613123417, (71.93807584047318, 546.9402877092361)
0.0256759412586689, (116.4853889644146, 606.2198363542557)
0.025621958076953888, (28.07507771998644, 596.5014506578445)
0.025592824444174767, (50.72160968184471, 592.3974874019623)
0.02554965578019619, (51.12415386736393, 583.9209333658218)
0.025408409535884857, (164.6371688246727, 653.4372668266296)
0.02540554106235504, (205.30233389139175, 649.2748303413391)
0.025341203436255455, (51.55914956331253, 536.4770332574844)
0.025315286591649055, (37.48509594798088, 626.7193279266357)
0.02531406469643116, (43.89038783311844, 638.9922752380371)
0.025263406336307526, (59.30809110403061, 483.1795778274536)
0.02523685246706009, (181.43594366312027, 659.1209203004837)
0.025163451209664345, (36.32062965631485, 620.7804247140884)
0.025128033012151718, (50.75131541490555, 605.8873765468597)
0.02511703595519066, (36.44857665896416, 627.1376119852066)
0.025003157556056976, (66.05007129907608, 539.7218409776688)
0.024972081184387207, (44.32704421877861, 635.3756285905838)
0.024955298751592636, (184.8157389163971, 568.9398379325867)
0.024930091574788094, (50.97458289563656, 598.8562982082367)
0.0249275304377079, (51.226556584239006, 611.0477085113525)
0.024919284507632256, (43.29879726469517, 762.2402665615082)
0.024893732741475105, (43.37581904232502, 530.5949757099152)
0.024871360510587692, (19.90297143906355, 549.1621513366699)
0.024824148043990135, (43.820708870887756, 628.7765296697617)
0.024808431044220924, (58.825199872255325, 550.585595369339)
0.024741191416978836, (51.38426376879215, 758.0247159004211)
0.02470344305038452, (66.81654766201973, 612.4533684253693)
0.024658862501382828, (132.65013813972473, 642.9237563610077)
0.024649109691381454, (51.673624366521835, 489.3277223110199)
0.024616556242108345, (66.63036373257637, 545.3264583349228)
0.024557581171393394, (56.45128087699413, 631.3272407054901)
0.024541910737752914, (177.07323789596558, 672.3885476589203)
0.024507436901330948, (191.2902197241783, 586.1357309818268)
0.024465452879667282, (55.77222602069378, 780.5101933479309)
0.024425983428955078, (58.64717549085617, 563.2664659023285)
0.024358440190553665, (54.314323246479034, 511.5242475271225)
0.024333598092198372, (43.426086992025375, 620.4037427902222)
0.024313969537615776, (59.052053198218346, 633.3990905284882)
0.024309569969773293, (36.37559965252876, 490.8682715892792)
0.024224545806646347, (50.691530585289, 487.3765504360199)
0.024206044152379036, (144.86404037475586, 625.3015605211258)
0.024148857221007347, (67.28480771183968, 537.3621504306793)
0.02414330467581749, (181.38507288694382, 574.4794321060181)
0.02413548156619072, (20.119197517633438, 557.0112594366074)
0.024069778621196747, (145.55364274978638, 633.8108246326447)
0.02394748479127884, (58.425187557935715, 588.6927140951157)
0.023816125467419624, (43.71408636868, 492.2064074277878)
0.023749342188239098, (58.66110272705555, 557.2678985595703)
0.023738304153084755, (201.5935742855072, 663.3772791624069)
0.02372901700437069, (43.44263944029808, 613.6726126670837)
0.02372223697602749, (158.19868648052216, 640.645721912384)
0.023700645193457603, (131.37797981500626, 623.3312151432037)
0.023671181872487068, (68.07955080270767, 568.7971680164337)
0.023546474054455757, (159.67423456907272, 628.2321689128876)
0.02352704107761383, (73.71226805448532, 671.6296262741089)
0.02351170778274536, (58.15574745833874, 631.7382999658585)
0.023502962663769722, (159.77493381500244, 648.9451493024826)
0.02343580685555935, (28.5166986733675, 607.960099697113)
0.02340145967900753, (197.64671766757965, 646.1167995929718)
0.02335282415151596, (54.50932788848877, 494.9225345849991)
0.023338159546256065, (190.02661764621735, 645.1946851015091)
0.023321909829974174, (70.16753169894218, 492.01344180107117)
0.02329191379249096, (40.914999693632126, 744.3829472064972)
0.023287173360586166, (35.79059739410877, 519.7010915279388)
0.023272210732102394, (113.04527217149734, 674.120911359787)
0.023262295871973038, (165.78953969478607, 648.602527141571)
0.02318902686238289, (19.9231389015913, 530.5907678604126)
0.023144789040088654, (39.48666264116764, 505.56402719020844)
0.023141615092754364, (51.5620431303978, 526.4115396738052)
0.023134490475058556, (51.7928012162447, 490.30751609802246)
0.023081326857209206, (66.9231818318367, 891.1066896915436)
0.023008357733488083, (75.09933677315712, 752.2660753726959)
0.022954639047384262, (204.11505353450775, 654.897946357727)
0.022881459444761276, (150.51153659820557, 640.3673290014267)
0.022868627682328224, (100.7523024380207, 605.6946491003036)
0.022861067205667496, (190.15687483549118, 567.1157748699188)
0.022842518985271454, (43.595142871141434, 496.2087868452072)
0.022789061069488525, (65.69203126430511, 664.578262925148)
0.022786542773246765, (51.36391934752464, 641.2587976455688)
0.02278592810034752, (73.55566540360451, 484.86918818950653)
0.022762279957532883, (82.15191650390625, 639.8892617225647)
0.022730983793735504, (28.717723801732063, 607.7254922389984)
0.02267473004758358, (50.72577890753746, 626.4266839027405)
0.022669699043035507, (189.43485206365585, 663.0506150722504)
0.022659284994006157, (68.77352464199066, 543.7142565250397)
0.022592484951019287, (58.98613898456097, 573.7149134874344)
0.02258211560547352, (51.92604920268059, 651.3028153181076)
0.022578289732336998, (36.66182555258274, 637.456370472908)
0.022553397342562675, (57.53862038254738, 600.3796985149384)
0.02253110148012638, (44.18072462081909, 647.311273097992)
0.022451000288128853, (51.35157112777233, 813.7403748035431)
0.022423459216952324, (43.31094713509083, 499.43553256988525)
0.02238151989877224, (51.30640970170498, 636.0926302671432)
0.02233254536986351, (20.012203596532345, 522.3848261833191)
0.022296808660030365, (65.79433286190033, 555.6730045080185)
0.022283369675278664, (27.91271710395813, 517.4461208581924)
0.02220890298485756, (189.85284805297852, 655.065069437027)
0.022185925394296646, (51.618004873394966, 647.3921352624893)
0.02215087041258812, (58.57591751217842, 609.5197430849075)
0.022135348990559578, (58.94884930551052, 582.3082154989243)
0.022064372897148132, (75.24571859836578, 892.1950936317444)
0.022057214751839638, (176.5103302001953, 572.1116037368774)
0.02203044667840004, (39.89754527807236, 819.7997574806213)
0.022028421983122826, (67.02569344639778, 527.3266278505325)
0.021970447152853012, (138.65802347660065, 729.951770067215)
0.021932486444711685, (73.81709763407707, 539.8961094617844)
0.02185707911849022, (75.4969300031662, 532.6571395397186)
0.021799176931381226, (47.875529766082764, 663.9783664941788)
0.02176600880920887, (202.930122256279, 660.4989116191864)
0.021729620173573494, (132.20325314998627, 612.4882618188858)
0.021719809621572495, (67.90355658531189, 590.1494636535645)
0.021647756919264793, (215.65808379650116, 675.7638781070709)
0.02163848839700222, (144.45805424451828, 627.8578687906265)
0.021634411066770554, (197.51896512508392, 656.8801610469818)
0.021629534661769867, (65.9819946885109, 626.829446554184)
0.02161053754389286, (58.65320764482021, 619.4048945903778)
0.02160544879734516, (73.41604301333427, 552.3406258821487)
0.021492501720786095, (66.65962609648705, 629.002522945404)
0.021489528939127922, (58.0855278968811, 626.8350834846497)
0.0214677806943655, (75.78811463713646, 761.0988278388977)
0.021442841738462448, (66.49085801839828, 640.8400769233704)
0.02144055999815464, (192.8413583636284, 565.0439647436142)
0.021309923380613327, (120.11119186878204, 648.3894749879837)
0.02123614400625229, (67.08537715673447, 487.5391083955765)
0.021196097135543823, (164.426467359066, 581.0575314760208)
0.021168075501918793, (73.7646011710167, 657.6388442516327)
0.021131020039319992, (59.05785199999809, 645.4910606145859)
0.02111637033522129, (59.82352718710899, 480.82060182094574)
0.021094484254717827, (43.3810111284256, 514.6480994224548)
0.02105034701526165, (150.93348401784897, 640.2833704948425)
0.021032435819506645, (203.89291781187057, 660.3149968385696)
0.020903876051306725, (66.33803567290306, 562.7513219118118)
0.02089477702975273, (39.86385700106621, 808.7354156970978)
0.020894251763820648, (108.48632499575615, 731.4498438835144)
0.020889144390821457, (51.1764053106308, 500.94424510002136)
0.020857125520706177, (71.15453365445137, 762.6514449119568)
0.020823629572987556, (172.76365864276886, 663.5451564788818)
0.02079598605632782, (52.625261798501015, 655.5953378677368)
0.02074463479220867, (68.94269719719887, 557.3395510911942)
0.020728809759020805, (128.34037220478058, 606.5507479906082)
0.020708955824375153, (134.88568317890167, 623.811386346817)
0.020698653534054756, (35.82564689218998, 494.9284493923187)
0.02067388966679573, (178.06279116868973, 569.7679109573364)
0.020654408261179924, (58.54487778246403, 654.9646368026733)
0.020581437274813652, (47.18969213962555, 628.08282995224)
0.020580941811203957, (158.7223287820816, 646.3184587955475)
0.020565761253237724, (143.65666061639786, 654.8887764215469)
0.020557712763547897, (74.43047940731049, 537.9838800430298)
