0.04620077833533287, (417.9319796562195, 517.5240916311741)
0.04282344877719879, (418.7341548204422, 506.9961332678795)
0.03705010935664177, (431.97108805179596, 495.9342508018017)
0.03590376302599907, (417.4469562768936, 495.3680687844753)
0.03478643670678139, (418.00297832489014, 519.8989018201828)
0.03402961790561676, (430.26763236522675, 486.820198148489)
0.03279604762792587, (403.82088446617126, 525.3374988138676)
0.03190656378865242, (404.5262598991394, 534.1361628174782)
0.030585216358304024, (404.0575222969055, 526.9740715324879)
0.030554918572306633, (443.48868238925934, 489.55854550004005)
0.029904795810580254, (414.16689097881317, 487.47520861029625)
0.02968735806643963, (417.97370052337646, 484.54283705353737)
0.02953754924237728, (415.265101313591, 510.13798263669014)
0.029438234865665436, (445.88250863552094, 493.64314433932304)
0.028335532173514366, (431.2449985742569, 505.1599349081516)
0.027555672451853752, (445.0868843793869, 482.48595800995827)
0.026923557743430138, (390.7120050191879, 876.7291989922523)
0.026740437373518944, (417.4367822408676, 516.1695770323277)
0.026478050276637077, (385.1449774503708, 876.9889308214188)
0.026336515322327614, (385.61609387397766, 878.9716007709503)
0.02600215934216976, (430.7939374446869, 471.2365267574787)
0.025251636281609535, (402.3310103416443, 537.0582452118397)
0.02524634450674057, (418.5726511478424, 526.5530898571014)
0.02494790218770504, (431.8436564207077, 516.6559882462025)
0.024763256311416626, (444.5568097829819, 513.8615073561668)
0.024720821529626846, (411.9719707965851, 464.9542184472084)
0.02441788651049137, (402.46810364723206, 552.6784252524376)
0.024047037586569786, (433.42667055130005, 484.5242847800255)
0.023814741522073746, (445.7724972963333, 504.8532463610172)
0.023582471534609795, (417.2361561059952, 470.174438893795)
0.023503050208091736, (425.034188747406, 519.9875713586807)
0.02314366213977337, (418.6892865896225, 510.4203982949257)
0.022709304466843605, (395.84784376621246, 521.857378333807)
0.022259710356593132, (370.8444182872772, 445.97516319155693)
0.022138819098472595, (386.3894670009613, 449.11566185951233)
0.022074531763792038, (391.39619064331055, 872.398295879364)
0.021919451653957367, (395.7306227684021, 515.8288826048374)
0.021789178252220154, (438.954429268837, 490.2086298763752)
0.02178574912250042, (403.02515041828156, 323.83911097049713)
0.02151820808649063, (382.51535511016846, 459.79104524850845)
0.021366998553276062, (446.08745324611664, 471.98779451847076)
0.02130104973912239, (410.27418768405914, 534.0844389200211)
0.02129218354821205, (403.0396795272827, 332.1734119653702)
0.020974215120077133, (415.49811601638794, 542.4339948892593)
0.020863670855760574, (387.84812366962433, 539.8633330762386)
0.020828252658247948, (410.35656809806824, 529.8406957387924)
0.020771153271198273, (388.14273154735565, 511.13472041487694)
0.020671891048550606, (433.17305159568787, 638.9703727066517)
0.020593643188476562, (394.7252230644226, 550.6714426875114)
0.02051972597837448, (292.0247521996498, 779.625963807106)
0.0203276164829731, (384.309242606163, 514.0287161767483)
0.020195728167891502, (403.078253030777, 482.75085428357124)
0.02001592516899109, (416.8941181898117, 531.7729130387306)
0.019990794360637665, (384.00380194187164, 487.46074816584587)
0.01985524408519268, (371.31436359882355, 434.0373909473419)
0.019717495888471603, (401.63577234745026, 332.1343012303114)
0.01960107497870922, (356.1849864721298, 514.3850231170654)
0.019569572061300278, (361.78066968917847, 450.5852243900299)
0.019528115168213844, (396.0605835914612, 535.2879133820534)
0.01951749250292778, (431.88504791259766, 455.7963077425957)
0.019455602392554283, (388.56985807418823, 527.1493051052094)
0.019417161121964455, (291.4008605480194, 770.535747051239)
0.01941070705652237, (386.28384733200073, 433.53060004115105)
0.019370615482330322, (418.7396810054779, 487.7426871061325)
0.019324878230690956, (442.9072252511978, 462.53209400177)
0.019308559596538544, (439.73969650268555, 485.6009522676468)
0.019178016111254692, (389.3277505636215, 335.55505046248436)
0.019169654697179794, (372.9495288133621, 878.7893356084824)
0.019144270569086075, (355.71610248088837, 446.9417088329792)
0.01912366971373558, (401.5681406259537, 329.910193502903)
0.019039278849959373, (433.40778636932373, 481.3363924026489)
0.01902991533279419, (354.69928443431854, 454.9442141354084)
0.018935134634375572, (356.2307696342468, 436.69199484586716)
0.018854424357414246, (326.942098736763, 457.36165085434914)
0.0186181478202343, (573.7638833522797, 752.920462667942)
0.01860879734158516, (425.337726354599, 498.4840164780617)
0.01859731785953045, (381.78114104270935, 428.8914987742901)
0.018592245876789093, (369.54060459136963, 448.6908664405346)
0.018579723313450813, (447.13585472106934, 484.9583364725113)
0.018547503277659416, (385.66890370845795, 416.46842765808105)
0.018474487587809563, (338.70639514923096, 630.8969158828259)
0.018465405330061913, (386.3678380250931, 776.9310772418976)
0.018416643142700195, (353.31082129478455, 638.9376380741596)
0.018279358744621277, (380.9740252494812, 872.4959436058998)
0.018194718286395073, (331.8959027528763, 623.2475394010544)
0.018172703683376312, (370.3411694765091, 419.73767989873886)
0.01813601516187191, (354.2817829847336, 642.2178548276424)
0.01809353567659855, (353.70647418498993, 636.1848700046539)
0.018069423735141754, (275.42383617162704, 772.2667099237442)
0.018060358241200447, (417.46302247047424, 564.5091743171215)
0.018044445663690567, (361.3957031965256, 449.5685041844845)
0.018041269853711128, (402.2314658164978, 539.5759516060352)
0.018034635111689568, (386.9445741176605, 885.4614800214767)
0.01792347989976406, (391.7896842956543, 876.1848665475845)
0.01787535659968853, (444.68965780735016, 543.3837362229824)
0.017841408029198647, (401.0457880496979, 472.4806414246559)
0.017832228913903236, (353.14562129974365, 428.6092420220375)
0.01781822182238102, (356.0420742034912, 419.76652133464813)
0.017752530053257942, (385.2380442619324, 747.9904839992523)
0.017692729830741882, (277.1445657610893, 780.762618303299)
0.01734641194343567, (417.90343379974365, 604.7769832909107)
0.017283743247389793, (425.9374089241028, 489.21928122639656)
0.01724514551460743, (386.7016781568527, 554.8592509627342)
0.017210807651281357, (279.6613770723343, 780.0911610722542)
0.017172113060951233, (356.0990561246872, 459.82167437672615)
0.017158711329102516, (433.9380073547363, 618.6208328008652)
0.0170018058270216, (440.8837265968323, 636.5656881928444)
0.0168779157102108, (322.8744971752167, 772.9069421291351)
0.01668950729072094, (433.653244137764, 631.3411772847176)
0.016681427136063576, (423.9372227191925, 475.90419137477875)
0.016674600541591644, (399.5091426372528, 875.7515299320221)
0.01666327379643917, (372.4271762371063, 703.3675387501717)
0.016642432659864426, (426.2758969068527, 637.6381049454212)
0.016554124653339386, (386.1923176050186, 462.89662432670593)
0.016542747616767883, (569.7782230377197, 754.6285430788994)
0.01652267388999462, (387.39691615104675, 477.77932170033455)
0.01643376424908638, (400.5123099088669, 529.587757140398)
0.01641891896724701, (386.7702980041504, 880.6752318143845)
0.016408704221248627, (400.27750194072723, 864.9063555002213)
0.01635652221739292, (386.36897253990173, 778.4656323194504)
0.016281217336654663, (425.4630719423294, 632.7516267895699)
0.016248511150479317, (394.75464725494385, 333.8403754532337)
0.016216931864619255, (577.6003732681274, 753.3872489929199)
0.016100894659757614, (354.9151350259781, 403.3834336698055)
0.016093818470835686, (434.2777030467987, 642.2493976652622)
0.016085779294371605, (369.67605102062225, 451.32413721084595)
0.016081735491752625, (291.99337005615234, 578.5774785280228)
0.016055243089795113, (354.2613251209259, 620.6088261008263)
0.016002116724848747, (276.16758382320404, 781.1173759102821)
0.0159706212580204, (402.97713482379913, 565.926695138216)
0.01594213955104351, (577.6214898824692, 754.4781385660172)
0.015928320586681366, (403.13658905029297, 584.9395973682404)
0.015925196930766106, (420.7892003059387, 638.853100091219)
0.015881666913628578, (342.19945645332336, 732.8507959246635)
0.015745865181088448, (322.4731351137161, 741.2755144238472)
0.015673166140913963, (433.23614525794983, 497.4472741186619)
0.0156147675588727, (387.2426953315735, 513.264656484127)
0.015582272782921791, (418.41136705875397, 627.4817482233047)
0.015571494586765766, (322.1585451364517, 478.2542519569397)
0.015456723980605602, (414.05585491657257, 573.6965223550797)
0.015430456027388573, (261.25874173641205, 557.1887729465961)
0.015422792173922062, (417.0690530538559, 320.0608828663826)
0.015405097976326942, (401.1460279226303, 761.9368675947189)
0.015357349999248981, (447.84185230731964, 490.2677826285362)
0.015341746620833874, (338.4734902381897, 581.597685366869)
0.015261099673807621, (417.7872009277344, 548.2623485326767)
0.015235739760100842, (402.75319623947144, 417.7866719663143)
0.015204234980046749, (258.1039854288101, 545.1951452493668)
0.01515459269285202, (386.20003962516785, 763.0856783986092)
0.015137586742639542, (412.8425462245941, 430.23473104834557)
0.015084028244018555, (377.3619862794876, 439.1872160434723)
0.015069101937115192, (413.4431803226471, 606.926663428545)
0.015067397616803646, (274.9914030432701, 526.88754722476)
0.015065205283463001, (433.1498123407364, 504.7685494720936)
0.015015440061688423, (274.89456671476364, 554.6633198857307)
0.014931009151041508, (388.2585252523422, 324.58851158618927)
0.014927839860320091, (386.4472540616989, 771.8318637013435)
0.014904472045600414, (325.54602336883545, 488.57626816630363)
0.014872022904455662, (416.789230465889, 618.5697842538357)
0.014810475520789623, (425.2317041158676, 624.2237385809422)
0.01481021847575903, (401.42153203487396, 325.31926061213017)
0.014807567931711674, (393.92414581775665, 332.2680007517338)
0.014738117344677448, (324.0896723270416, 477.60361140966415)
0.014710516668856144, (340.6864528656006, 712.9528270959854)
0.014700484462082386, (432.7245888710022, 606.3795104026794)
0.014677840285003185, (425.9689191579819, 579.5031853318214)
0.014677777886390686, (371.1587154865265, 865.6994552612305)
0.01466972567141056, (384.75883984565735, 544.3338350951672)
0.014651651494204998, (384.92023372650146, 572.4763627648354)
0.014628387056291103, (339.13403403759, 622.8753021359444)
0.014540757052600384, (387.56584906578064, 883.686897456646)
0.014507580548524857, (355.51112127304077, 732.9445504546165)
0.014498657546937466, (339.9586067199707, 471.5280795097351)
0.014479486271739006, (385.87059116363525, 877.632976770401)
0.014474832452833652, (407.34271121025085, 332.60331223905087)
0.014434530399739742, (385.3069568872452, 717.8131254911423)
0.014413096010684967, (308.0257843732834, 779.3472427129745)
0.014387230388820171, (403.02745604515076, 433.4157507419586)
0.014380537904798985, (370.0473301410675, 732.580735206604)
0.014372840523719788, (445.4075495004654, 573.2593719959259)
0.014364893548190594, (338.95525646209717, 845.6346351504326)
0.014357839711010456, (388.24271523952484, 334.71193504333496)
0.014342434704303741, (354.4150701761246, 548.4412369430065)
0.014332684688270092, (262.768963932991, 577.3756725788116)
0.014277229085564613, (401.17128002643585, 591.3566182255745)
0.014254597015678883, (293.7500564455986, 772.6847915649414)
0.014218254014849663, (475.4004247188568, 488.41104567050934)
0.014186429791152477, (357.04637598991394, 473.04447957873344)
0.014171953313052654, (447.3867288827896, 519.5643649995327)
0.014147656969726086, (463.83690083026886, 461.5475125312805)
0.014108074828982353, (293.4524292945862, 800.5501474738121)
0.014096790924668312, (260.14020162820816, 567.7845444381237)
0.014086462557315826, (274.83670645952225, 543.2746472656727)
0.014080662280321121, (497.44968342781067, 535.9724406301975)
0.014045649208128452, (291.26087605953217, 520.898658812046)
0.014042770490050316, (289.1126905679703, 768.0022295117378)
0.013964985497295856, (355.1690101623535, 387.17569875717163)
0.013932580128312111, (433.6346161365509, 562.2207295298576)
0.013921107165515423, (340.70284843444824, 461.8877699673176)
0.01386838685721159, (291.0676608681679, 551.4324831664562)
0.013762647286057472, (369.7113673686981, 701.710943877697)
0.013753939419984818, (290.21229159832, 792.7164797782898)
0.013744950294494629, (262.035060942173, 767.3108295798302)
0.013696876354515553, (339.659716963768, 402.08060324192047)
0.01365321222692728, (324.9702022075653, 463.35498863458633)
0.01365226972848177, (356.32826471328735, 732.8937799930573)
0.013607535511255264, (432.2629511356354, 588.0087472498417)
0.013606025837361813, (276.6024140715599, 792.0801407694817)
0.013588023371994495, (447.1495054960251, 633.7684661746025)
0.013561083935201168, (444.80307269096375, 608.5766239762306)
0.01355412695556879, (432.14089930057526, 534.5901969373226)
0.01354055292904377, (353.91928720474243, 417.67587476968765)
0.013535242527723312, (289.9482424259186, 527.5686182677746)
0.013478637672960758, (562.8319548368454, 755.5880968570709)
0.01346632931381464, (244.45397901535034, 701.1434906125069)
0.013421053998172283, (369.7465373277664, 403.34585240483284)
0.0133718466386199, (324.2522373199463, 430.1340641081333)
0.013362494297325611, (370.7778112888336, 473.74640703201294)
0.013362242840230465, (400.06962954998016, 889.4800534248352)
0.013358723372220993, (289.0471265912056, 543.8217208385468)
0.013357428833842278, (262.1054008603096, 498.97038796544075)
0.013348150067031384, (370.70410442352295, 617.1428482532501)
0.013347741216421127, (245.99465012550354, 529.6624032258987)
0.013340897858142853, (418.11247730255127, 747.2955881357193)
0.013323354534804821, (462.5626577138901, 474.2717502117157)
0.013311675749719143, (574.9319944381714, 614.550773859024)
0.013303861953318119, (307.4502559900284, 793.5218947529793)
0.013297872617840767, (371.6361632347107, 603.9503146409988)
0.013235015794634819, (386.9312893152237, 332.85875360667706)
0.013222106732428074, (418.04221057891846, 306.50616279244423)
0.01321184542030096, (308.4938266277313, 764.1021205186844)
0.01320579182356596, (259.2987942099571, 529.5274523198605)
0.013192761689424515, (393.4426723718643, 879.3022046685219)
0.013174274004995823, (418.70341312885284, 603.375710606575)
0.013163386844098568, (355.36268281936646, 641.4942367076874)
0.013154526241123676, (338.5960910320282, 842.7427051663399)
0.013114369474351406, (330.5629942417145, 762.626042842865)
0.0130945248529315, (441.8715230226517, 639.8460638523102)
0.013079915195703506, (464.5574275255203, 478.9874838888645)
0.013058298267424107, (574.907693862915, 368.4510917067528)
0.013035731390118599, (384.0516711473465, 708.2506401538849)
0.012967017479240894, (322.5249568223953, 762.8995994925499)
0.012964289635419846, (323.77735137939453, 643.79090487957)
0.012953286059200764, (475.86242842674255, 518.2187888622284)
0.012944845482707024, (289.72071731090546, 554.7995817661285)
0.012924615293741226, (259.96771878004074, 751.825679898262)
0.012916812673211098, (260.7981287240982, 551.2744908928871)
0.012904335744678974, (259.94285094738007, 513.6774147748947)
0.012878415174782276, (274.67031705379486, 513.9439001083374)
0.012826466001570225, (310.054004073143, 418.71837747097015)
0.012823663651943207, (314.9391516447067, 486.59757086634636)
0.01277170516550541, (383.64287984371185, 868.6525640487671)
0.012771591544151306, (355.20685172080994, 612.2532317042351)
0.012746844440698624, (370.6826584339142, 634.7429173886776)
0.012744641862809658, (322.9575363397598, 771.3235234618187)
0.01269601657986641, (261.46229565143585, 523.2531687617302)
0.012683895416557789, (306.3357415795326, 541.3370668888092)
0.012677340768277645, (417.73552560806274, 332.8808812648058)
0.012649932876229286, (340.15407264232635, 490.9047175347805)
0.012610310688614845, (355.4637278318405, 860.2605801820755)
0.01259123720228672, (307.2761994600296, 492.8924327492714)
0.012527089565992355, (585.7289156913757, 750.1825125813484)
0.012518562376499176, (575.1440389156342, 354.7097762823105)
0.012475022114813328, (355.1431359052658, 811.4705638885498)
0.012470494024455547, (326.1472796201706, 417.1421890258789)
0.012469830922782421, (307.6222630739212, 478.3616724014282)
0.012457160279154778, (351.97842514514923, 802.6985563635826)
0.012428074143826962, (450.1433436870575, 717.0281299352646)
0.012377528473734856, (401.14068472385406, 777.8315179944038)
0.01236376166343689, (462.62051796913147, 531.6728419959545)
0.012353228405117989, (340.2991441488266, 666.64921271801)
0.012319814413785934, (340.4466676712036, 574.5419419109821)
0.012295225635170937, (339.7722901105881, 476.3714941442013)
0.012255438603460789, (246.11741560697556, 573.092083722353)
0.012248842976987362, (354.8309979438782, 579.735704511404)
0.012134936638176441, (380.14839124679565, 332.5176420509815)
0.012133033946156502, (385.2625278234482, 896.728867650032)
0.012117834761738777, (457.0735822916031, 490.89407083392143)
0.0121027622371912, (262.5404506921768, 606.9128386080265)
0.012094995006918907, (292.4830412864685, 461.6806757450104)
0.012068928219377995, (463.60428869724274, 493.31631445884705)
0.012065589427947998, (383.9572502374649, 740.2411159276962)
0.012053064070641994, (340.7118147611618, 858.6908274292946)
0.012052472680807114, (513.4199556112289, 398.3444852232933)
0.012043414637446404, (575.0553637742996, 604.8903229832649)
0.01203213632106781, (425.96862637996674, 616.6521068513393)
0.012017463333904743, (402.0616545677185, 870.6299901008606)
0.012014610692858696, (497.8852639198303, 537.3959601521492)
0.012014287523925304, (243.8036824464798, 714.7386125326157)
0.01200205646455288, (490.39834451675415, 537.1271309554577)
0.01199878379702568, (292.03681099414825, 803.0888294577599)
0.011982192285358906, (338.4023451805115, 658.3159048855305)
0.011980289593338966, (450.8030457496643, 634.1459473371506)
0.011969814077019691, (323.32006871700287, 748.7524381875992)
0.01194563414901495, (497.9973978996277, 540.619963914156)
0.011940834112465382, (464.82418489456177, 522.887605547905)
0.011931818909943104, (359.451583981514, 876.2752840518951)
0.011908809654414654, (414.86286091804504, 739.3340805768967)
0.011899162083864212, (324.35229420661926, 401.91498348116875)
0.011892744340002537, (402.66159331798553, 602.8049203157425)
