0.05800854414701462, (421.72842025756836, 504.87828826904297)
0.05333557352423668, (117.75473356246948, 502.89680099487305)
0.05130194127559662, (134.41810607910156, 508.81871938705444)
0.04812828451395035, (132.9327940940857, 505.3382399082184)
0.046970922499895096, (131.4976453781128, 509.6988980770111)
0.04453189671039581, (118.39371919631958, 493.88169050216675)
0.04276246577501297, (128.55502367019653, 508.42658042907715)
0.04259004816412926, (115.53126573562622, 507.75133538246155)
0.04190962761640549, (122.41618633270264, 508.9650328159332)
0.03915390744805336, (102.76460647583008, 499.61239099502563)
0.03879138082265854, (124.40720796585083, 511.9727203845978)
0.038117650896310806, (135.88119745254517, 509.8859210014343)
0.03732101246714592, (27.718716859817505, 667.0932984352112)
0.035792794078588486, (119.09587383270264, 507.14642000198364)
0.03516427055001259, (103.18752527236938, 488.8916037082672)
0.03379165381193161, (127.73596048355103, 510.3942425251007)
0.03264734148979187, (121.51254415512085, 510.082355260849)
0.03190857544541359, (112.70272731781006, 504.4574775695801)
0.03179775923490524, (106.86109066009521, 499.30976915359497)
0.03159387782216072, (137.568998336792, 512.961056470871)
0.03085816465318203, (35.34345030784607, 671.024974822998)
0.030643494799733162, (134.5331311225891, 487.8051416873932)
0.030158113688230515, (104.8261284828186, 507.67520570755005)
0.02918115444481373, (98.7014889717102, 497.2438716888428)
0.02876397781074047, (27.755624055862427, 669.9884877204895)
0.028675926849246025, (150.5903959274292, 511.39735221862793)
0.028541909530758858, (114.67894315719604, 505.6188290119171)
0.027859196066856384, (105.32560348510742, 516.5506052970886)
0.02695273980498314, (107.47843980789185, 502.8529543876648)
0.026932217180728912, (150.12803077697754, 499.0167045593262)
0.02687211148440838, (377.3693561553955, 542.0716288089752)
0.026628118008375168, (135.945463180542, 520.0943012237549)
0.026577768847346306, (121.21586799621582, 501.95884108543396)
0.026109829545021057, (99.36176538467407, 501.2207808494568)
0.026094933971762657, (35.983437299728394, 674.7803163528442)
0.025625668466091156, (28.00121307373047, 672.19074010849)
0.025319227948784828, (121.52432203292847, 520.0171866416931)
0.024966025725007057, (88.19378018379211, 488.6181643009186)
0.02456454373896122, (73.18994998931885, 496.8290433883667)
0.02441011182963848, (88.99160027503967, 507.5152130126953)
0.024371890351176262, (137.48111724853516, 508.3656620979309)
0.024366382509469986, (141.9297695159912, 486.38530683517456)
0.02428780123591423, (134.57815647125244, 654.437168598175)
0.024101441726088524, (87.67080903053284, 498.23902916908264)
0.023855743929743767, (151.77199840545654, 480.94136023521423)
0.023808952420949936, (207.969069480896, 480.0458242893219)
0.023449856787919998, (215.45958518981934, 432.1058700084686)
0.02329789660871029, (183.87807607650757, 465.3216812610626)
0.023244135081768036, (168.00174713134766, 525.7534317970276)
0.022763334214687347, (118.05945634841919, 642.3035502433777)
0.0226303581148386, (106.36070966720581, 497.10299348831177)
0.02231290377676487, (129.44267988204956, 656.0327911376953)
0.02225906401872635, (123.3778715133667, 654.634952545166)
0.02141253836452961, (175.45443773269653, 513.5640020370483)
0.021411297842860222, (27.447021007537842, 319.40940141677856)
0.021398883312940598, (98.26523065567017, 489.29866218566895)
0.0210877638310194, (216.3806676864624, 446.4389319419861)
0.021051110699772835, (121.93022966384888, 652.7405018806458)
0.020803892984986305, (151.6817331314087, 513.1086831092834)
0.020770851522684097, (109.69829559326172, 486.2652575969696)
0.020755762234330177, (199.22457933425903, 463.74776315689087)
0.020700128749012947, (175.4312038421631, 481.5252277851105)
0.02061646245419979, (128.16805839538574, 652.985342502594)
0.020362097769975662, (238.57934474945068, 450.62340116500854)
0.020350003615021706, (73.94903898239136, 507.6718497276306)
0.020301977172493935, (141.81385040283203, 505.56604528427124)
0.020293528214097023, (43.44700574874878, 668.7159147262573)
0.0202834103256464, (206.80127143859863, 509.97656893730164)
0.020179420709609985, (233.2115650177002, 432.8481981754303)
0.020154612138867378, (47.76434898376465, 483.64832282066345)
0.020027292892336845, (100.64562559127808, 505.1808006763458)
0.019905555993318558, (207.5453281402588, 451.5118238925934)
0.01986309140920639, (306.9225072860718, 595.3451836109161)
0.019832715392112732, (55.084991455078125, 670.3973336219788)
0.019793173298239708, (216.6464328765869, 514.2731351852417)
0.01964203454554081, (135.0231409072876, 640.624903678894)
0.019626816734671593, (118.69064569473267, 649.7358784675598)
0.019545448943972588, (99.40453767776489, 633.96919298172)
0.019535189494490623, (87.41898536682129, 470.77970838546753)
0.019458873197436333, (203.87914180755615, 355.46980690956116)
0.01931735686957836, (167.5975203514099, 480.11101055145264)
0.019299879670143127, (72.63840436935425, 484.2153375148773)
0.019278474152088165, (27.522867918014526, 211.06412494182587)
0.01919587329030037, (110.85934638977051, 507.321040391922)
0.019107215106487274, (103.10388803482056, 625.1575570106506)
0.019049309194087982, (39.31662142276764, 670.3372178077698)
0.019030548632144928, (330.1048517227173, 527.9644389152527)
0.018826520070433617, (39.26435708999634, 657.1464657783508)
0.018814371898770332, (340.90189933776855, 517.1842653751373)
0.01868591643869877, (44.11563277244568, 151.82123029232025)
0.018569936975836754, (87.9895031452179, 449.36760807037354)
0.018460460007190704, (231.32541179656982, 445.65104269981384)
0.01844167523086071, (167.5134539604187, 495.91318917274475)
0.018349438905715942, (79.33468222618103, 485.27885484695435)
0.01826663687825203, (43.48753094673157, 666.2321248054504)
0.018266355618834496, (35.66553294658661, 589.2077894210815)
0.018231350928544998, (51.90017223358154, 155.60427689552307)
0.018187593668699265, (215.61877727508545, 453.3362367153168)
0.018042050302028656, (35.668593645095825, 519.8306744098663)
0.018038751557469368, (296.28124237060547, 592.5418825149536)
0.017942331731319427, (214.82200622558594, 418.82720589637756)
0.01787414215505123, (92.12799072265625, 515.2732536792755)
0.017845703288912773, (152.03118324279785, 449.81581377983093)
0.017636960372328758, (106.69522285461426, 641.3694934844971)
0.017625726759433746, (50.90820789337158, 152.03530168533325)
0.017370838671922684, (102.81351804733276, 638.3974084854126)
0.017348501831293106, (297.52070903778076, 526.3414578437805)
0.01732729747891426, (201.2326955795288, 524.6771106719971)
0.01731506735086441, (298.91200065612793, 511.3943610191345)
0.01727411523461342, (130.66141605377197, 659.4808416366577)
0.017210841178894043, (396.59738540649414, 519.8480014801025)
0.017210785299539566, (277.89034843444824, 516.8137214183807)
0.017209848389029503, (27.497661113739014, 495.5233483314514)
0.017193814739584923, (231.58273696899414, 418.39578008651733)
0.017161840572953224, (123.60624074935913, 657.9797701835632)
0.0171416774392128, (48.32044839859009, 511.93810272216797)
0.017063302919268608, (231.1955451965332, 636.9488654136658)
0.017048217356204987, (226.1631965637207, 639.5528140068054)
0.017012855038046837, (51.428866386413574, 207.06436228752136)
0.016962125897407532, (105.22191524505615, 532.0010261535645)
0.016737371683120728, (280.08995056152344, 574.2952008247375)
0.016680574044585228, (72.05595970153809, 467.5655915737152)
0.01666993275284767, (204.11152839660645, 360.05261635780334)
0.016539713367819786, (252.03425884246826, 303.1953127384186)
0.016485322266817093, (279.7016382217407, 575.6530959606171)
0.01647481881082058, (23.323118686676025, 659.0596661567688)
0.016436200588941574, (279.15780544281006, 560.3554816246033)
0.016416670754551888, (460.6698513031006, 577.4837465286255)
0.016361525282263756, (310.8449459075928, 592.2203650474548)
0.016333086416125298, (239.37132358551025, 481.087673664093)
0.016290178522467613, (39.77507948875427, 677.9426708221436)
0.01628468558192253, (47.396814823150635, 663.1994862556458)
0.016155540943145752, (55.78143000602722, 656.2473549842834)
0.01613757200539112, (55.98384141921997, 145.6206470131874)
0.01611761376261711, (71.95440530776978, 604.3022575378418)
0.01604839600622654, (56.14394545555115, 602.6704852581024)
0.01600601337850094, (88.57675194740295, 637.8083610534668)
0.015977105125784874, (305.32212257385254, 545.7419400215149)
0.015964694321155548, (267.2466993331909, 582.4328320026398)
0.015900034457445145, (91.15293025970459, 496.2900803089142)
0.015892470255494118, (184.08944606781006, 540.4040350914001)
0.015774238854646683, (103.48652601242065, 450.88779401779175)
0.015691235661506653, (19.583116471767426, 666.8471446037292)
0.015680663287639618, (312.9518508911133, 478.62434792518616)
0.01567753590643406, (143.37533712387085, 538.7397973537445)
0.01561510469764471, (137.97448873519897, 652.7127785682678)
0.015529733151197433, (231.12130165100098, 462.6128947734833)
0.015490335412323475, (51.68057680130005, 664.2755155563354)
0.015469348058104515, (275.32026767730713, 568.5123732089996)
0.015421106480062008, (90.93918800354004, 633.7328152656555)
0.015387028455734253, (58.90126824378967, 206.56432127952576)
0.015363531187176704, (56.0804009437561, 465.2137427330017)
0.015266058966517448, (207.92131423950195, 542.9789471626282)
0.015201914124190807, (83.8782012462616, 718.9551529884338)
0.015155967324972153, (119.79712247848511, 748.2321381568909)
0.01505565457046032, (72.95324802398682, 650.350679397583)
0.015004567801952362, (119.92406845092773, 664.5241498947144)
0.014915895648300648, (131.95626735687256, 663.8414268493652)
0.014907659031450748, (112.06780672073364, 637.4321994781494)
0.014878878369927406, (135.4659914970398, 665.1973156929016)
0.014819620177149773, (314.7416591644287, 593.7193207740784)
0.014814052730798721, (136.35921478271484, 566.3624668121338)
0.0147253954783082, (306.17785453796387, 603.316547870636)
0.01471713837236166, (200.0300645828247, 541.2607583999634)
0.01469143945723772, (235.80453395843506, 637.8798580169678)
0.014666824601590633, (199.36742782592773, 510.30567383766174)
0.01465805433690548, (55.846309661865234, 588.8230555057526)
0.014648043550550938, (264.3505334854126, 575.8098056316376)
0.014638754539191723, (56.95112943649292, 481.9798901081085)
0.014570599421858788, (55.81390857696533, 132.07424318790436)
0.014567258767783642, (227.97908782958984, 643.8777236938477)
0.014487123116850853, (304.6121835708618, 574.6989398002625)
0.014471832662820816, (263.35551738739014, 304.8667913675308)
0.014450963586568832, (266.2489652633667, 288.74927830696106)
0.014441424049437046, (93.7666654586792, 506.55186438560486)
0.014433491975069046, (248.16935062408447, 447.3554062843323)
0.01435445249080658, (39.751315116882324, 618.3154435157776)
0.014271116815507412, (272.49841690063477, 575.4096779823303)
0.014249814674258232, (51.008141040802, 675.1123394966125)
0.014008796773850918, (215.50946235656738, 479.0504114627838)
0.01397703867405653, (71.20452523231506, 589.08274269104)
0.01390590239316225, (296.4337348937988, 605.2000186443329)
0.013865948654711246, (138.58169317245483, 659.7655162811279)
0.01380935125052929, (119.59668397903442, 734.2279987335205)
0.013808046467602253, (233.48355293273926, 622.2590117454529)
0.013787277974188328, (89.72723484039307, 650.9594249725342)
0.013769976794719696, (36.12176775932312, 515.9085917472839)
0.013630865141749382, (59.37344431877136, 667.6790628433228)
0.013618415221571922, (144.00845766067505, 635.0934462547302)
0.013588521629571915, (55.39975166320801, 207.42095339298248)
0.013583177700638771, (56.6348135471344, 495.72653102874756)
0.013518908992409706, (136.21059656143188, 605.862642288208)
0.013461770489811897, (39.40536379814148, 590.3050489425659)
0.013443361036479473, (90.80979824066162, 501.0747957229614)
0.013367832638323307, (35.90068817138672, 147.03536581993103)
0.01335949543863535, (43.393635749816895, 517.3033661842346)
0.01330624520778656, (104.2072057723999, 751.2984094619751)
0.013234610669314861, (265.7187223434448, 592.1080856323242)
0.013218920677900314, (103.50263118743896, 652.2435250282288)
0.013211757875978947, (30.4563045501709, 514.9252166748047)
0.013204137794673443, (87.59006261825562, 287.8632448911667)
0.013167091645300388, (23.456847667694092, 672.0370216369629)
0.013143407180905342, (103.40445041656494, 763.1285305023193)
0.013058070093393326, (39.39675688743591, 317.3356246948242)
0.013008331879973412, (59.669166803359985, 789.1953749656677)
0.01297208946198225, (92.68293380737305, 506.6676456928253)
0.01296677254140377, (87.64458894729614, 302.56112372875214)
0.012959372252225876, (201.7615556716919, 238.76560521125793)
0.012833300977945328, (71.4586079120636, 147.42912805080414)
0.012753386981785297, (19.489771127700806, 669.5846028327942)
0.01272987388074398, (87.98731565475464, 767.3804111480713)
0.012686069123446941, (71.50972485542297, 317.7731423377991)
0.012684718705713749, (231.50947093963623, 494.01695108413696)
0.012654363177716732, (39.32790160179138, 209.48066782951355)
0.01261110045015812, (308.11619758605957, 599.0624055862427)
0.012599533423781395, (273.5147714614868, 604.6372718811035)
0.012573364190757275, (72.0372200012207, 666.5312447547913)
0.012571049854159355, (232.1453332901001, 477.5259940624237)
0.012541423551738262, (136.16888523101807, 747.0107803344727)
0.012514383532106876, (264.5181655883789, 461.6537775993347)
0.012486654333770275, (139.14881944656372, 647.5903129577637)
0.012476133182644844, (72.14123010635376, 175.84813141822815)
0.01247443538159132, (39.89356756210327, 146.79461073875427)
0.01242817472666502, (67.46465563774109, 784.724771976471)
0.012409670278429985, (88.32904100418091, 717.472466468811)
0.01237761601805687, (119.93187665939331, 763.141589641571)
0.01237621158361435, (252.51922607421875, 586.0870199203491)
0.012312366627156734, (40.02727270126343, 479.82115602493286)
0.012300752103328705, (71.66755199432373, 273.1589641571045)
0.01225255150347948, (88.32600712776184, 272.3628673553467)
0.012226863764226437, (280.26649951934814, 686.3234281539917)
0.012195689603686333, (67.68907308578491, 789.9598088264465)
0.012180086225271225, (202.59931087493896, 621.58562707901)
0.012174206785857677, (328.13544273376465, 592.4568886756897)
0.012173065915703773, (55.9908926486969, 160.4620213508606)
0.01211724616587162, (30.329978466033936, 452.1482563018799)
0.012115898542106152, (91.95678234100342, 454.22684812545776)
0.012105128727853298, (79.74334955215454, 637.6388840675354)
0.012010138481855392, (79.01064157485962, 667.1650142669678)
0.011950429528951645, (40.00859260559082, 131.60327517986298)
0.011860813945531845, (71.72613143920898, 781.5630011558533)
0.011838139966130257, (43.322622776031494, 954.4222311973572)
0.011823172681033611, (39.71896767616272, 160.18544483184814)
0.01182129979133606, (56.567251682281494, 520.4657936096191)
0.011798784136772156, (56.33646845817566, 507.8150625228882)
0.01178747694939375, (23.55850338935852, 492.8190486431122)
0.011768084019422531, (56.68919086456299, 191.40455746650696)
0.011755712330341339, (23.683904111385345, 209.63144981861115)
0.011735526844859123, (47.68909215927124, 637.129650592804)
0.01169191300868988, (111.25175952911377, 537.7669644355774)
0.011690144427120686, (39.785510301589966, 300.67789006233215)
0.01166243851184845, (265.0578022003174, 634.7310004234314)
0.011653455905616283, (216.2372350692749, 240.55034816265106)
0.011585899628698826, (23.53222966194153, 320.04152941703796)
0.011571296490728855, (343.77713203430176, 589.6907951831818)
0.011555230244994164, (248.6354112625122, 619.9419264793396)
0.01154374424368143, (298.43175411224365, 616.1536087989807)
0.011505860835313797, (103.43981981277466, 776.9778571128845)
0.011500172317028046, (71.68574929237366, 162.1860466003418)
0.011497251689434052, (265.8353090286255, 605.1144776344299)
0.011446059681475163, (79.51006889343262, 454.54818320274353)
0.011436604894697666, (311.39564514160156, 605.2620677947998)
0.011434702202677727, (88.01934719085693, 318.55016112327576)
0.011383791454136372, (39.592814445495605, 495.9939880371094)
0.011381403543055058, (23.521554470062256, 509.55418968200684)
0.011336787603795528, (71.82754278182983, 131.91344797611237)
0.011326156556606293, (200.88658332824707, 226.49811244010925)
0.011306325905025005, (151.7505645751953, 733.2513356208801)
0.011279950849711895, (201.40421390533447, 636.7750110626221)
0.011270945891737938, (27.694731950759888, 517.144467830658)
0.011240209452807903, (15.703320503234863, 666.0204062461853)
0.011223812587559223, (39.31366503238678, 510.4414451122284)
0.01121471542865038, (55.567485094070435, 273.1521610021591)
0.011149578727781773, (112.1950626373291, 760.2291097640991)
0.01110938098281622, (39.533865451812744, 348.12819957733154)
0.011074394918978214, (216.54255390167236, 256.7122185230255)
0.011065427213907242, (233.68070125579834, 608.5501985549927)
0.0110476678237319, (30.590182542800903, 573.3249578475952)
0.011015534400939941, (51.756107807159424, 515.5060200691223)
0.010961918160319328, (23.675650358200073, 572.2471046447754)
0.01092683058232069, (232.4286699295044, 256.21843349933624)
0.010852307081222534, (15.661412477493286, 228.38971781730652)
0.010833052918314934, (55.92959523200989, 350.5509617328644)
0.010764669626951218, (39.721256494522095, 335.2451763153076)
0.010763105936348438, (40.00175595283508, 465.0472569465637)
0.010679913684725761, (39.82779681682587, 254.61691975593567)
0.010630682110786438, (87.35631704330444, 161.7106282711029)
0.010614891536533833, (47.389960289001465, 603.88006067276)
0.010535755194723606, (143.78979206085205, 666.510160446167)
0.010516207665205002, (248.68817329406738, 608.0713148117065)
0.010512446984648705, (55.92222809791565, 783.2288074493408)
0.0104629285633564, (184.6700668334961, 717.4833369255066)
0.01046027708798647, (71.9747543334961, 680.9706401824951)
0.010448861867189407, (58.99711847305298, 788.3970894813538)
0.01040768064558506, (15.640908479690552, 259.23527705669403)
0.010345015674829483, (87.69497275352478, 781.670684337616)
0.01019855123013258, (152.50694751739502, 794.3466582298279)
0.010186145082116127, (39.91162180900574, 224.92350125312805)
0.010116281919181347, (111.64171695709229, 667.136634349823)
0.009981393814086914, (55.79526424407959, 796.4629683494568)
