0.4742284417152405, (64.61098339408636, 936.6355419158936)
0.28157928586006165, (65.25649320334196, 936.907146692276)
0.13042181730270386, (68.56045681983232, 935.9867391586304)
0.04321786388754845, (66.73978686332703, 938.0128583908081)
0.042642462998628616, (65.67769881337881, 937.3997826576233)
0.03736559674143791, (74.2602751404047, 935.5909631252289)
0.03353184834122658, (85.92578016221523, 918.1210041046143)
0.02682330459356308, (56.79542776197195, 938.3598868846893)
0.026576733216643333, (272.1056145429611, 700.4206852912903)
0.024170389398932457, (236.17205992341042, 667.2449676990509)
0.023892365396022797, (57.092318683862686, 940.8371987342834)
0.022663310170173645, (119.87577594816685, 860.511177778244)
0.02215670980513096, (282.1391750872135, 700.0538084506989)
0.021909968927502632, (243.44451025128365, 676.7166781425476)
0.02182168886065483, (325.2446812391281, 815.2009749412537)
0.021584123373031616, (315.2521701157093, 818.8418762683868)
0.021512532606720924, (275.09409561753273, 700.6929252147675)
0.021510563790798187, (135.78266747295856, 876.0090844631195)
0.021062472835183144, (70.35582136362791, 942.4896132946014)
0.020989099517464638, (248.38849022984505, 877.5397095680237)
0.020634334534406662, (240.45830726623535, 673.0239329338074)
0.020342888310551643, (232.35805615782738, 673.3026037216187)
0.020145535469055176, (146.66111446917057, 898.332123041153)
0.020059790462255478, (241.12399131059647, 677.0727574825287)
0.0199914388358593, (245.4394157230854, 671.7171177864075)
0.019723838195204735, (231.7693890631199, 672.2022113800049)
0.019696250557899475, (275.4240681231022, 699.8146755695343)
0.01965452916920185, (81.42925310879946, 932.6926281452179)
0.01956089772284031, (85.6590136885643, 936.8342635631561)
0.019200295209884644, (247.22219601273537, 686.856404542923)
0.019131850451231003, (120.35540141165257, 875.2639775276184)
0.01912757009267807, (277.9006800055504, 689.3817493915558)
0.019124304875731468, (228.05807456374168, 675.531414270401)
0.019100481644272804, (252.62672245502472, 568.7370275259018)
0.01902371272444725, (131.391923725605, 861.5046272277832)
0.019007738679647446, (258.4565944969654, 571.9643687009811)
0.018875135108828545, (309.6709603071213, 815.572377204895)
0.01872493512928486, (35.185158401727676, 914.9757556915283)
0.018701495602726936, (131.27810686826706, 866.5242741107941)
0.018466150388121605, (270.8437938988209, 709.2499444484711)
0.018373632803559303, (248.85757952928543, 559.3467350006104)
0.018079953268170357, (103.45687285065651, 905.3693940639496)
0.01802106946706772, (240.4083426296711, 706.2864274978638)
0.017883721739053726, (325.55958330631256, 814.2318992614746)
0.017823845148086548, (201.25048086047173, 639.2241039276123)
0.01776367612183094, (330.13869658112526, 808.53582072258)
0.017568189650774002, (271.19564920663834, 679.4688498973846)
0.017443163320422173, (135.21111890673637, 862.5300722122192)
0.01737118884921074, (248.28884571790695, 728.4294812679291)
0.01734919287264347, (322.26255252957344, 820.3371713161469)
0.017270425334572792, (280.2072675526142, 697.8806526660919)
0.017228610813617706, (257.53300443291664, 570.4860241413116)
0.01714720018208027, (146.30587488412857, 644.8374545574188)
0.017088353633880615, (267.91561648249626, 701.2969501018524)
0.017067717388272285, (246.65668219327927, 923.9778542518616)
0.017032012343406677, (332.3827461898327, 810.2647705078125)
0.01686353050172329, (294.7715538740158, 713.562831401825)
0.016834018751978874, (177.08967670798302, 645.5881587266922)
0.01676061749458313, (369.88196164369583, 776.0917131900787)
0.016629843041300774, (238.7105306982994, 646.3745502233505)
0.016604432836174965, (208.38585153222084, 645.9639276266098)
0.016592875123023987, (263.41529443860054, 559.9853754043579)
0.01657603681087494, (296.47289246320724, 667.3893842697144)
0.01653793826699257, (151.81295916438103, 875.565434217453)
0.016377994790673256, (186.76553338766098, 650.6797360181808)
0.01634685881435871, (177.71275609731674, 901.1486828327179)
0.01631084643304348, (264.34436067938805, 702.7273013591766)
0.01623619720339775, (262.6698334515095, 575.0766291618347)
0.016232747584581375, (122.60429196059704, 864.0944395065308)
0.016215434297919273, (209.70837011933327, 709.1025109291077)
0.0160957220941782, (232.42033123970032, 729.1295721530914)
0.016064148396253586, (143.7489165365696, 867.6580910682678)
0.016004325821995735, (298.06205704808235, 730.122307062149)
0.015974292531609535, (119.38377432525158, 846.9220468997955)
0.015929561108350754, (203.68827760219574, 869.973757982254)
0.015923403203487396, (301.9663739204407, 676.9125416278839)
0.01583014614880085, (271.77603632211685, 736.8105647563934)
0.015758143737912178, (175.4619050770998, 869.5752031803131)
0.01573937013745308, (244.30004239082336, 882.348646402359)
0.015631265938282013, (247.5809732079506, 575.8379323482513)
0.015613785944879055, (281.37148082256317, 706.640442609787)
0.015459755435585976, (297.19999730587006, 652.284951210022)
0.015349109657108784, (345.8252486586571, 747.2438879013062)
0.015345226041972637, (227.71822303533554, 453.38264429569244)
0.015325102023780346, (267.0509062707424, 571.2148951292038)
0.015322275459766388, (208.57559010386467, 902.5027370452881)
0.015313860028982162, (124.22522932291031, 731.427613735199)
0.015270976349711418, (290.9564110636711, 637.5579146146774)
0.015250497497618198, (240.9363555908203, 737.7283523082733)
0.0152393514290452, (302.7074758708477, 707.3225905895233)
0.015219665132462978, (247.8291754424572, 742.1751759052277)
0.015161363407969475, (240.18725842237473, 580.3357264995575)
0.015118098817765713, (168.97407039999962, 830.209659576416)
0.015075622126460075, (227.86770075559616, 461.47287011146545)
0.015065480023622513, (201.08227461576462, 865.3584616184235)
0.015035072341561317, (346.4640337228775, 731.6468188762665)
0.014972548931837082, (184.31218430399895, 638.5149621963501)
0.014970293268561363, (312.2034291923046, 637.8485341072083)
0.01496691070497036, (57.177002280950546, 945.565710067749)
0.014908156357705593, (217.90208861231804, 744.904244184494)
0.014904668554663658, (215.07517665624619, 623.1673471927643)
0.014877555891871452, (231.61417230963707, 926.7907619476318)
0.014858260750770569, (169.52212616801262, 655.415194272995)
0.01483302004635334, (247.33590334653854, 891.6675245761871)
0.014785811305046082, (203.54055225849152, 772.92090010643)
0.014778977259993553, (86.25260934233665, 924.988611459732)
0.01476872619241476, (281.94439843297005, 571.8911679983139)
0.014743622392416, (251.41438454389572, 878.4151010513306)
0.014729693531990051, (184.3652155995369, 842.206476688385)
0.014727056957781315, (218.26840102672577, 879.0167441368103)
0.014705285429954529, (216.01922571659088, 637.8698909282684)
0.014682765118777752, (314.3110781908035, 820.3144648075104)
0.014608042314648628, (293.48381996154785, 700.0781028270721)
0.014520089142024517, (309.9765747785568, 716.7422189712524)
0.014517892152071, (269.8291240632534, 648.4361186027527)
0.0145082613453269, (175.2916069328785, 836.0863580703735)
0.014452416449785233, (142.88703203201294, 836.2769021987915)
0.014422155916690826, (63.38434170931578, 937.7447469234467)
0.014410103671252728, (207.36215695738792, 869.4338035583496)
0.014377537183463573, (376.84446036815643, 775.39328956604)
0.014301729388535023, (177.39448070526123, 928.2866921424866)
0.014273618347942829, (278.73211696743965, 715.114495754242)
0.014252333901822567, (207.76868641376495, 612.5660276412964)
0.014199105091392994, (184.67856243252754, 623.6306869983673)
0.01409855391830206, (170.33496603369713, 905.8556785583496)
0.014026611112058163, (267.352139800787, 559.8713665008545)
0.013860102742910385, (232.64375925064087, 686.1191575527191)
0.013851124793291092, (152.52332881093025, 859.0662975311279)
0.013828919269144535, (215.8020405471325, 733.1888766288757)
0.013825447298586369, (243.44352453947067, 445.0479265451431)
0.01379803754389286, (169.33624282479286, 845.2864637374878)
0.013717151246964931, (276.351031512022, 660.1959067583084)
0.013712558895349503, (139.8327273130417, 753.6473615169525)
0.013643160462379456, (247.00544893741608, 861.997501373291)
0.013606095686554909, (264.48231652379036, 744.9726812839508)
0.013604957610368729, (80.98086923360825, 925.4022510051727)
0.01357181090861559, (363.8900385797024, 777.708083152771)
0.013529913499951363, (241.29454135894775, 877.5976667404175)
0.013510110788047314, (99.71209891140461, 813.2395613193512)
0.01350746676325798, (327.8669813275337, 714.1475636959076)
0.013498879037797451, (311.89812138676643, 667.3552451133728)
0.013456895016133785, (312.5112560391426, 654.309403181076)
0.013439630158245564, (233.36961552500725, 509.60816752910614)
0.013379642739892006, (168.90826866030693, 636.5028955936432)
0.013353575952351093, (167.57156677544117, 857.9262878894806)
0.013338972814381123, (72.06998515874147, 933.1042828559875)
0.013318228535354137, (299.16629523038864, 828.1768712997437)
0.013254497200250626, (186.090539842844, 493.44621455669403)
0.01323212031275034, (61.731100380420685, 940.1317090988159)
0.013216993771493435, (262.9097557067871, 912.0366125106812)
0.013213591650128365, (326.99659779667854, 733.8681664466858)
0.013167141005396843, (246.4948283135891, 910.4671640396118)
0.01314679067581892, (177.65858575701714, 707.413496017456)
0.013122722506523132, (201.8326422572136, 713.9226422309875)
0.013026374392211437, (71.58921517431736, 933.0021035671234)
0.013023302890360355, (375.98614633083344, 766.1451508998871)
0.012983358465135098, (238.84500369429588, 613.9690675735474)
0.012964123860001564, (151.43937438726425, 889.5087389945984)
0.01295279897749424, (227.8386551141739, 742.0077352523804)
0.012858608737587929, (245.83221092820168, 937.9242553710938)
0.012804285623133183, (113.01288887858391, 642.9625797271729)
0.012801849283277988, (235.10821402072906, 575.7123717069626)
0.012789946980774403, (178.5344235599041, 357.873948097229)
0.012751874513924122, (279.73248302936554, 557.9798587560654)
0.012732408940792084, (168.47082071006298, 810.8848328590393)
0.01272751297801733, (259.79466542601585, 739.3911674022675)
0.012697379104793072, (248.71594369411469, 716.1207275390625)
0.012652690522372723, (216.6741107404232, 715.6527829170227)
0.012617082335054874, (184.33159187436104, 858.4513957500458)
0.012560607865452766, (145.5131435394287, 676.4607138633728)
0.012535100802779198, (121.30388617515564, 668.9215972423553)
0.01249254122376442, (262.90000811219215, 925.2845900058746)
0.01249049324542284, (214.92731988430023, 724.6576602458954)
0.012472796253859997, (233.13661515712738, 938.4376130104065)
0.012459035962820053, (152.53500401973724, 745.4160933494568)
0.01245260238647461, (70.45735515654087, 933.2168626785278)
0.01242914516478777, (327.3096379637718, 637.2674539089203)
0.012412505224347115, (258.5741351544857, 748.745772600174)
0.012401362881064415, (185.53819075226784, 761.5325539112091)
0.012379644438624382, (200.6879898905754, 653.331356048584)
0.01237531378865242, (199.3302485346794, 861.4033212661743)
0.012330042198300362, (217.09352016448975, 911.2268793582916)
0.012289870530366898, (184.59836930036545, 826.8745815753937)
0.01228608563542366, (240.0125026702881, 551.0143593549728)
0.012283505871891975, (303.9779269695282, 613.3790159225464)
0.012280301190912724, (258.771430850029, 695.8049125671387)
0.012279207818210125, (153.0496770143509, 714.153359413147)
0.012262978591024876, (339.99092996120453, 806.6666622161865)
0.012242959812283516, (169.16739039123058, 762.4218392372131)
0.012211088091135025, (392.83126026391983, 748.7405326366425)
0.01220220047980547, (184.78880882263184, 539.1747411489487)
0.012190496549010277, (208.1021636724472, 550.9926849603653)
0.012180413119494915, (328.0117057263851, 651.2338621616364)
0.01217928808182478, (201.25961512327194, 556.0508773326874)
0.012176408432424068, (208.0564485490322, 736.825252532959)
0.012161197140812874, (175.6066294759512, 515.8497580289841)
0.012152567505836487, (302.7028977870941, 645.2217979431152)
0.012152360752224922, (175.94850718975067, 612.7954348325729)
0.012152033858001232, (167.8926569223404, 875.1323432922363)
0.01214693021029234, (459.03525799512863, 768.4510524272919)
0.012144184671342373, (143.48163530230522, 707.3316414356232)
0.012124058790504932, (72.72556565701962, 934.3617947101593)
0.012120180763304234, (152.78569243848324, 638.9784607887268)
0.012086866423487663, (271.58798441290855, 613.0760904550552)
0.012041950598359108, (269.9940884113312, 931.5674650669098)
0.01203615590929985, (205.07120937108994, 925.3463580608368)
0.01203116588294506, (29.90511640906334, 916.5980007648468)
0.0120130255818367, (333.4695263206959, 743.8900730609894)
0.011981390416622162, (47.33909457921982, 935.0523583889008)
0.011977225542068481, (186.4728645980358, 890.885499715805)
0.011958781629800797, (262.0984710752964, 894.1712744235992)
0.011957182548940182, (120.12004628777504, 714.3248491287231)
0.01195324957370758, (371.22125923633575, 660.8614218235016)
0.011931115761399269, (88.1116234883666, 729.8570537567139)
0.011918614618480206, (68.40390387922525, 935.5241932868958)
0.011911475099623203, (296.05322018265724, 572.3879324197769)
0.011843573302030563, (270.73998749256134, 901.5929682254791)
0.01184329017996788, (136.76591500639915, 654.5234477519989)
0.011834826320409775, (332.03768134117126, 677.7408528327942)
0.011797855608165264, (208.59913766384125, 772.2115995883942)
0.01178180705755949, (75.7523087784648, 740.04727435112)
0.011768694967031479, (131.16996333003044, 740.0101182460785)
0.01176421344280243, (274.46720480918884, 725.2549366950989)
0.011761020869016647, (219.19689774513245, 938.4630982875824)
0.01176091656088829, (279.315986931324, 909.9752426147461)
0.011735704727470875, (208.11729982495308, 835.2648746967316)
0.0116974962875247, (312.13206365704536, 732.638124704361)
0.011692359112203121, (177.17900410294533, 678.2411105632782)
0.011681306175887585, (82.22815610468388, 925.924341917038)
0.01168091967701912, (215.80780148506165, 913.7298352718353)
0.011667908169329166, (59.82295945286751, 938.5570206642151)
0.01166505552828312, (152.76081964373589, 849.2902722358704)
0.011659679934382439, (167.829867079854, 351.1983139514923)
0.011651896871626377, (345.0991952419281, 620.8234956264496)
0.011619930155575275, (71.79540418088436, 733.2989158630371)
0.011598345823585987, (138.80779512226582, 741.5555899143219)
0.011597055941820145, (153.9190748333931, 913.2298157215118)
0.011558541096746922, (72.19899293035269, 744.8597044944763)
0.011541801504790783, (167.45922848582268, 890.4335131645203)
0.01153262797743082, (296.6525986790657, 556.9090404510498)
0.011524227447807789, (232.72708475589752, 715.1290247440338)
0.011506347917020321, (184.7905831038952, 906.6438961029053)
0.011491671204566956, (146.88891246914864, 891.466103553772)
0.011462132446467876, (152.62976378202438, 655.1639539003372)
0.011455905623733997, (143.72327707707882, 803.9545841217041)
0.011453124694526196, (238.73692587018013, 872.5061688423157)
0.011438622139394283, (231.76283955574036, 912.848171710968)
0.011433316394686699, (231.10880881547928, 896.706146478653)
0.011419959366321564, (450.52764505147934, 773.3268384933472)
0.01141994260251522, (86.18018142879009, 512.6688619852066)
0.011413495056331158, (377.5797137618065, 780.4287357330322)
0.011409293860197067, (345.84121719002724, 809.5289525985718)
0.011376801878213882, (144.6419495344162, 421.49758529663086)
0.011353506706655025, (201.52775064110756, 877.2820780277252)
0.011339593678712845, (208.35536018013954, 422.7875293493271)
0.011324538849294186, (104.13734257221222, 729.2088861465454)
0.011323005892336369, (200.98105296492577, 730.9896004199982)
0.011320358142256737, (184.7499279677868, 556.7277456521988)
0.011317125521600246, (102.64364965260029, 511.0607489347458)
0.011314432136714458, (177.4825595319271, 739.2400023937225)
0.01131356693804264, (459.4630569219589, 772.0135924816132)
0.011304006911814213, (392.2414103150368, 763.6586294174194)
0.01130395382642746, (334.7315002977848, 706.9823105335236)
0.011292081326246262, (168.80828462541103, 542.2311880588531)
0.011257844045758247, (296.20372742414474, 540.6248613595963)
0.011246735230088234, (176.33746907114983, 550.2652430534363)
0.011242879554629326, (277.5120247900486, 921.8034281730652)
0.01114455983042717, (239.8616011440754, 768.9705233573914)
0.011134286411106586, (152.59606339037418, 554.2099431753159)
0.01109385397285223, (183.89599487185478, 398.09126365184784)
0.011092932894825935, (233.77658307552338, 934.4850132465363)
0.01108247134834528, (185.6244733929634, 665.4709224700928)
0.011064049787819386, (233.28889667987823, 698.6826846599579)
0.011059777811169624, (240.18252700567245, 929.4652869701385)
0.011019570752978325, (135.862937271595, 335.8049683570862)
0.01101620402187109, (119.23421993851662, 729.4172937870026)
0.011003442108631134, (108.26410174369812, 659.2624787092209)
0.010968842543661594, (238.2888212800026, 931.7432420253754)
0.010964328423142433, (207.48304903507233, 390.37454402446747)
0.01091005839407444, (169.54558610916138, 570.3128274679184)
0.01088019274175167, (136.31306804716587, 811.4089086055756)
0.010867505334317684, (360.2093906700611, 652.137557387352)
0.01084752194583416, (240.6329096853733, 882.4278016090393)
0.010827800258994102, (168.09974402189255, 428.8503656387329)
0.010825982317328453, (84.13647226989269, 732.0215556621552)
0.010814821347594261, (104.06088419258595, 667.5507910251617)
0.01080129574984312, (120.31911626458168, 636.9258241653442)
0.010800052434206009, (103.9433654397726, 636.6273050308228)
0.010785863734781742, (103.5044827312231, 714.9923093318939)
0.010775083675980568, (200.19679874181747, 413.9059896469116)
0.01077298540621996, (240.06303682923317, 518.4825221300125)
0.010751398280262947, (60.468649975955486, 939.0926084518433)
0.010738824494183064, (342.8728884458542, 715.8384046554565)
0.010723799467086792, (360.4109796881676, 731.4303925037384)
0.01070242840796709, (208.83921325206757, 517.9551118612289)
0.010696765035390854, (136.05437345802784, 732.5303084850311)
0.010682519525289536, (304.1931188106537, 835.1075963973999)
0.01065522525459528, (335.35422921180725, 645.097983956337)
0.01063521672040224, (334.643377661705, 740.4822707176208)
0.010629219003021717, (373.02581280469894, 780.9519381523132)
