0.5559183955192566, (249.35927438735962, 440.25272038578987)
0.11632382869720459, (278.6848340034485, 433.9533694088459)
0.09185581654310226, (260.00589394569397, 445.04564264416695)
0.07086208462715149, (250.83033728599548, 441.25112667679787)
0.05709626525640488, (241.91101098060608, 447.28808414936066)
0.05631743371486664, (330.1108603477478, 477.8224646747112)
0.0552518330514431, (321.0030641555786, 476.98093831539154)
0.053234320133924484, (342.8518681526184, 529.368427157402)
0.05225064232945442, (340.48206996917725, 385.7392283976078)
0.051131341606378555, (311.6993923187256, 480.42832416296005)
0.047166913747787476, (339.6214277744293, 384.6693541407585)
0.04671422392129898, (252.31765294075012, 442.59964257478714)
0.046169131994247437, (266.5245795249939, 424.712390601635)
0.04420493543148041, (250.39772129058838, 442.345432728529)
0.043302908539772034, (323.19051218032837, 483.4887739419937)
0.04300998896360397, (248.27832198143005, 440.2843824028969)
0.042820025235414505, (234.03709387779236, 445.42447450757027)
0.0420263297855854, (347.10995721817017, 397.4906039237976)
0.04189261049032211, (272.6186535358429, 465.8247848749161)
0.04153933748602867, (334.31289625167847, 410.12124598026276)
0.04142836481332779, (340.3327353000641, 400.03762847185135)
0.04130760580301285, (218.3973526954651, 416.9090342223644)
0.038974035531282425, (354.4161365032196, 378.00336733460426)
0.03893854469060898, (315.8523151874542, 483.7083025574684)
0.038441598415374756, (353.9523010253906, 381.8948556780815)
0.03747091069817543, (325.0292465686798, 475.4422516822815)
0.03672821447253227, (347.16412568092346, 390.976809322834)
0.03553652763366699, (239.87236547470093, 442.548077583313)
0.03488485887646675, (373.3871383666992, 414.63477179408073)
0.03458264097571373, (355.01575899124146, 371.5569885969162)
0.033493608236312866, (250.58639073371887, 446.3955092430115)
0.03334739804267883, (356.12041425704956, 399.14533165097237)
0.0330386608839035, (354.2979769706726, 385.8520119190216)
0.032088086009025574, (372.21073150634766, 428.1181828081608)
0.03185412287712097, (354.58797669410706, 390.4020463824272)
0.03138265386223793, (361.4328260421753, 409.2204079627991)
0.030952492728829384, (355.20152378082275, 390.2989958524704)
0.029823947697877884, (362.08473229408264, 376.4229678809643)
0.026877224445343018, (362.5095434188843, 368.80306845903397)
0.026739532127976418, (341.46151471138, 590.9516066014767)
0.026708371937274933, (386.3199863433838, 510.2430989444256)
0.02667669951915741, (384.46322536468506, 506.1048296093941)
0.026360977441072464, (243.05100989341736, 430.1238146722317)
0.02621074952185154, (230.39343881607056, 422.9812290966511)
0.02511574700474739, (389.0483207702637, 415.22347873449326)
0.024688666686415672, (233.32487726211548, 453.48069003224373)
0.02467368356883526, (388.8732433319092, 397.77095380425453)
0.024592753499746323, (237.6750283241272, 421.5156789422035)
0.024561533704400063, (228.8830189704895, 426.2525471150875)
0.02431967668235302, (277.7909324169159, 345.4775770306587)
0.02395123802125454, (236.42760157585144, 423.3091713190079)
0.023293176665902138, (243.6636700630188, 421.87520372867584)
0.022913459688425064, (244.1681706905365, 417.5680570602417)
0.02290007472038269, (202.5857048034668, 431.4567975103855)
0.022801866754889488, (255.37665224075317, 430.2729082107544)
0.022736743092536926, (222.1036241054535, 428.7741864323616)
0.02271973341703415, (235.30059599876404, 429.6266773045063)
0.02260223776102066, (387.5890760421753, 391.0932079553604)
0.02234424091875553, (176.97679352760315, 397.7374246418476)
0.02175191044807434, (228.58348488807678, 433.8462667763233)
0.021744104102253914, (182.54021394252777, 352.4407180249691)
0.021609891206026077, (358.781476020813, 577.0854705274105)
0.021489543840289116, (251.8199815750122, 421.3064394891262)
0.021412646397948265, (242.05371594429016, 428.3280976116657)
0.021366724744439125, (388.26805543899536, 493.90148574113846)
0.02123263105750084, (222.11393451690674, 421.0067030787468)
0.02105451002717018, (183.00290751457214, 336.51901388168335)
0.02079836092889309, (416.6812434196472, 547.7419711649418)
0.02077426016330719, (385.0733799934387, 550.1633010804653)
0.020689768716692924, (251.01789808273315, 429.0367785692215)
0.020496658980846405, (326.8627038002014, 546.939535677433)
0.020291484892368317, (237.8276002407074, 439.34719464182854)
0.020128129050135612, (313.62502241134644, 782.6145086288452)
0.020073743537068367, (86.90886390209198, 447.68082028627396)
0.020010588690638542, (258.5495982170105, 425.79803627729416)
0.019908426329493523, (399.2168698310852, 533.2539962530136)
0.019842855632305145, (387.8453063964844, 431.7947508096695)
0.01965593919157982, (242.24879336357117, 435.92404195666313)
0.01965007185935974, (371.8242130279541, 367.9018729031086)
0.019619492813944817, (268.2017397880554, 529.0230450034142)
0.019562356173992157, (356.95052433013916, 550.610184431076)
0.0194859579205513, (373.57365703582764, 524.0446000099182)
0.019349193200469017, (378.01569271087646, 505.56903836131096)
0.01905650645494461, (257.2560296058655, 430.8459231853485)
0.01899167336523533, (222.5056414604187, 434.76402828097343)
0.018865039572119713, (235.12017488479614, 440.478207975626)
0.018794875591993332, (256.2748553752899, 433.9783573746681)
0.018750948831439018, (279.40871357917786, 524.839924454689)
0.01857553794980049, (431.66526460647583, 544.9547999501228)
0.018526975065469742, (250.49623560905457, 436.9759995639324)
0.018439531326293945, (281.15928840637207, 431.390613168478)
0.018351363018155098, (263.86535811424255, 423.96910786628723)
0.01809001713991165, (295.11151456832886, 539.3259924948215)
0.017849892377853394, (325.3834590911865, 515.671088963747)
0.017833340913057327, (240.87602305412292, 441.58018124103546)
0.017742346972227097, (230.05674290657043, 428.67888256907463)
0.017670748755335808, (296.687566280365, 425.1966963112354)
0.01766343228518963, (448.7944722175598, 521.1571988463402)
0.017620354890823364, (262.2356035709381, 431.86359682679176)
0.0175523292273283, (403.36999225616455, 547.9371077120304)
0.017335474491119385, (228.20310831069946, 441.0710067451)
0.017304912209510803, (387.0417151451111, 421.77088195085526)
0.017145471647381783, (158.0309135913849, 472.9042053222656)
0.016752462834119797, (22.425060376524925, 502.18902865052223)
0.016749132424592972, (219.43710780143738, 466.61200511455536)
0.016431715339422226, (415.6869206428528, 550.3688062429428)
0.016430936753749847, (387.15652656555176, 514.1381229460239)
0.016235703602433205, (307.26673579216003, 786.5389302372932)
0.01621030829846859, (71.10367941856384, 333.8644099831581)
0.01606414094567299, (67.17280733585358, 450.213741928339)
0.01605534739792347, (214.11207962036133, 448.59742972254753)
0.01594090647995472, (27.073654890060425, 499.61586406826973)
0.015911268070340157, (296.1887640953064, 430.44579792022705)
0.015889106318354607, (249.62880849838257, 440.7425083518028)
0.01577632687985897, (309.0131199359894, 571.5528011918068)
0.015739303082227707, (276.824481010437, 436.6556451022625)
0.015725813806056976, (432.6145763397217, 534.3648682534695)
0.015554368495941162, (38.641892194747925, 496.1069418787956)
0.015500491484999657, (102.07328402996063, 448.70798856019974)
0.015411731787025928, (401.47269916534424, 470.7242933213711)
0.015399495139718056, (467.0995101928711, 508.99366092681885)
0.01526641845703125, (135.01889562606812, 352.1138881444931)
0.01523621752858162, (119.12648284435272, 366.51180309057236)
0.015233864076435566, (358.1809000968933, 526.8208464384079)
0.015229536220431328, (467.78327894210815, 494.516292989254)
0.015187523327767849, (404.37930393218994, 368.14150312542915)
0.015127680264413357, (403.3715000152588, 399.43521589040756)
0.015123255550861359, (386.90264654159546, 576.7661886811256)
0.015121749602258205, (402.13354110717773, 512.2890134751797)
0.015085248276591301, (418.0201778411865, 422.66401302814484)
0.015058993361890316, (375.056227684021, 543.152885556221)
0.015053357928991318, (402.01642370224, 595.0194805860519)
0.015035459771752357, (122.9618228673935, 286.8394021689892)
0.014971769414842129, (449.04711055755615, 526.9012528657913)
0.01493188738822937, (402.3687071800232, 408.669163107872)
0.014924404211342335, (109.109330534935, 328.3730562031269)
0.014795171096920967, (435.21448516845703, 399.6604253947735)
0.014792105183005333, (117.44156205654144, 448.8506066799164)
0.014773458242416382, (417.80798292160034, 535.3412263393402)
0.014765720814466476, (386.71515226364136, 529.0887923538685)
0.014713515527546406, (325.2643904685974, 585.0844401717186)
0.014703157357871532, (70.7096221446991, 449.6350063383579)
0.014621887356042862, (222.61943292617798, 439.80230137705803)
0.014561161398887634, (466.46124029159546, 509.1764822602272)
0.014444797299802303, (261.5147616863251, 438.26079416275024)
0.014429721049964428, (86.82778859138489, 461.8257966339588)
0.014416897669434547, (250.3764352798462, 441.8320472240448)
0.014401748776435852, (55.44511342048645, 448.3133455514908)
0.01436576433479786, (315.092581987381, 784.152162373066)
0.014347054064273834, (59.82239305973053, 334.0878317952156)
0.0143428398296237, (216.54635667800903, 428.6178626716137)
0.014294666238129139, (70.80879610776901, 320.33801490068436)
0.014242636039853096, (474.7473521232605, 502.8120990097523)
0.014201628975570202, (282.9711935520172, 427.9185174405575)
0.014170806854963303, (431.39147329330444, 538.6389227509499)
0.014122785069048405, (134.59839713573456, 367.8865782022476)
0.014084680937230587, (39.18363779783249, 482.0266799926758)
0.014082668349146843, (118.3708848953247, 302.70691937208176)
0.014053145423531532, (109.05637049674988, 295.66005478799343)
0.014017774723470211, (118.38131725788116, 288.3181216567755)
0.013936268165707588, (435.57373094558716, 414.21784222126007)
0.013912076130509377, (134.6757252216339, 449.1269441843033)
0.013872313313186169, (103.19179737567902, 302.5030628591776)
0.013867384754121304, (217.49098992347717, 435.2856768965721)
0.013803248293697834, (482.58552646636963, 508.94018906354904)
0.013784768059849739, (118.400186419487, 353.29789662361145)
0.013730369508266449, (427.14047956466675, 414.5702956914902)
0.013714087195694447, (259.8749406337738, 440.292089343071)
0.013711797073483467, (419.6031918525696, 415.6292451620102)
0.013698236085474491, (198.57298135757446, 439.9825404882431)
0.013687225058674812, (245.323890209198, 442.35115334391594)
0.013620925135910511, (420.49853467941284, 368.2673963904381)
0.01357944868505001, (482.9579429626465, 494.09503322839737)
0.013554547913372517, (27.578075140714645, 500.85155671834946)
0.013551353476941586, (417.32949113845825, 576.3230396211147)
0.01353965513408184, (75.05727875232697, 450.005535364151)
0.013512486591935158, (310.6575529575348, 854.970838367939)
0.013503395020961761, (401.8636965751648, 556.2450303137302)
0.013478930108249187, (420.5956521034241, 429.79638889431953)
0.013474764302372932, (255.58117532730103, 440.17239341139793)
0.013469397090375423, (71.25975465774536, 306.5768958181143)
0.013466425240039825, (277.60075521469116, 431.10764133930206)
0.013404188677668571, (418.8258533477783, 556.8835940063)
0.013381223194301128, (255.01780557632446, 442.0030300617218)
0.013363388366997242, (256.6694004535675, 445.71900674700737)
0.013325204141438007, (86.57607042789459, 319.09685985744)
0.01327383704483509, (325.1129493713379, 578.4013312458992)
0.013216160237789154, (419.46616315841675, 399.8223505914211)
0.013207418844103813, (324.34297227859497, 572.4503816366196)
0.013198070228099823, (465.4186248779297, 573.1899698078632)
0.013194027356803417, (135.01274263858795, 288.18152210116386)
0.01315013226121664, (435.24441862106323, 383.12089478969574)
0.013112456537783146, (102.90802824497223, 287.88623505830765)
0.013111117295920849, (200.14956521987915, 429.3481151163578)
0.013072359375655651, (232.95128560066223, 440.8894963860512)
0.013067327439785004, (354.90890765190125, 451.2470280826092)
0.013036303222179413, (260.85119247436523, 439.3551399409771)
0.013016813434660435, (450.58524656295776, 412.33675292134285)
0.012999352999031544, (43.528337091207504, 664.7025349736214)
0.01297913771122694, (432.32934379577637, 543.4138886332512)
0.012945064343512058, (424.16261100769043, 541.8179561197758)
0.012944748625159264, (51.21842122077942, 660.5455941855907)
0.012923507951200008, (420.0704641342163, 444.8447060286999)
0.012912891805171967, (465.55685091018677, 525.1366019248962)
0.01290111243724823, (346.42601108551025, 571.1689637899399)
0.012887286022305489, (447.43336486816406, 538.9740157425404)
0.012864377349615097, (35.359539449214935, 497.54591500759125)
0.012842155992984772, (308.189617395401, 780.6290578246117)
0.01279347576200962, (417.6248345375061, 543.8921956419945)
0.012783939950168133, (404.1183285713196, 352.1586201786995)
0.012776792049407959, (446.717312335968, 551.1895159184933)
0.012617984786629677, (435.73820972442627, 605.453922778368)
0.012575607746839523, (131.3863159418106, 447.8408783376217)
0.012573020532727242, (134.82418406009674, 463.0727716088295)
0.012517277151346207, (425.9571990966797, 545.8978672325611)
0.012492640875279903, (38.92345234751701, 507.67164260149)
0.01245181169360876, (341.7190089225769, 559.371108263731)
0.01240437664091587, (22.9630047082901, 506.66787323355675)
0.012402256950736046, (389.49581480026245, 547.875849455595)
0.012400043196976185, (282.82955288887024, 442.4718821644783)
0.012392653152346611, (117.80449962615967, 463.3283321559429)
0.012367541901767254, (118.46364533901215, 431.6958318352699)
0.012361451052129269, (34.81444573402405, 496.58211049437523)
0.012349207885563374, (87.5579320192337, 351.89495542645454)
0.01225034799426794, (54.79745328426361, 492.9915503561497)
0.012170342728495598, (388.66703510284424, 557.3276965022087)
0.012145351618528366, (135.24886214733124, 493.48201367259026)
0.012118188664317131, (102.9852454662323, 271.48479375243187)
0.012104496359825134, (356.1302590370178, 570.6256642341614)
0.012076293118298054, (425.3093948364258, 542.4149658977985)
0.012051230296492577, (55.64285159111023, 289.2005861699581)
0.012035615742206573, (358.5054008960724, 647.0376719236374)
0.011940603144466877, (86.59471786022186, 335.5173102915287)
0.01193955633789301, (483.1430869102478, 415.9545257091522)
0.011901252903044224, (420.3962731361389, 352.635655939579)
0.011883703991770744, (55.6097252368927, 334.4123178124428)
0.011862882412970066, (151.63923454284668, 495.994595348835)
0.011861092410981655, (467.65698194503784, 650.2681511044502)
0.011834809556603432, (87.14946234226227, 288.56377044320107)
0.011805263347923756, (217.7666437625885, 440.78465816378593)
0.011802454479038715, (463.8847904205322, 571.3144024908543)
0.011765167117118835, (341.66812205314636, 583.4728554189205)
0.011755552142858505, (268.1222276687622, 439.9297439754009)
0.011727871373295784, (43.251577377319336, 663.0097889900208)
0.011722024530172348, (433.63005208969116, 597.9013994932175)
0.011699249036610126, (530.5750150680542, 541.0148055553436)
0.011694216169416904, (151.94460010528564, 527.159395635128)
0.011683215387165546, (234.49308013916016, 444.2470209002495)
0.011680402792990208, (463.30452489852905, 531.0772226452827)
0.011639381758868694, (326.0971169471741, 776.0253131389618)
0.011637232266366482, (395.2345232963562, 552.7131462097168)
0.01158083975315094, (267.77262711524963, 438.13521870970726)
0.011529866605997086, (408.38333559036255, 556.4207406044006)
0.01152535155415535, (262.576046705246, 438.9054360091686)
0.011407874524593353, (269.83180475234985, 444.1590664386749)
0.011399080976843834, (355.45327520370483, 570.2370596528053)
0.011369028128683567, (55.090601563453674, 321.83081743121147)
0.011341367848217487, (273.192134141922, 437.71499183773994)
0.011323978193104267, (386.0014500617981, 546.6869546175003)
0.011299669742584229, (280.625186920166, 433.79478123784065)
0.01128480676561594, (478.87635040283203, 516.7709964513779)
0.011283322237432003, (135.45181095600128, 509.5354508757591)
0.011259442195296288, (27.609236419200897, 506.10880225896835)
0.01116965338587761, (274.2658360004425, 438.21300318837166)
0.011152508668601513, (325.9506425857544, 837.8209896087646)
0.011107547208666801, (51.45476245880127, 335.5636313855648)
0.011082382872700691, (326.6290454864502, 801.5798582434654)
0.011070332489907742, (546.570698261261, 543.0332293510437)
0.011031045578420162, (340.5282561779022, 571.9060491919518)
0.011003924533724785, (39.190766394138336, 666.3395446836948)
0.010871431790292263, (45.56354856491089, 487.23879623413086)
0.010782893747091293, (54.96837329864502, 477.8467772901058)
0.010782863013446331, (55.409753143787384, 666.8422040343285)
0.01074907649308443, (66.64123910665512, 313.864959821105)
0.010730444453656673, (482.34960651397705, 664.9726751446724)
0.010706210508942604, (446.8875117301941, 608.039362847805)
0.010702831670641899, (464.58913564682007, 405.81644317507744)
0.010681374929845333, (280.3786461353302, 435.6915625035763)
0.010622906498610973, (87.51465046405792, 747.3941892981529)
0.010592315346002579, (267.75912380218506, 440.39990705251694)
0.01059007178992033, (219.14648723602295, 439.5126554965973)
0.010562018491327763, (258.18363404273987, 441.81548127532005)
0.010555378161370754, (450.1169099807739, 600.6887296140194)
0.010497810319066048, (443.4696879386902, 603.5826061964035)
0.010442957282066345, (54.97838991880417, 508.66544061899185)
0.010439680889248848, (339.36402225494385, 974.8964686393738)
0.010428347624838352, (329.9481110572815, 844.5296029448509)
0.010372678749263287, (293.98579502105713, 743.1138182878494)
0.010371219366788864, (372.9082918167114, 745.4350374341011)
0.010360653512179852, (467.0853638648987, 415.8323270082474)
0.010324843227863312, (267.5760419368744, 438.2926945388317)
0.010301667265594006, (262.1503930091858, 441.69276612997055)
0.010280215181410313, (255.39472317695618, 440.92326390743256)
0.010279075242578983, (375.14168214797974, 569.8921939432621)
0.010266067460179329, (339.2299647331238, 839.2341405153275)
0.010260416194796562, (497.6849799156189, 651.783716917038)
0.010257989168167114, (325.5837028026581, 769.9808473587036)
0.010232406668365002, (103.75569927692413, 855.9546253085136)
0.010229948908090591, (388.2808713912964, 638.7148121595383)
0.010218738578259945, (324.9828608036041, 824.3474307656288)
