0.37623506784439087, (664.2725467681885, 785.6743530035019)
0.354561448097229, (663.8752937316895, 785.6038902997971)
0.18806780874729156, (662.7861976623535, 786.262144446373)
0.14952613413333893, (663.1899356842041, 786.638848900795)
0.07232431322336197, (445.96357345581055, 575.5352610647678)
0.06397043168544769, (648.8257884979248, 789.8540861606598)
0.06070985645055771, (672.1694946289062, 784.1708475351334)
0.057531580328941345, (439.2709255218506, 574.8064689338207)
0.052958644926548004, (443.11633110046387, 575.2221311330795)
0.04970856383442879, (597.5271224975586, 782.4855392575264)
0.04707759618759155, (443.4107780456543, 575.5092515945435)
0.04266759008169174, (440.2878761291504, 575.8856925666332)
0.04190564528107643, (437.6418113708496, 574.1515647768974)
0.041029784828424454, (454.50615882873535, 566.7589657008648)
0.038152702152729034, (437.52126693725586, 573.0304098129272)
0.034878332167863846, (655.0274848937988, 795.3947432041168)
0.033936820924282074, (451.6079902648926, 578.6542519927025)
0.033823587000370026, (442.17686653137207, 575.2686922252178)
0.03184648975729942, (446.2204933166504, 570.5041412115097)
0.031002061441540718, (663.2620334625244, 783.192575275898)
0.030651284381747246, (588.8002872467041, 779.5133079886436)
0.030606936663389206, (322.3743200302124, 686.6686082482338)
0.02984900213778019, (667.863941192627, 785.2435217499733)
0.02910611592233181, (536.5372657775879, 776.2390506863594)
0.029100684449076653, (677.7569770812988, 781.5423477888107)
0.028357964009046555, (573.5241413116455, 845.7767808437347)
0.027794668450951576, (456.1309814453125, 612.3540186882019)
0.02764119766652584, (571.8648910522461, 848.5994294285774)
0.027637625113129616, (416.49169921875, 564.9960806965828)
0.027526922523975372, (492.3830986022949, 604.1424788832664)
0.0271869245916605, (667.0773506164551, 777.4330020546913)
0.02673564851284027, (665.0648593902588, 787.116053044796)
0.02634705789387226, (473.45685958862305, 482.0562464296818)
0.025741800665855408, (456.7172050476074, 600.6918389797211)
0.02569032460451126, (449.5343208312988, 576.2923210859299)
0.025603465735912323, (660.004711151123, 786.1754963994026)
0.02558094635605812, (621.6539859771729, 778.3714508414268)
0.025089392438530922, (666.4227962493896, 780.1967811584473)
0.02497679553925991, (661.3737106323242, 785.6753316521645)
0.024948464706540108, (432.3978900909424, 578.5085839033127)
0.024899804964661598, (470.9373474121094, 574.8616120219231)
0.02487008087337017, (595.8290100097656, 782.6434028148651)
0.024281829595565796, (599.113655090332, 780.0662444829941)
0.024080924689769745, (644.4088459014893, 787.3263119459152)
0.023757942020893097, (455.049991607666, 568.8745029866695)
0.023680804297327995, (460.9828472137451, 577.9792102575302)
0.02364322915673256, (622.5551128387451, 778.877186357975)
0.023514429107308388, (427.8268337249756, 572.4631323516369)
0.023281129077076912, (653.4604549407959, 785.7837358117104)
0.023252958431839943, (664.8519992828369, 783.6825018525124)
0.0231480672955513, (569.6563243865967, 777.2686643600464)
0.02299310639500618, (439.3882751464844, 576.7738538682461)
0.02291744202375412, (331.1537265777588, 675.6588860750198)
0.022861218079924583, (428.80969047546387, 550.7282865643501)
0.022654013708233833, (497.1649169921875, 579.6408427655697)
0.022126739844679832, (669.5450782775879, 783.3463736772537)
0.022058922797441483, (485.71224212646484, 481.13774701952934)
0.02201857417821884, (460.1951599121094, 552.3758039474487)
0.021732579916715622, (435.04366874694824, 575.4572326540947)
0.021323105320334435, (341.9562339782715, 685.9180600047112)
0.021028587594628334, (561.0039234161377, 772.947403550148)
0.020876290276646614, (456.572961807251, 573.9594485163689)
0.020619915798306465, (325.1056909561157, 669.8213220834732)
0.020536942407488823, (441.347599029541, 614.2788700461388)
0.020508086308836937, (659.154462814331, 787.524676501751)
0.020397888496518135, (411.24486923217773, 550.2937289178371)
0.020261382684111595, (568.2370662689209, 577.7752749323845)
0.01964586414396763, (431.85458183288574, 603.7115723490715)
0.01964273303747177, (340.61427116394043, 678.4319999814034)
0.019429828971624374, (397.4123239517212, 547.9791495501995)
0.019387194886803627, (570.3763484954834, 847.7040411829948)
0.01933428831398487, (375.7361888885498, 582.1164098381996)
0.019157124683260918, (580.0150394439697, 837.4280796647072)
0.019119221717119217, (312.9075765609741, 688.4365746974945)
0.019097113981842995, (581.9313049316406, 777.4631896018982)
0.019076993688941002, (602.8054714202881, 767.5061922669411)
0.019062405452132225, (522.0684051513672, 720.9807078838348)
0.019014207646250725, (659.4191551208496, 788.3280717730522)
0.019002923741936684, (462.50314712524414, 722.3754327893257)
0.0189791452139616, (533.7432384490967, 802.5620648860931)
0.018953677266836166, (461.84492111206055, 605.1212781071663)
0.018906498327851295, (463.35673332214355, 516.2542958557606)
0.018791155889630318, (566.9929504394531, 568.0183736085892)
0.018779726698994637, (691.333818435669, 772.0959792137146)
0.018778014928102493, (525.360918045044, 786.4681876301765)
0.0187198705971241, (439.74175453186035, 575.041796296835)
0.018606191501021385, (648.0920791625977, 791.2141066789627)
0.018440598621964455, (494.40274238586426, 609.5839160084724)
0.018374944105744362, (585.9479904174805, 828.317914545536)
0.01825879141688347, (325.09145736694336, 688.5336114764214)
0.01822751946747303, (493.3971881866455, 661.8078457117081)
0.018205326050519943, (669.1227436065674, 782.6559746861458)
0.01819492317736149, (564.1607284545898, 800.104226410389)
0.018140630796551704, (672.5768566131592, 782.9077885150909)
0.018074417486786842, (367.6671028137207, 671.8534483909607)
0.01779007725417614, (556.06689453125, 574.9655369818211)
0.017759215086698532, (401.03092193603516, 594.7145917117596)
0.017678068950772285, (529.3601989746094, 741.1377085447311)
0.017661910504102707, (670.7464218139648, 781.3537697196007)
0.01754124090075493, (451.24993324279785, 607.9269132614136)
0.0174665916711092, (311.3762855529785, 681.1864442825317)
0.017400464043021202, (523.3663082122803, 739.6186952590942)
0.017383327707648277, (487.8631591796875, 475.33029529452324)
0.017376642674207687, (582.9858779907227, 577.430602401495)
0.017357103526592255, (653.777265548706, 789.2255678772926)
0.017339089885354042, (342.89116859436035, 660.5051890611649)
0.017315082252025604, (563.1889343261719, 779.4201105237007)
0.017264533787965775, (341.8519973754883, 698.276435315609)
0.017258670181035995, (463.6161804199219, 656.7686331868172)
0.01723632961511612, (457.74173736572266, 593.6445899605751)
0.01720980927348137, (556.7903995513916, 709.5202803611755)
0.01716895028948784, (602.7702808380127, 773.1558557152748)
0.017096498981118202, (585.9493255615234, 776.0778747797012)
0.01708534173667431, (398.6822843551636, 606.5050873160362)
0.016970498487353325, (335.74535846710205, 646.4841649532318)
0.01691318489611149, (363.03138732910156, 869.2963430285454)
0.01689675636589527, (555.2764415740967, 573.6837330758572)
0.01686747372150421, (594.5774555206299, 851.0304679870605)
0.0168115496635437, (399.42736625671387, 562.9045579433441)
0.016810256987810135, (408.72745513916016, 532.5022726356983)
0.016759783029556274, (494.5293426513672, 544.3468197584152)
0.01673191785812378, (402.08373069763184, 656.9236360788345)
0.016708627343177795, (521.1041927337646, 543.9449715614319)
0.016703803092241287, (484.71713066101074, 472.8695961534977)
0.016671760007739067, (451.90744400024414, 601.5173667669296)
0.01664668694138527, (428.05981636047363, 570.8758395016193)
0.016559163108468056, (431.25438690185547, 577.5451795756817)
0.016554029658436775, (562.8416061401367, 573.0069222450256)
0.016514278948307037, (562.28928565979, 575.5893878638744)
0.01649181917309761, (595.4272747039795, 878.843964099884)
0.01644478365778923, (584.9471569061279, 785.8216019868851)
0.01642674393951893, (504.63318824768066, 770.9571332931519)
0.016361379995942116, (554.1452884674072, 580.2175679504871)
0.016240408644080162, (553.6088466644287, 650.7114002108574)
0.01623525284230709, (458.7904930114746, 654.149242401123)
0.01622801274061203, (457.5904846191406, 635.3273443579674)
0.01621697098016739, (474.3008613586426, 671.7802003026009)
0.016195401549339294, (434.88502502441406, 579.3606481254101)
0.016164615750312805, (431.6805362701416, 521.8785520792007)
0.01614769920706749, (457.34238624572754, 499.12515887618065)
0.01612069085240364, (317.453408241272, 689.1284793019295)
0.016036774963140488, (617.6060676574707, 768.4225838184357)
0.01602283865213394, (661.5616321563721, 785.468460381031)
0.01602219231426716, (501.58748626708984, 479.5617086291313)
0.016019651666283607, (557.2641849517822, 767.7019972801208)
0.01596338301897049, (596.5058326721191, 772.3306290507317)
0.0159614197909832, (544.0040588378906, 576.8420581519604)
0.015890149399638176, (399.8465061187744, 548.7684296965599)
0.015844253823161125, (472.75609970092773, 467.8093426823616)
0.015794787555933, (453.47394943237305, 498.02767968177795)
0.01579110510647297, (660.4825496673584, 787.0609475970268)
0.015787821263074875, (369.03343200683594, 643.3126657605171)
0.01572900265455246, (395.21284103393555, 532.3495281636715)
0.01572641171514988, (586.0994338989258, 778.5108706355095)
0.015712060034275055, (583.5433483123779, 724.4134309887886)
0.015624400228261948, (402.0657539367676, 612.2813728451729)
0.015617876313626766, (625.055742263794, 886.8456966876984)
0.015540095046162605, (556.795072555542, 701.6472024321556)
0.015538702718913555, (570.4367637634277, 569.5877120196819)
0.015425007790327072, (565.8726215362549, 854.4135058522224)
0.015410104766488075, (314.4444942474365, 697.0216571688652)
0.015349765308201313, (493.0511474609375, 482.001442104578)
0.015275201760232449, (371.0171699523926, 550.8683838844299)
0.015251285396516323, (496.37885093688965, 737.1330782175064)
0.015238270163536072, (400.82483291625977, 702.5118761658669)
0.015228220261633396, (528.688907623291, 708.2514247298241)
0.01518933568149805, (424.57733154296875, 534.7663386762142)
0.015184463001787663, (395.2495813369751, 681.5573521256447)
0.015171469189226627, (558.7873458862305, 715.3643937706947)
0.015159248374402523, (528.2654762268066, 641.7603031396866)
0.015103652141988277, (689.5811557769775, 776.7087267637253)
0.015060175210237503, (465.8695697784424, 574.0767734348774)
0.015058725140988827, (304.8391819000244, 675.3267477750778)
0.015038893558084965, (677.4453163146973, 775.9928829073906)
0.01502710860222578, (311.6527795791626, 670.9733421206474)
0.015000256709754467, (397.1576452255249, 550.9011309742928)
0.014986974187195301, (523.2042789459229, 561.011587947607)
0.014985468238592148, (670.6576824188232, 783.5341989398003)
0.014962826855480671, (507.6942443847656, 751.2119931578636)
0.01494266465306282, (432.4328899383545, 634.8648199439049)
0.01492653600871563, (586.0621452331543, 848.1628015637398)
0.014922287315130234, (369.7273015975952, 702.9532467126846)
0.014905677177011967, (371.58985137939453, 611.2740422487259)
0.014839761890470982, (362.8089427947998, 864.4755197167397)
0.014714461751282215, (528.9649486541748, 609.2225688099861)
0.014668884687125683, (475.8397579193115, 481.85430604219437)
0.014668768271803856, (559.190559387207, 575.8424061834812)
0.014663703739643097, (533.8009357452393, 575.0560619831085)
0.014649090357124805, (576.4669418334961, 777.2942597866058)
0.014582893811166286, (652.3416996002197, 787.6011616587639)
0.014555071480572224, (497.0990180969238, 708.0434995293617)
0.014532143250107765, (582.1922302246094, 779.6174211502075)
0.014529282227158546, (495.71566581726074, 638.4254449009895)
0.014527084305882454, (487.6585006713867, 590.8652653992176)
0.014466039836406708, (521.260929107666, 722.4257955551147)
0.014389672316610813, (462.94121742248535, 485.5542755126953)
0.01432169508188963, (583.7764263153076, 565.6170709133148)
0.014310874976217747, (626.1312961578369, 829.4119684696198)
0.014305091463029385, (554.1312217712402, 657.0065200924873)
0.01427022460848093, (574.9794960021973, 779.0567307472229)
0.014262331649661064, (531.9490432739258, 542.5222046077251)
0.014226002618670464, (652.5222301483154, 788.9527507424355)
0.014204400591552258, (355.3483009338379, 868.3325246572495)
0.014168181456625462, (504.1491508483887, 608.5423327088356)
0.014159606769680977, (675.9364604949951, 779.6047739982605)
0.014106184244155884, (547.9367733001709, 651.4566788077354)
0.014105401001870632, (626.0002136230469, 856.1369814276695)
0.01409362256526947, (556.4340114593506, 579.8961571455002)
0.014053448103368282, (328.2042980194092, 695.7447465062141)
0.013980798423290253, (627.4037837982178, 666.3342463374138)
0.013870990835130215, (214.42797183990479, 837.4268751740456)
0.013840973377227783, (593.3345317840576, 776.2509450316429)
0.013818570412695408, (602.3230075836182, 878.1925604939461)
0.013789002783596516, (594.8208332061768, 828.8022703528404)
0.013682268559932709, (464.0416622161865, 672.1328149437904)
0.013676908798515797, (300.23183822631836, 702.3725316524506)
0.01362460944801569, (594.0932273864746, 798.1823862791061)
0.013621341437101364, (399.9886989593506, 672.7647208571434)
0.013619535602629185, (519.3877220153809, 525.8911621570587)
0.013610325753688812, (549.4085788726807, 583.0178205370903)
0.013607759959995747, (503.3688545227051, 465.72132048010826)
0.013545604422688484, (608.6538314819336, 773.4991355538368)
0.01349067222326994, (403.34534645080566, 686.5497400760651)
0.01348043791949749, (523.6137866973877, 708.1278138756752)
0.01347065158188343, (395.26681900024414, 687.9306133389473)
0.013457458466291428, (519.7402477264404, 510.34453770518303)
0.013443538919091225, (362.0631694793701, 863.1456867456436)
0.013421605341136456, (361.9718074798584, 608.5668742060661)
0.013421503826975822, (527.9938697814941, 846.263470351696)
0.013394669629633427, (397.0364570617676, 693.9032308459282)
0.013388616964221, (585.1141929626465, 671.3815891742706)
0.013377081602811813, (214.33298587799072, 851.7058861255646)
0.013366488739848137, (649.4787693023682, 788.4699758291245)
0.013288171961903572, (336.42144203186035, 673.612757563591)
0.01322246715426445, (465.4337406158447, 705.41477394104)
0.013146921060979366, (360.8999252319336, 625.27172935009)
0.01314100157469511, (661.0561847686768, 786.1088730096817)
0.013131092302501202, (480.13949394226074, 477.96869444847107)
0.013096490874886513, (600.674295425415, 574.9716723561287)
0.01308119110763073, (490.3639793395996, 477.2922976613045)
0.013046454638242722, (647.0796585083008, 870.5039954781532)
0.013019638136029243, (348.52471351623535, 559.4585854411125)
0.013008637353777885, (400.9955406188965, 533.2691944241524)
0.01300707645714283, (580.1044940948486, 683.2945287823677)
0.013000846840441227, (363.3930444717407, 874.770903646946)
0.012993322685360909, (631.6746234893799, 672.5319530367851)
0.012990325689315796, (504.6781539916992, 724.3249762058258)
0.01298479363322258, (337.1908903121948, 668.2232640981674)
0.012964075431227684, (303.52091789245605, 650.2610712647438)
0.012957176193594933, (336.1125946044922, 701.8314895033836)
0.012913232669234276, (601.5620708465576, 777.830634534359)
0.012908784672617912, (467.2595977783203, 738.514026761055)
0.012894713319838047, (659.296989440918, 787.6986501216888)
0.012893815524876118, (683.3806991577148, 776.8534914851189)
0.012883422896265984, (600.762128829956, 778.1565998196602)
0.012870070524513721, (601.1068820953369, 562.1810730993748)
0.012859188951551914, (584.367036819458, 548.5090878009796)
0.012828855775296688, (587.5683784484863, 778.4229428172112)
0.01282839197665453, (398.94421100616455, 592.5416529178619)
0.012824823148548603, (402.89392471313477, 680.3978793025017)
0.01281677931547165, (566.4875507354736, 775.2508413791656)
0.012793060392141342, (420.3789234161377, 790.9350412487984)
0.012778964824974537, (310.5693817138672, 697.2977866530418)
0.012775558978319168, (362.4263525009155, 855.3271872997284)
0.012706510722637177, (488.80391120910645, 706.6401173472404)
0.01269572414457798, (561.934757232666, 828.564759850502)
0.012653362937271595, (666.1239624023438, 785.1808129549026)
0.012642418034374714, (401.10464096069336, 518.2067752182484)
0.012632542289793491, (409.27772521972656, 672.9764100909233)
0.012617348693311214, (462.25409507751465, 529.8268353939056)
0.012601189315319061, (483.229923248291, 479.03632485866547)
0.012600738555192947, (298.2694625854492, 691.4239373803139)
0.012586655095219612, (527.3751735687256, 545.734656482935)
0.012581855989992619, (475.3695011138916, 722.1090897917747)
0.012578864581882954, (652.8839588165283, 684.1128296256065)
0.012512404471635818, (611.7106437683105, 837.5490556955338)
0.012510966509580612, (587.2313022613525, 810.9682804942131)
0.012493275105953217, (593.0109977722168, 782.1493358016014)
0.01249317079782486, (669.9522495269775, 784.7042863368988)
0.012460821308195591, (670.9061622619629, 786.2872881889343)
0.012402567081153393, (609.2387676239014, 774.0029137730598)
0.012392465956509113, (600.2052307128906, 778.6431387662888)
0.012385074980556965, (602.535343170166, 779.5484640598297)
0.012319907546043396, (559.4057559967041, 797.3885516524315)
0.012316606938838959, (696.7760562896729, 766.9406086206436)
0.012287485413253307, (329.62257862091064, 629.677982032299)
0.012263048440217972, (522.1713542938232, 691.2708917856216)
0.012254623696208, (394.5858955383301, 817.1138929724693)
0.012235742062330246, (504.5511245727539, 451.07892975211143)
0.012195000424981117, (367.7929878234863, 831.518396794796)
0.012176627293229103, (631.6419124603271, 868.70719653368)
0.012146678753197193, (344.78564262390137, 627.4317198693752)
0.012051445432007313, (605.8241844177246, 783.0791273117065)
0.012036902830004692, (275.41887760162354, 676.7494770884514)
0.012028723955154419, (595.9192752838135, 779.1523371934891)
0.012027081102132797, (498.66857528686523, 462.197846531868)
0.012024412862956524, (594.8882102966309, 779.5057046413422)
0.01201372779905796, (335.63363552093506, 679.1806662082672)
0.011999529786407948, (552.7774810791016, 690.1641154289246)
0.01198633760213852, (361.55412197113037, 641.7193504571915)
