0.19924582540988922, (196.2247133255005, 477.0158290863037)
0.19601689279079437, (195.0214982032776, 476.6411453485489)
0.19446109235286713, (195.91219425201416, 475.8649832010269)
0.165647491812706, (194.469153881073, 477.8610022366047)
0.12446672469377518, (198.13343286514282, 477.36081048846245)
0.11810822039842606, (217.40193367004395, 568.4275457262993)
0.11153274774551392, (230.30908107757568, 569.6778410673141)
0.1099758893251419, (207.0382833480835, 564.3602028489113)
0.09241695702075958, (242.6954746246338, 570.0780680775642)
0.09011247009038925, (231.81874752044678, 551.1939708888531)
0.08833310753107071, (207.61425495147705, 573.0935360491276)
0.08105397969484329, (226.82459354400635, 579.3165618181229)
0.08100607991218567, (219.29974555969238, 577.908700555563)
0.07846928387880325, (231.3993215560913, 577.0136922597885)
0.07688359171152115, (242.56157875061035, 554.5981456339359)
0.07611936330795288, (244.66073513031006, 560.0340411067009)
0.0729711726307869, (197.48997688293457, 474.4448655843735)
0.07203178107738495, (229.5654296875, 523.5198962688446)
0.07190679013729095, (215.18347263336182, 570.2464181184769)
0.07189587503671646, (237.18125820159912, 569.6146085858345)
0.06943938136100769, (194.57870721817017, 476.0676731169224)
0.06815613806247711, (201.17361545562744, 489.8039175570011)
0.06369485706090927, (206.09171390533447, 474.2678293585777)
0.06329222768545151, (187.97733783721924, 558.3084715902805)
0.06325198709964752, (210.07654666900635, 461.25713899731636)
0.06288855522871017, (210.81879138946533, 475.7540503144264)
0.06278710067272186, (192.0518159866333, 571.7867068946362)
0.06127345189452171, (235.80167293548584, 577.2362205386162)
0.06045589968562126, (228.07042598724365, 552.4747414886951)
0.056205857545137405, (192.03269481658936, 477.72010937333107)
0.05538814887404442, (239.42499160766602, 573.577459603548)
0.05477159470319748, (265.3146982192993, 550.7834750413895)
0.05333134904503822, (229.8398733139038, 565.5378066003323)
0.053050696849823, (199.85212087631226, 490.61346262693405)
0.052690740674734116, (244.90177631378174, 582.3012232780457)
0.0487755611538887, (172.46692180633545, 534.7134073078632)
0.04848337173461914, (177.68239974975586, 512.2858619689941)
0.046828292310237885, (258.14850330352783, 573.3435951173306)
0.04650978744029999, (240.77584743499756, 533.5459987819195)
0.04598098620772362, (258.3483695983887, 561.5553748607635)
0.04552602395415306, (232.08436965942383, 542.0658947527409)
0.04506614804267883, (142.2303318977356, 508.0043089389801)
0.04491201043128967, (233.5690975189209, 591.0708838701248)
0.04406662657856941, (269.46401596069336, 835.1878654956818)
0.043969254940748215, (185.01875400543213, 542.6313064992428)
0.04363468289375305, (221.04482650756836, 580.4042856395245)
0.04232951998710632, (221.8947172164917, 545.008339881897)
0.042253799736499786, (192.90099143981934, 479.8954465985298)
0.04222803935408592, (189.65835571289062, 572.3071786761284)
0.04190005734562874, (195.9950089454651, 476.127188205719)
0.041014574468135834, (267.5716161727905, 530.0364120304585)
0.04098350927233696, (181.90338611602783, 477.2447983920574)
0.040919721126556396, (195.2025294303894, 476.9223789870739)
0.04036929830908775, (258.8479995727539, 546.6717810928822)
0.04008714482188225, (246.95050716400146, 570.1700827479362)
0.039922818541526794, (144.84511613845825, 462.8411531448364)
0.03981330245733261, (244.5824384689331, 534.4977249205112)
0.03831789642572403, (208.73360633850098, 536.9300407171249)
0.03826597332954407, (216.97275638580322, 580.7442246377468)
0.03788498416543007, (261.8114709854126, 841.7390891909599)
0.03785093501210213, (107.20391273498535, 566.7033380270004)
0.037741631269454956, (185.99374294281006, 514.6573376655579)
0.03765033930540085, (199.5521068572998, 575.4758694767952)
0.03756241127848625, (140.6072974205017, 480.5456590652466)
0.0373864583671093, (268.1201934814453, 579.7615447640419)
0.03621148318052292, (173.55530261993408, 463.2628747820854)
0.03615829348564148, (267.3281669616699, 831.9345211982727)
0.035569384694099426, (170.31238079071045, 543.2225927710533)
0.03438697010278702, (240.9400463104248, 538.049528002739)
0.0343058705329895, (196.7789649963379, 477.76880353689194)
0.033200953155756, (191.44797325134277, 579.0160419046879)
0.03315596282482147, (247.29032516479492, 592.7292826771736)
0.03241292014718056, (208.17580223083496, 524.8904731869698)
0.0320131741464138, (170.94953060150146, 555.9665510058403)
0.03199446201324463, (201.9637107849121, 474.4846159219742)
0.031208785250782967, (257.1059226989746, 841.524658203125)
0.031118515878915787, (193.06790828704834, 479.310270100832)
0.02969573810696602, (228.25770378112793, 581.7903210222721)
0.02907334826886654, (210.3590726852417, 595.1745909452438)
0.028990520164370537, (248.1212615966797, 572.8730320930481)
0.028415847569704056, (179.6541929244995, 481.0127991437912)
0.02800530008971691, (210.20588874816895, 563.569612801075)
0.027841029688715935, (132.3642373085022, 487.1794383227825)
0.027424920350313187, (233.53331089019775, 601.250908523798)
0.027134260162711143, (193.4340238571167, 479.5309580862522)
0.026581883430480957, (239.4507884979248, 597.5095920264721)
0.02638058178126812, (270.00837326049805, 578.7051427364349)
0.02624027244746685, (207.74297714233398, 579.2604696750641)
0.025763429701328278, (232.2051763534546, 579.7727705538273)
0.025211194530129433, (191.72059297561646, 482.9627004265785)
0.025203242897987366, (247.37660884857178, 557.1133850514889)
0.025149991735816002, (104.15825843811035, 463.29121530056)
0.025058256462216377, (88.7460470199585, 463.9635480940342)
0.02505301497876644, (123.82088899612427, 483.31968054175377)
0.02487908862531185, (201.87764167785645, 476.1853414773941)
0.024613380432128906, (241.92047119140625, 576.7941452562809)
0.02459688112139702, (248.9760398864746, 602.73646697402)
0.024493005126714706, (131.35864734649658, 482.1527136862278)
0.0242731012403965, (205.72376251220703, 471.14562436938286)
0.023855060338974, (180.12008666992188, 476.2559351325035)
0.02368416264653206, (98.80844950675964, 568.3751709759235)
0.023625986650586128, (107.64039754867554, 560.5298897624016)
0.023623548448085785, (172.46347665786743, 570.6488166749477)
0.02344520390033722, (182.89170265197754, 481.2324197590351)
0.023227661848068237, (236.07442378997803, 614.9420289695263)
0.023010851815342903, (124.36823844909668, 486.7744265496731)
0.02281470037996769, (260.5801582336426, 583.4142695367336)
0.022641271352767944, (204.03459072113037, 473.46722811460495)
0.02257973700761795, (207.2676420211792, 467.05060347914696)
0.022517351433634758, (224.9241590499878, 584.0177017450333)
0.02246958762407303, (116.18489027023315, 564.0141172707081)
0.02219449169933796, (107.90493488311768, 569.978324174881)
0.02200116403400898, (246.52607440948486, 619.3150445818901)
0.021959086880087852, (121.9048261642456, 492.60241493582726)
0.02171821892261505, (122.4621057510376, 570.8797734975815)
0.02171795628964901, (42.925646901130676, 715.0960594415665)
0.021700730547308922, (104.79516983032227, 449.3172785639763)
0.021680470556020737, (116.59460067749023, 548.7447980046272)
0.02145090326666832, (35.34013330936432, 724.572466313839)
0.021410249173641205, (276.62527561187744, 542.0583127439022)
0.02112695388495922, (187.53312826156616, 400.2881447970867)
0.02107090875506401, (81.26657009124756, 516.5883207321167)
0.020793506875634193, (122.665274143219, 481.5904304385185)
0.020769154652953148, (121.24179601669312, 558.099083006382)
0.02068132534623146, (54.70393896102905, 719.9026849865913)
0.020587611943483353, (259.98902320861816, 625.2377712726593)
0.02049037255346775, (116.50733947753906, 580.0449499487877)
0.020397286862134933, (230.49869537353516, 583.184564113617)
0.02039390243589878, (120.85552215576172, 465.19816413521767)
0.020373350009322166, (241.53666496276855, 574.360541254282)
0.020308615639805794, (221.8092918395996, 583.677541911602)
0.020279746502637863, (42.95150637626648, 724.4153788685799)
0.020026203244924545, (176.15668773651123, 541.6385418176651)
0.0200016088783741, (35.543179512023926, 725.0578621029854)
0.019936734810471535, (42.78378486633301, 723.218746483326)
0.019757933914661407, (255.76446056365967, 567.3695978522301)
0.01971924677491188, (179.30946350097656, 479.3690490722656)
0.019579259678721428, (250.9160280227661, 626.1152231693268)
0.01953694596886635, (55.3519606590271, 704.9413204193115)
0.019495762884616852, (116.42374992370605, 556.8815816938877)
0.01936814934015274, (189.3334984779358, 479.96364787220955)
0.018970118835568428, (70.59341669082642, 718.4777089953423)
0.018882786855101585, (88.05598616600037, 450.1105186343193)
0.018875718116760254, (278.4602880477905, 526.8108193576336)
0.01884448155760765, (117.82389879226685, 494.72523018717766)
0.01869044452905655, (113.4434700012207, 461.072042286396)
0.01843859627842903, (141.95401668548584, 484.02366638183594)
0.01843622699379921, (276.54552459716797, 555.17743319273)
0.01833873800933361, (269.18344497680664, 604.3579494953156)
0.018233545124530792, (92.39616990089417, 522.7993845939636)
0.01813945733010769, (71.20703458786011, 728.442676961422)
0.017901267856359482, (177.4977445602417, 569.2247240245342)
0.017892692238092422, (268.4077501296997, 619.7428759932518)
0.017833147197961807, (115.78834056854248, 422.43817389011383)
0.017813047394156456, (138.20116519927979, 509.937279522419)
0.01778988726437092, (203.76455783843994, 480.2320730686188)
0.017665419727563858, (100.2385139465332, 571.0183843970299)
0.017651738598942757, (113.50407600402832, 548.670045286417)
0.01750996708869934, (255.53350448608398, 571.7274862527847)
0.01749373972415924, (50.9677529335022, 720.5521613359451)
0.017432166263461113, (104.95582818984985, 481.59400060772896)
0.01730729639530182, (208.48164558410645, 473.4734483063221)
0.017249897122383118, (134.03730392456055, 762.7044498920441)
0.01710355281829834, (116.50240421295166, 488.6696343123913)
0.017083756625652313, (102.72847414016724, 563.5194464027882)
0.017064332962036133, (38.52391839027405, 715.0615355372429)
0.017023464664816856, (121.9366192817688, 754.0831169486046)
0.01696114055812359, (236.90996170043945, 582.5800277292728)
0.016559986397624016, (34.920865297317505, 724.2973056435585)
0.01648804545402527, (276.1833906173706, 637.1329861879349)
0.016387460753321648, (91.48858189582825, 458.5302658379078)
0.016372088342905045, (143.37077140808105, 428.9009530842304)
0.0160954799503088, (261.4084243774414, 609.3087804317474)
0.015943875536322594, (86.9532823562622, 729.725655913353)
0.015937121585011482, (117.3815131187439, 749.7889026999474)
0.01591583527624607, (27.794262766838074, 726.012753546238)
0.015908503904938698, (105.12264966964722, 495.78233152627945)
0.0157963577657938, (241.56568050384521, 624.4167795777321)
0.015767185017466545, (28.179091215133667, 728.4047669172287)
0.01563994213938713, (301.7442226409912, 578.6626687645912)
0.015587745234370232, (83.49493741989136, 466.4001701772213)
0.015583720989525318, (138.1280541419983, 601.3014429807663)
0.015545539557933807, (134.92121696472168, 749.9908196926117)
0.015491999685764313, (118.3617353439331, 735.0658929347992)
0.01541497465223074, (99.909508228302, 461.0235321521759)
0.01539715938270092, (90.95239043235779, 465.520289093256)
0.015353696420788765, (91.74659848213196, 468.1572823226452)
0.015333358198404312, (278.3989191055298, 584.2050436139107)
0.015314944088459015, (199.29673671722412, 481.47474959492683)
0.015190484002232552, (42.87822246551514, 721.7733064293861)
0.01517932303249836, (80.69869875907898, 461.2937608361244)
0.015178916975855827, (55.35098314285278, 727.9460921883583)
0.015165102668106556, (83.86752009391785, 468.94194662570953)
0.015140742994844913, (71.31913900375366, 700.6403338909149)
0.01513748150318861, (302.9074192047119, 548.811784684658)
0.015123019926249981, (50.62322020530701, 718.8940569758415)
0.015116472728550434, (139.4409418106079, 497.2246062755585)
0.015053343027830124, (267.62986183166504, 632.6960387825966)
0.01496055070310831, (277.9292106628418, 570.2126303315163)
0.014898084104061127, (39.08136487007141, 724.3903508782387)
0.014858531765639782, (30.94797134399414, 519.0470999479294)
0.014830855652689934, (112.25066184997559, 425.9819532930851)
0.01467633806169033, (113.66466283798218, 517.8361132740974)
0.01453693863004446, (259.7644329071045, 632.7080374956131)
0.01439211331307888, (174.87835884094238, 484.20662835240364)
0.014295521192252636, (284.0517044067383, 619.1226971149445)
0.014252427965402603, (266.9368267059326, 625.6395441293716)
0.014127607457339764, (35.585591197013855, 723.2289785146713)
0.014120522886514664, (272.0018148422241, 630.6709799170494)
0.014066939242184162, (110.07101535797119, 741.5002211928368)
0.01404388528317213, (38.39341998100281, 723.377306163311)
0.013892654329538345, (72.24806547164917, 464.9999277293682)
0.013854087330400944, (281.8304777145386, 611.5011955797672)
0.013834056444466114, (118.0726408958435, 760.6087237596512)
0.013806293718516827, (86.34748458862305, 716.2338024377823)
0.013711861334741116, (99.74138736724854, 455.6904722750187)
0.013663574121892452, (142.35045909881592, 740.6654641032219)
0.01366162858903408, (144.07949447631836, 770.8108687400818)
0.013500753790140152, (263.61076831817627, 627.696550488472)
0.013376987539231777, (275.091814994812, 625.7322949171066)
0.013369393534958363, (258.63170623779297, 577.2104196250439)
0.013349770568311214, (146.95508480072021, 844.1440582275391)
0.013186901807785034, (212.84286975860596, 572.6060423254967)
0.013002529740333557, (277.1101951599121, 615.1741635799408)
0.012980376370251179, (274.0272521972656, 617.3828469216824)
0.012886237353086472, (263.7537479400635, 599.2529755830765)
0.012851782143115997, (175.66709518432617, 736.1992192268372)
0.012780408374965191, (80.86521625518799, 489.069272428751)
0.01267979945987463, (277.04477310180664, 600.1625221967697)
0.012650879099965096, (266.3560152053833, 570.7105769217014)
0.012639639899134636, (110.8694076538086, 708.6330962181091)
0.012620081193745136, (110.3835940361023, 767.5280797481537)
0.012586774304509163, (115.51603078842163, 463.42555671930313)
0.012424598447978497, (27.444171905517578, 723.6218443512917)
0.01242071483284235, (201.1409044265747, 743.550528883934)
0.0124059421941638, (92.68150329589844, 460.8174929022789)
0.012366360053420067, (144.08066272735596, 546.9449910521507)
0.012320945970714092, (88.91110420227051, 492.3687344789505)
0.012244844809174538, (46.23476564884186, 712.2360962629318)
0.012141067534685135, (337.2601509094238, 577.042253613472)
0.01213657297194004, (140.71171283721924, 488.13521310687065)
0.012125874869525433, (122.2597599029541, 744.119915664196)
0.012041854672133923, (167.98269748687744, 730.0188514590263)
0.012040816247463226, (174.7530221939087, 768.0019184947014)
0.011999721638858318, (291.97118282318115, 617.7942261099815)
0.01195761002600193, (104.04553413391113, 573.2838223874569)
0.011941987089812756, (47.00770378112793, 732.7386578917503)
0.011878469958901405, (143.62382888793945, 515.4774092137814)
0.011866721324622631, (167.5290584564209, 747.6198592782021)
0.011831214651465416, (301.7329692840576, 608.8145144283772)
0.011827167123556137, (72.04113006591797, 649.7091096639633)
0.011786453425884247, (151.41339302062988, 746.4024683833122)
0.011712603271007538, (300.03912448883057, 609.6462534368038)
0.011646658182144165, (88.55528235435486, 509.3889456987381)
0.0116439089179039, (30.82249164581299, 458.4738424420357)
0.011601888574659824, (72.38190174102783, 539.8065665364265)
0.011582809500396252, (78.64779233932495, 710.6403410434723)
0.011562824249267578, (59.27107334136963, 721.9655066728592)
0.011550819501280785, (102.60465145111084, 733.8276699185371)
0.011537090875208378, (151.35003328323364, 760.4196152091026)
0.011516576632857323, (200.8944272994995, 758.2731705904007)
0.01150387991219759, (72.29812741279602, 633.3471345901489)
0.011486433446407318, (184.5167875289917, 746.7696437239647)
0.011442067101597786, (114.73596096038818, 757.468888759613)
0.01136074960231781, (184.6044659614563, 731.6500875353813)
0.0113339489325881, (102.39876508712769, 747.152351140976)
0.011280163191258907, (51.181286573410034, 726.0617053508759)
0.01126931980252266, (23.302358388900757, 723.0898523330688)
0.011256495490670204, (103.72616052627563, 681.8429145216942)
0.01123700849711895, (27.599790692329407, 993.7356939911842)
0.011232532560825348, (153.3919334411621, 518.1472332775593)
0.011231129989027977, (88.08715343475342, 382.38981917500496)
0.011215032078325748, (278.4059524536133, 631.337975859642)
0.011203114874660969, (67.45458245277405, 714.8573365807533)
0.01116822101175785, (103.51932048797607, 700.9319099783897)
0.01115807332098484, (168.00180673599243, 714.0763160586357)
0.011153260245919228, (102.70973443984985, 716.9019761681557)
0.011114002205431461, (216.08164310455322, 728.5531681776047)
0.011110109277069569, (152.09472179412842, 838.7668681144714)
0.011012879200279713, (35.258930921554565, 992.8921034932137)
0.010932243429124355, (35.366156697273254, 983.2748773694038)
0.010841170325875282, (142.94743537902832, 798.228884935379)
0.010829608887434006, (207.51006603240967, 735.5866223573685)
0.010750907473266125, (119.35547590255737, 715.8389490842819)
0.010746704414486885, (91.86816215515137, 644.9414983391762)
0.010729299858212471, (35.344162583351135, 928.9122420549393)
0.010508181527256966, (27.697843313217163, 851.5954062342644)
0.010453833267092705, (293.6917304992676, 584.0533298254013)
0.010411138646304607, (72.04684019088745, 523.8966043293476)
0.010337119922041893, (134.58632230758667, 775.8296433091164)
0.010283242911100388, (130.079185962677, 759.8003196716309)
0.010269246995449066, (135.82847118377686, 666.8919292092323)
0.010183034464716911, (273.5813856124878, 894.050607085228)
0.010114028118550777, (103.31107378005981, 761.5784111618996)
0.010096137411892414, (106.5566897392273, 755.9097921848297)
0.010080937296152115, (186.6621732711792, 747.3449194431305)
0.010042124427855015, (34.9136620759964, 991.418764591217)
0.010024904273450375, (88.02953958511353, 789.6510565280914)
0.009956159628927708, (59.771597385406494, 725.8979192376137)
0.009838765487074852, (47.17048406600952, 677.3533347249031)
