0.1875106543302536, (530.8634719848633, 974.7903988957405)
0.1419343203306198, (528.8517837524414, 978.4679600596428)
0.1380026638507843, (532.9775338172913, 975.8827186226845)
0.1372508406639099, (540.608491897583, 974.4808500409126)
0.10624787211418152, (544.0244841575623, 974.60265147686)
0.10013148188591003, (537.4404449462891, 969.5426082611084)
0.08447969704866409, (541.5415849685669, 978.7156944870949)
0.07474967837333679, (538.7601976394653, 976.3233649134636)
0.054363127797842026, (531.2874121665955, 972.416025698185)
0.052534013986587524, (449.52818632125854, 1108.1438230872154)
0.04938211664557457, (538.9433979988098, 979.0138021111488)
0.04209241643548012, (438.2918744087219, 1104.5325257182121)
0.0415140762925148, (533.147367477417, 979.2538295984268)
0.03996098041534424, (433.1144366264343, 1097.0748295783997)
0.039318423718214035, (537.5197401046753, 953.1148282885551)
0.03845898061990738, (527.9320573806763, 965.7125768065453)
0.0367857851088047, (546.3985352516174, 975.7685446739197)
0.03564555570483208, (531.8568196296692, 978.5454267263412)
0.03544614091515541, (445.0472092628479, 1102.4490299224854)
0.03266195207834244, (450.929705619812, 1110.7888926267624)
0.03144364058971405, (542.683671951294, 963.5450991988182)
0.03040689043700695, (340.61155223846436, 908.4662991762161)
0.029636865481734276, (447.13394594192505, 1111.1050360798836)
0.028610415756702423, (531.5411705970764, 976.2814137339592)
0.02751864865422249, (451.5632314682007, 1114.7066401839256)
0.0270235575735569, (463.38315296173096, 1106.1511420607567)
0.026970727369189262, (531.8345417976379, 971.0595247745514)
0.02677854895591736, (539.8288025856018, 973.7436851859093)
0.02637695148587227, (439.09025621414185, 1111.7330325245857)
0.02633495070040226, (458.05572271347046, 1114.2093439102173)
0.026036083698272705, (539.9477453231812, 978.2766372561455)
0.02584964781999588, (546.354745388031, 976.4607391357422)
0.02536057122051716, (451.2799549102783, 802.7092825174332)
0.024914953857660294, (547.3535232543945, 979.4967968463898)
0.024399027228355408, (531.9583578109741, 965.5612188577652)
0.024353692308068275, (528.846875667572, 943.7393752932549)
0.024143356829881668, (539.3424844741821, 967.1877804994583)
0.02392403781414032, (540.1559038162231, 983.3035485744476)
0.023397494107484818, (429.7617621421814, 1100.2500094771385)
0.023316742852330208, (445.0723762512207, 1095.7978610992432)
0.023066241294145584, (338.39187955856323, 907.5662556886673)
0.023020442575216293, (526.526743888855, 981.6357508301735)
0.022941984236240387, (547.1926703453064, 982.1124687790871)
0.02278464287519455, (518.3273878097534, 975.4914126396179)
0.022669965401291847, (513.7660365104675, 957.6199718117714)
0.022555483505129814, (525.8877182006836, 978.9852784872055)
0.02254955656826496, (464.82867097854614, 1114.3360714316368)
0.022489197552204132, (243.20784068107605, 717.1106815934181)
0.02198493480682373, (533.4832754135132, 980.1182781457901)
0.021658940240740776, (513.4315557479858, 943.7712359428406)
0.021622473374009132, (540.7519402503967, 986.4218401312828)
0.021309789270162582, (524.1026372909546, 975.7233359217644)
0.021302497014403343, (437.9847536087036, 1107.3373752236366)
0.021254675462841988, (384.8526463508606, 915.0604207515717)
0.020756416022777557, (525.6782021522522, 978.933157324791)
0.020755276083946228, (436.25724697113037, 1103.1331201791763)
0.02073340117931366, (530.680027961731, 984.0103623867035)
0.020514773204922676, (386.07507276535034, 899.3808495998383)
0.02046026848256588, (509.4759178161621, 943.0935019254684)
0.020303353667259216, (355.67627477645874, 874.4891013503075)
0.020297933369874954, (354.51782751083374, 900.2953535318375)
0.02027660235762596, (435.93749046325684, 817.7289171218872)
0.020178595557808876, (465.31359672546387, 799.4744334220886)
0.020052140578627586, (516.9830250740051, 967.6922275424004)
0.01982683502137661, (338.4673457145691, 896.4542781114578)
0.019636299461126328, (420.39456033706665, 1089.4460711479187)
0.019584715366363525, (464.93724060058594, 795.0891050100327)
0.01929168403148651, (518.5186986923218, 975.3518931865692)
0.0192741509526968, (452.1796660423279, 1123.0734374523163)
0.019232792779803276, (354.39599561691284, 893.7827507257462)
0.019180819392204285, (353.2956795692444, 868.5294913649559)
0.019080791622400284, (545.1746468544006, 982.9104946255684)
0.01902146264910698, (341.0395302772522, 905.8503094315529)
0.018766295164823532, (293.44607496261597, 479.8377103507519)
0.018735898658633232, (511.01528120040894, 973.5928834080696)
0.018315091729164124, (518.0496110916138, 976.742797255516)
0.018248630687594414, (524.3052959442139, 978.3042868971825)
0.018231304362416267, (479.813193321228, 787.2583770751953)
0.01820491813123226, (555.5191841125488, 948.1681644916534)
0.018147043883800507, (475.53229904174805, 1092.423333644867)
0.01810530573129654, (420.56421995162964, 831.6341440677643)
0.01779014617204666, (513.7322020530701, 924.4084624648094)
0.017722755670547485, (543.5520896911621, 940.2115830183029)
0.01767560839653015, (436.84110021591187, 816.4010987281799)
0.017564520239830017, (436.15720558166504, 1103.99597966671)
0.017481599003076553, (430.80398178100586, 815.3578014969826)
0.01744086667895317, (449.7323417663574, 1109.0222553610802)
0.01741800270974636, (308.94688606262207, 465.4953727722168)
0.017414527013897896, (418.6234726905823, 927.2261039018631)
0.01720728538930416, (356.3610396385193, 865.0129814147949)
0.017146596685051918, (356.78410959243774, 880.3954778313637)
0.017039941623806953, (467.38759326934814, 876.1575347185135)
0.017022179439663887, (342.5679636001587, 588.462344378233)
0.016986871138215065, (460.53228664398193, 875.6028733849525)
0.01696244440972805, (418.1125445365906, 1072.3391270041466)
0.016900543123483658, (371.51094007492065, 904.4255583882332)
0.016840964555740356, (450.09585332870483, 792.8467826843262)
0.016797874122858047, (514.8521852493286, 963.2465943098068)
0.016791079193353653, (353.8422522544861, 906.6314912438393)
0.016789188608527184, (406.5364956855774, 832.7841466665268)
0.016763964667916298, (460.7539162635803, 881.0105234384537)
0.016712075099349022, (229.71422743797302, 717.9549490809441)
0.016621936112642288, (347.63394260406494, 867.7815209031105)
0.01659095287322998, (544.0901689529419, 914.3926183581352)
0.01650167442858219, (547.7476668357849, 850.8040056824684)
0.016436824575066566, (453.87382555007935, 967.0041646361351)
0.016434598714113235, (517.5683054924011, 975.0382922291756)
0.016402162611484528, (428.91012239456177, 812.5777413249016)
0.01631566509604454, (547.9243230819702, 962.0733914375305)
0.016266698017716408, (327.21063566207886, 872.1382462382317)
0.01622680202126503, (428.6401777267456, 908.0794425606728)
0.016197239980101585, (436.8433976173401, 1098.2298377156258)
0.01619522087275982, (445.82735109329224, 811.6564838886261)
0.016180776059627533, (555.4129467010498, 974.79572224617)
0.016146410256624222, (325.4248585700989, 853.3113037347794)
0.0161039549857378, (267.3739800453186, 786.4211014509201)
0.01600661687552929, (294.1075873374939, 466.5063326358795)
0.01597840152680874, (547.9539804458618, 951.1321583390236)
0.015962522476911545, (429.5853147506714, 1103.628827393055)
0.01595202460885048, (382.21891927719116, 855.3001710176468)
0.015913797542452812, (539.9172177314758, 980.5199924707413)
0.01582382619380951, (422.4609684944153, 1101.5679756999016)
0.015820374712347984, (450.7444167137146, 892.5723638534546)
0.015804478898644447, (461.56514263153076, 887.9603560566902)
0.015775224193930626, (427.58170223236084, 903.4003764390945)
0.015614970587193966, (452.8604974746704, 961.5679115056992)
0.015529273077845573, (537.878830909729, 915.4843819141388)
0.01552202831953764, (468.6489362716675, 543.6285308897495)
0.015521074645221233, (499.5143156051636, 934.1009328961372)
0.015520310029387474, (242.3456711769104, 703.5049924254417)
0.01551908440887928, (464.9374146461487, 880.4129574894905)
0.015510913915932178, (555.4415946006775, 967.7266306877136)
0.015500891022384167, (442.12860441207886, 1099.4590549468994)
0.015468918718397617, (384.6018466949463, 872.227154135704)
0.015458464622497559, (461.1414461135864, 794.7498407363892)
0.015414120629429817, (555.4572238922119, 978.5699777007103)
0.01537146046757698, (415.05024766921997, 867.2171663045883)
0.015360256657004356, (231.08829975128174, 727.3925343155861)
0.015284104272723198, (307.13991022109985, 475.52957051992416)
0.015247941017150879, (442.7526273727417, 1105.2585671544075)
0.015045687556266785, (355.5058841705322, 590.8112926185131)
0.015037153847515583, (444.30674982070923, 811.8705302476883)
0.015011821873486042, (386.7084593772888, 842.8682408928871)
0.014986172318458557, (544.5240993499756, 847.4776267409325)
0.01497576478868723, (461.2152066230774, 795.7623896598816)
0.014872986823320389, (453.2023229598999, 802.481172978878)
0.014871206134557724, (349.51648902893066, 871.9062435030937)
0.01486886665225029, (547.3455171585083, 949.0802053809166)
0.014798478223383427, (422.3185992240906, 1098.6889171004295)
0.01468691136687994, (417.41225481033325, 902.0536482334137)
0.014620800502598286, (435.78321647644043, 893.4202861785889)
0.014587272889912128, (477.16923236846924, 778.7417314648628)
0.014535975642502308, (468.4456858634949, 795.2511096596718)
0.014521084725856781, (511.18302631378174, 975.521048605442)
0.014458931051194668, (422.78396224975586, 818.3290255665779)
0.014457897283136845, (500.6061382293701, 969.2599145174026)
0.01437463890761137, (417.7826933860779, 812.7959986925125)
0.014309436082839966, (436.8907380104065, 824.3980423212051)
0.014308534562587738, (298.7392530441284, 473.8238736987114)
0.014299895614385605, (429.92226696014404, 818.5869299769402)
0.014268587343394756, (555.603108882904, 960.5470200181007)
0.014194092713296413, (438.4399175643921, 1114.2984107136726)
0.01417238637804985, (260.08845019340515, 650.6948931217194)
0.014162082225084305, (442.74409914016724, 1095.1267216801643)
0.014146334491670132, (476.2882137298584, 809.3645828962326)
0.014124237932264805, (339.74118518829346, 865.4957377910614)
0.014119498431682587, (326.89697074890137, 899.0315742492676)
0.01408482063561678, (467.4030485153198, 867.307424902916)
0.014084767550230026, (464.6680965423584, 1091.1899054050446)
0.014080828987061977, (417.6596083641052, 845.5749659538269)
0.014048263430595398, (453.2817225456238, 970.7591130137444)
0.01403890736401081, (385.79106521606445, 1060.7306476831436)
0.014034566469490528, (372.81944942474365, 878.6972495913506)
0.014026636257767677, (540.1705932617188, 856.0904104709625)
0.014020089991390705, (396.14315605163574, 653.6933695673943)
0.013975598849356174, (402.6655135154724, 1053.8155360221863)
0.013967927545309067, (386.7158737182617, 676.7190054059029)
0.013965011574327946, (466.037974357605, 891.3660290837288)
0.013920983299612999, (451.35952854156494, 811.7206819057465)
0.013889051042497158, (540.3124403953552, 850.4304971694946)
0.01387479342520237, (449.78504276275635, 655.0988532602787)
0.01386402640491724, (448.7231559753418, 1095.4328540563583)
0.013851306401193142, (418.781192779541, 858.9233863353729)
0.013848246075212955, (452.1679005622864, 1117.763276219368)
0.013818681240081787, (371.37320041656494, 892.1026377677917)
0.013806813396513462, (450.7452869415283, 880.3290551304817)
0.013805670663714409, (307.68000841140747, 464.01711013913155)
0.013804404065012932, (509.44215297698975, 970.9842827916145)
0.013735600747168064, (563.3845119476318, 944.9395127296448)
0.013666011393070221, (481.0006365776062, 796.7360066175461)
0.013664532452821732, (478.2280559539795, 1105.1478096842766)
0.013630077242851257, (410.15288400650024, 835.8097165822983)
0.013604885898530483, (446.077419757843, 1117.5939618945122)
0.013601208105683327, (443.74600982666016, 1109.8768517374992)
0.013583613559603691, (346.8806037902832, 912.9438725113869)
0.013580245897173882, (444.05205154418945, 966.8879249095917)
0.013509011827409267, (474.81648445129395, 537.5173643231392)
0.013491508550941944, (404.21880054473877, 1069.2499946951866)
0.01347647700458765, (475.6564631462097, 873.0066674351692)
0.013435300439596176, (326.87963581085205, 915.102689743042)
0.01338093914091587, (388.95295095443726, 671.696066737175)
0.013365198858082294, (417.47748708724976, 854.2588601112366)
0.013358759693801403, (475.4991955757141, 1110.236614882946)
0.013311280868947506, (555.681116104126, 988.2895416021347)
0.013289572671055794, (508.39356327056885, 943.4536623358727)
0.01323253195732832, (404.4627079963684, 653.1909088492393)
0.013208165764808655, (307.4896721839905, 470.4191143810749)
0.013198014348745346, (294.4343752861023, 490.48568245768547)
0.013194008730351925, (466.463933467865, 808.3985139727592)
0.013164632022380829, (295.31776094436646, 956.9127607345581)
0.013163349591195583, (417.89324712753296, 859.96024787426)
0.013122896663844585, (229.0598509311676, 705.6406888365746)
0.013108870945870876, (555.5053300857544, 954.6053664088249)
0.013094629161059856, (482.3759446144104, 1104.5432518720627)
0.01308426819741726, (388.1014504432678, 657.0270581841469)
0.013054310344159603, (342.3114552497864, 636.0907182097435)
0.013037469238042831, (363.6564030647278, 479.3594033420086)
0.012983236461877823, (544.6850218772888, 862.5794951915741)
0.012970593757927418, (355.37552404403687, 575.4454416036606)
0.012962257489562035, (402.77860832214355, 874.455810546875)
0.012961635366082191, (332.85493326187134, 646.9939330518246)
0.012951931916177273, (373.0704231262207, 698.2676895856857)
0.012949518859386444, (324.32704877853394, 589.8176137804985)
0.01285169180482626, (355.6974039077759, 919.680930018425)
0.012839240953326225, (340.6847906112671, 582.9809222221375)
0.012830547988414764, (346.96042108535767, 908.37024050951)
0.012826072983443737, (371.80793142318726, 862.1359885931015)
0.012824979610741138, (296.35371494293213, 870.8837629556656)
0.012804531492292881, (460.88626050949097, 955.9237298965454)
0.012798759154975414, (443.79867601394653, 660.5083704590797)
0.012798192910850048, (499.2201437950134, 962.8500444293022)
0.012756545096635818, (323.22001457214355, 583.7252775728703)
0.012749239802360535, (460.05529737472534, 798.5213153362274)
0.012746214866638184, (419.248818397522, 904.6207743883133)
0.012733379378914833, (260.954692363739, 676.5183071494102)
0.01272968202829361, (352.73246812820435, 927.5513844490051)
0.012706912122666836, (411.39574337005615, 839.2409734725952)
0.012681071646511555, (547.8604831695557, 856.1943349838257)
0.012672308832406998, (479.7749032974243, 1114.4717771410942)
0.012661383487284184, (441.07193899154663, 857.7403312921524)
0.012657837942242622, (403.3987674713135, 859.6994831562042)
0.012651832774281502, (357.8557777404785, 713.5879743099213)
0.012626559473574162, (291.7292547225952, 482.4559247791767)
0.01261087041348219, (313.2421565055847, 861.1106477379799)
0.01261079777032137, (539.9114394187927, 793.526105761528)
0.012548583559691906, (528.716724395752, 919.1491511464119)
0.012540845200419426, (231.62905931472778, 706.7168001532555)
0.012538454495370388, (356.1937470436096, 1058.7993838191032)
0.012536216527223587, (445.45966243743896, 978.3898577690125)
0.012536199763417244, (380.2309012413025, 695.0385611057281)
0.012524210847914219, (356.1428909301758, 589.2419768571854)
0.01252115610986948, (450.0944609642029, 1097.6360060572624)
0.012508786283433437, (276.9303171634674, 650.2200820446014)
0.012500878423452377, (467.43991136550903, 794.4730265140533)
0.012496941722929478, (475.5805096626282, 863.5570847988129)
0.012492004781961441, (372.6896462440491, 590.942906498909)
0.012479753233492374, (442.73014068603516, 917.4926357269287)
0.012423978187143803, (563.6330490112305, 971.7555329799652)
0.012405742891132832, (268.06281757354736, 791.0652877092361)
0.012400509789586067, (458.87425899505615, 1111.1047977209091)
0.0123890470713377, (386.38233280181885, 928.0884072184563)
0.012377604842185974, (276.69098711013794, 634.8402870297432)
0.012374766170978546, (416.25102281570435, 1091.5916991829872)
0.012343602254986763, (508.29940462112427, 927.5381952524185)
0.012343166396021843, (418.126398563385, 1055.6651222109795)
0.012297159992158413, (563.6246948242188, 951.1317610740662)
0.012281503528356552, (260.5496883392334, 640.0434250831604)
0.012279530987143517, (450.8546223640442, 903.566194832325)
0.01225808821618557, (467.2635335922241, 894.257720708847)
0.012253707274794579, (340.4452691078186, 574.6829709708691)
0.01224910281598568, (481.4369339942932, 875.9860751628876)
0.012244689278304577, (498.4063415527344, 917.7272604107857)
0.012231690809130669, (293.23582792282104, 615.7175013124943)
0.012223011814057827, (465.1280641555786, 862.472472012043)
0.012197831645607948, (414.6100516319275, 1062.5695871710777)
0.012186972424387932, (413.2797169685364, 1047.383260190487)
0.01216928195208311, (308.5573720932007, 590.315664857626)
0.01216434221714735, (260.12353777885437, 786.496184527874)
0.012162302620708942, (459.55272340774536, 892.1546000242233)
0.012151232920587063, (340.6924138069153, 831.0058298110962)
0.012139693833887577, (402.5585799217224, 1037.9613271951675)
0.01213766448199749, (468.7494649887085, 1020.6184076666832)
0.01213766448199749, (500.7350363731384, 926.0281116962433)
0.012130056507885456, (388.7885823249817, 1052.3444638848305)
0.012106184847652912, (467.295175075531, 881.640188395977)
0.012103179469704628, (556.0004200935364, 1003.3067926168442)
0.012091035954654217, (236.49666118621826, 991.1458766460419)
0.012086906470358372, (354.11418104171753, 842.6956689953804)
0.012083440087735653, (450.43304920196533, 638.1908991336823)
0.012076285667717457, (450.85096740722656, 1106.2103345394135)
0.012059077620506287, (467.06352043151855, 1115.3488587141037)
0.01204585935920477, (475.52652072906494, 877.0841155052185)
0.012036659754812717, (437.05416679382324, 978.6667514443398)
0.012028537690639496, (563.6353464126587, 970.9896061420441)
0.012025228701531887, (478.3878993988037, 903.8928260803223)
0.01200921181589365, (292.50598526000977, 605.8041118383408)
0.01200879830867052, (244.34592461585999, 728.8684530854225)
0.011992041021585464, (388.10339975357056, 878.1680926680565)
0.011989871971309185, (560.5885047912598, 863.8833982348442)
0.011986766010522842, (371.0872435569763, 702.1641437411308)
